time = 12.0001	Re = 1	40	80
0
0.208544	0.024683	0.012077	1
0.228406	0.027034	0.008005	2
0.248267	0.029384	0.004766	3
0.268128	0.031735	0.002212	4
0.287990	0.034086	0.000531	5
0.307851	0.036437	0.000132	6
0.327713	0.038787	0.001576	7
0.347574	0.041138	0.005535	8
0.367435	0.043489	0.012766	9
0.387297	0.045840	0.024093	10
0.407158	0.048190	0.040387	11
0.427019	0.050541	0.062559	12
0.446881	0.052892	0.091546	13
0.466742	0.055243	0.128299	14
0.486604	0.057593	0.173782	15
0.506465	0.059944	0.228956	16
0.526326	0.062295	0.294787	17
0.546188	0.064646	0.372232	18
0.566049	0.066996	0.462265	19
0.585910	0.069347	0.565834	20
0.605772	0.071698	0.683933	21
0.625633	0.074049	0.817600	22
0.645494	0.076399	0.967856	23
0.665356	0.078750	1.135826	24
0.685217	0.081101	1.322721	25
0.705079	0.083452	1.529848	26
0.724940	0.085802	1.758614	27
0.744801	0.088153	2.010630	28
0.764663	0.090504	2.287587	29
0.784524	0.092855	2.591330	30
0.804385	0.095206	2.923953	31
0.824247	0.097556	3.287616	32
0.844108	0.099907	3.684722	33
0.863970	0.102258	4.117860	34
0.883831	0.104609	4.589634	35
0.903692	0.106959	5.102747	36
0.923554	0.109310	5.660106	37
0.943415	0.111661	6.264666	38
0.963276	0.114012	6.919331	39
0.983138	0.116362	7.626824	40
1
0.205965	0.040969	0.011924	1
0.225581	0.044871	0.008064	2
0.245196	0.048772	0.004998	3
0.264812	0.052674	0.002497	4
0.284428	0.056576	0.000744	5
0.304043	0.060478	0.000170	6
0.323659	0.064380	0.001370	7
0.343275	0.068281	0.005051	8
0.362891	0.072183	0.012012	9
0.382506	0.076085	0.023118	10
0.402122	0.079987	0.039287	11
0.421738	0.083889	0.061472	12
0.441353	0.087790	0.090654	13
0.460969	0.091692	0.127824	14
0.480585	0.095594	0.173975	15
0.500201	0.099496	0.230089	16
0.519816	0.103398	0.297132	17
0.539432	0.107299	0.376044	18
0.559048	0.111201	0.467767	19
0.578663	0.115103	0.573189	20
0.598279	0.119005	0.693215	21
0.617895	0.122907	0.828788	22
0.637511	0.126808	0.980831	23
0.657126	0.130710	1.150341	24
0.676742	0.134612	1.338402	25
0.696358	0.138514	1.546223	26
0.715973	0.142416	1.775124	27
0.735589	0.146317	2.026607	28
0.755205	0.150219	2.302368	29
0.774820	0.154121	2.604268	30
0.794436	0.158023	2.934272	31
0.814052	0.161925	3.294730	32
0.833668	0.165826	3.688194	33
0.853283	0.169728	4.117282	34
0.872899	0.173630	4.584817	35
0.892515	0.177532	5.093684	36
0.912130	0.181434	5.647168	37
0.931746	0.185335	6.248397	38
0.951362	0.189237	6.900455	39
0.970978	0.193139	7.606670	40
2
0.202116	0.057002	0.011695	1
0.221365	0.062431	0.008172	2
0.240614	0.067860	0.005375	3
0.259863	0.073289	0.002961	4
0.279112	0.078718	0.001109	5
0.298361	0.084146	0.000284	6
0.317610	0.089575	0.001127	7
0.336859	0.095004	0.004400	8
0.356108	0.100433	0.010954	9
0.375358	0.105862	0.021716	10
0.394607	0.111290	0.037667	11
0.413856	0.116719	0.059830	12
0.433105	0.122148	0.089255	13
0.452354	0.127577	0.126996	14
0.471603	0.133006	0.174100	15
0.490852	0.138434	0.231586	16
0.510101	0.143863	0.300431	17
0.529350	0.149292	0.381569	18
0.548600	0.154721	0.475881	19
0.567849	0.160150	0.584170	20
0.587098	0.165578	0.707229	21
0.606347	0.171007	0.845840	22
0.625596	0.176436	1.000750	23
0.644845	0.181865	1.172770	24
0.664094	0.187294	1.362776	25
0.683343	0.192722	1.571858	26
0.702592	0.198151	1.801118	27
0.721842	0.203580	2.051897	28
0.741091	0.209009	2.325886	29
0.760340	0.214438	2.624874	30
0.779589	0.219866	2.950944	31
0.798838	0.225295	3.306421	32
0.818087	0.230724	3.694088	33
0.837336	0.236153	4.116751	34
0.856585	0.241582	4.577432	35
0.875834	0.247010	5.079567	36
0.895083	0.252439	5.626642	37
0.914333	0.257868	6.222176	38
0.933582	0.263297	6.869835	39
0.952831	0.268726	7.573429	40
3
0.197020	0.072685	0.011379	1
0.215784	0.079607	0.008359	2
0.234548	0.086529	0.005956	3
0.253312	0.093452	0.003676	4
0.272076	0.100374	0.001702	5
0.290839	0.107296	0.000548	6
0.309603	0.114219	0.000916	7
0.328367	0.121141	0.003631	8
0.347131	0.128063	0.009614	9
0.365895	0.134986	0.019869	10
0.384658	0.141908	0.035465	11
0.403422	0.148830	0.057520	12
0.422186	0.155753	0.087184	13
0.440950	0.162675	0.125614	14
0.459714	0.169597	0.173944	15
0.478478	0.176520	0.233265	16
0.497241	0.183442	0.304592	17
0.516005	0.190364	0.388851	18
0.534769	0.197287	0.486873	19
0.553533	0.204209	0.599354	20
0.572297	0.211131	0.726899	21
0.591061	0.218054	0.870068	22
0.609824	0.224976	1.029348	23
0.628588	0.231898	1.205290	24
0.647352	0.238821	1.398448	25
0.666116	0.245743	1.609572	26
0.684880	0.252665	1.839613	27
0.703644	0.259588	2.089679	28
0.722407	0.266510	2.361270	29
0.741171	0.273432	2.656125	30
0.759935	0.280355	2.976414	31
0.778699	0.287277	3.324637	32
0.797463	0.294199	3.703639	33
0.816227	0.301122	4.116639	34
0.834990	0.308044	4.567106	35
0.853754	0.314966	5.058843	36
0.872518	0.321889	5.595824	37
0.891282	0.328811	6.182384	38
0.910046	0.335733	6.822799	39
0.928809	0.342656	7.521566	40
4
0.190710	0.087919	0.010965	1
0.208873	0.096292	0.008672	2
0.227036	0.104665	0.006825	3
0.245199	0.113038	0.004745	4
0.263362	0.121411	0.002634	5
0.281524	0.129785	0.001075	6
0.299687	0.138158	0.000844	7
0.317850	0.146531	0.002839	8
0.336013	0.154904	0.008062	9
0.354176	0.163277	0.017606	10
0.372339	0.171650	0.032649	11
0.390502	0.180024	0.054435	12
0.408664	0.188397	0.084258	13
0.426827	0.196770	0.123423	14
0.444990	0.205143	0.173210	15
0.463153	0.213516	0.234835	16
0.481316	0.221890	0.309402	17
0.499479	0.230263	0.397861	18
0.517642	0.238636	0.501012	19
0.535804	0.247009	0.619399	20
0.553967	0.255382	0.753379	21
0.572130	0.263756	0.903252	22
0.590293	0.272129	1.069089	23
0.608456	0.280502	1.250978	24
0.626619	0.288875	1.449054	25
0.644782	0.297248	1.663600	26
0.662945	0.305622	1.895170	27
0.681107	0.313995	2.144566	28
0.699270	0.322368	2.413081	29
0.717433	0.330741	2.702343	30
0.735596	0.339114	3.014486	31
0.753759	0.347488	3.352312	32
0.771922	0.355861	3.718925	33
0.790085	0.364234	4.117823	34
0.808247	0.372607	4.553128	35
0.826410	0.380980	5.029372	36
0.844573	0.389354	5.551269	37
0.862736	0.397727	6.123860	38
0.880899	0.406100	6.752552	39
0.899062	0.414473	7.442985	40
5
0.183224	0.102610	0.010446	1
0.200674	0.112383	0.009173	2
0.218124	0.122155	0.008086	3
0.235574	0.131928	0.006296	4
0.253024	0.141700	0.004047	5
0.270474	0.151472	0.002017	6
0.287924	0.161245	0.001070	7
0.305374	0.171017	0.002184	8
0.322824	0.180790	0.006442	9
0.340274	0.190562	0.015033	10
0.357724	0.200334	0.029260	11
0.375173	0.210107	0.050525	12
0.392623	0.219879	0.080311	13
0.410073	0.229652	0.120138	14
0.427523	0.239424	0.171514	15
0.444973	0.249196	0.235869	16
0.462423	0.258969	0.314480	17
0.479873	0.268741	0.408411	18
0.497323	0.278514	0.518434	19
0.514773	0.288286	0.644953	20
0.532223	0.298059	0.788085	21
0.549673	0.307831	0.947660	22
0.567123	0.317603	1.123181	23
0.584573	0.327376	1.314049	24
0.602023	0.337148	1.519720	25
0.619472	0.346921	1.739857	26
0.636922	0.356693	1.974278	27
0.654372	0.366465	2.223325	28
0.671822	0.376238	2.487988	29
0.689272	0.386010	2.769721	30
0.706722	0.395783	3.070740	31
0.724172	0.405555	3.393926	32
0.741622	0.415327	3.742856	33
0.759072	0.425100	4.121646	34
0.776522	0.434872	4.535043	35
0.793972	0.444645	4.988562	36
0.811422	0.454417	5.487965	37
0.828872	0.464190	6.039445	38
0.846322	0.473962	6.649651	39
0.863771	0.483734	7.325204	40
6
0.174609	0.116670	0.009824	1
0.191238	0.127781	0.009935	2
0.207867	0.138892	0.009851	3
0.224497	0.150004	0.008459	4
0.241126	0.161115	0.006092	5
0.257756	0.172227	0.003551	6
0.274385	0.183338	0.001799	7
0.291014	0.194449	0.001892	8
0.307644	0.205561	0.004987	9
0.324273	0.216672	0.012366	10
0.340903	0.227784	0.025458	11
0.357532	0.238895	0.045848	12
0.374161	0.250006	0.075254	13
0.390791	0.261118	0.115491	14
0.407420	0.272229	0.168403	15
0.424050	0.283341	0.235771	16
0.440679	0.294452	0.319199	17
0.457308	0.305563	0.419988	18
0.473938	0.316675	0.538999	19
0.490567	0.327786	0.676577	20
0.507197	0.338898	0.832510	21
0.523826	0.350009	1.005983	22
0.540455	0.361120	1.195720	23
0.557085	0.372232	1.400143	24
0.573714	0.383343	1.617587	25
0.590344	0.394454	1.846584	26
0.606973	0.405566	2.086031	27
0.623602	0.416677	2.335552	28
0.640232	0.427789	2.595528	29
0.656861	0.438900	2.867237	30
0.673491	0.450011	3.152950	31
0.690120	0.461123	3.455798	32
0.706749	0.472234	3.779916	33
0.723379	0.483346	4.130239	34
0.740008	0.494457	4.512524	35
0.756638	0.505568	4.933340	36
0.773267	0.516680	5.399781	37
0.789896	0.527791	5.919760	38
0.806526	0.538903	6.501447	39
0.823155	0.550014	7.153579	40
7
0.164917	0.130010	0.009112	1
0.180623	0.142392	0.011015	2
0.196329	0.154773	0.012196	3
0.212036	0.167155	0.011328	4
0.227742	0.179537	0.008888	5
0.243448	0.191919	0.005835	6
0.259155	0.204301	0.003240	7
0.274861	0.216683	0.002227	8
0.290567	0.229065	0.004009	9
0.306274	0.241447	0.009939	10
0.321980	0.253828	0.021560	11
0.337686	0.266210	0.040635	12
0.353393	0.278592	0.069156	13
0.369099	0.290974	0.109311	14
0.384805	0.303356	0.163411	15
0.400512	0.315738	0.233777	16
0.416218	0.328120	0.322576	17
0.431924	0.340501	0.431602	18
0.447631	0.352883	0.562063	19
0.463337	0.365265	0.714374	20
0.479043	0.377647	0.887966	21
0.494750	0.390029	1.081280	22
0.510456	0.402411	1.291891	23
0.526163	0.414793	1.516664	24
0.541869	0.427175	1.752213	25
0.557575	0.439556	1.995298	26
0.573282	0.451938	2.243302	27
0.588988	0.464320	2.494710	28
0.604694	0.476702	2.749090	29
0.620401	0.489084	3.007435	30
0.636107	0.501466	3.272144	31
0.651813	0.513848	3.546844	32
0.667520	0.526230	3.836441	33
0.683226	0.538611	4.146985	34
0.698932	0.550993	4.485443	35
0.714639	0.563375	4.859841	36
0.730345	0.575757	5.279126	37
0.746051	0.588139	5.752929	38
0.761758	0.600521	6.291825	39
0.777464	0.612903	6.907137	40
8
0.154208	0.142548	0.008333	1
0.168894	0.156124	0.012415	2
0.183581	0.169700	0.015094	3
0.198267	0.183276	0.014878	4
0.212954	0.196852	0.012444	5
0.227640	0.210428	0.008935	6
0.242326	0.224004	0.005530	7
0.257013	0.237580	0.003414	8
0.271699	0.251156	0.003826	9
0.286386	0.264732	0.008154	10
0.301072	0.278308	0.018011	11
0.315759	0.291884	0.035310	12
0.330445	0.305460	0.062310	13
0.345132	0.319036	0.101621	14
0.359818	0.332612	0.156156	15
0.374505	0.346188	0.229010	16
0.389191	0.359764	0.323246	17
0.403877	0.373340	0.441594	18
0.418564	0.386916	0.586036	19
0.433250	0.400492	0.757438	20
0.447937	0.414068	0.955121	21
0.462623	0.427644	1.176615	22
0.477310	0.441220	1.417817	23
0.491996	0.454796	1.673230	24
0.506683	0.468372	1.936612	25
0.521369	0.481948	2.201912	26
0.536056	0.495524	2.464069	27
0.550742	0.509100	2.719640	28
0.565428	0.522676	2.967216	29
0.580115	0.536252	3.207481	30
0.594801	0.549828	3.443243	31
0.609488	0.563404	3.678955	32
0.624174	0.576980	3.920775	33
0.638861	0.590556	4.176305	34
0.653547	0.604132	4.454080	35
0.668234	0.617709	4.763980	36
0.682920	0.631285	5.116949	37
0.697607	0.644861	5.524946	38
0.712293	0.658437	6.001272	39
0.726979	0.672013	6.559986	40
9
0.142548	0.154208	0.007511	1
0.156124	0.168894	0.014008	2
0.169700	0.183580	0.018319	3
0.183276	0.198267	0.018864	4
0.196852	0.212953	0.016553	5
0.210428	0.227640	0.012708	6
0.224005	0.242326	0.008616	7
0.237581	0.257013	0.005503	8
0.251157	0.271699	0.004614	9
0.264733	0.286385	0.007326	10
0.278309	0.301072	0.015261	11
0.291885	0.315758	0.030406	12
0.305461	0.330445	0.055222	13
0.319037	0.345131	0.092721	14
0.332613	0.359818	0.146489	15
0.346189	0.374504	0.220613	16
0.359765	0.389191	0.319482	17
0.373341	0.403877	0.447393	18
0.386917	0.418563	0.607915	19
0.400493	0.433250	0.803193	20
0.414069	0.447936	1.033033	21
0.427645	0.462623	1.294219	22
0.441221	0.477309	1.580314	23
0.454797	0.491996	1.882058	24
0.468373	0.506682	2.188449	25
0.481949	0.521368	2.488575	26
0.495525	0.536055	2.773303	27
0.509101	0.550741	3.036289	28
0.522677	0.565428	3.274891	29
0.536253	0.580114	3.489861	30
0.549829	0.594801	3.685058	31
0.563405	0.609487	3.866651	32
0.576981	0.624174	4.042829	33
0.590557	0.638860	4.223308	34
0.604133	0.653546	4.418757	35
0.617709	0.668233	4.641170	36
0.631285	0.682919	4.903621	37
0.644861	0.697606	5.220509	38
0.658437	0.712292	5.607971	39
0.672014	0.726979	6.083530	40
10
0.130010	0.164916	0.006653	1
0.142392	0.180623	0.015467	2
0.154774	0.196329	0.021352	3
0.167156	0.212035	0.022731	4
0.179537	0.227742	0.020702	5
0.191919	0.243448	0.016719	6
0.204301	0.259154	0.012143	7
0.216683	0.274861	0.008230	8
0.229065	0.290567	0.006218	9
0.241447	0.306273	0.007444	10
0.253829	0.321980	0.013479	11
0.266211	0.337686	0.026288	12
0.278593	0.353392	0.048400	13
0.290974	0.369099	0.083093	14
0.303356	0.384805	0.134554	15
0.315738	0.400511	0.207951	16
0.328120	0.416218	0.309379	17
0.340502	0.431924	0.445496	18
0.352884	0.447630	0.622755	19
0.365266	0.463337	0.846165	20
0.377648	0.479043	1.117592	21
0.390030	0.494749	1.433989	22
0.402412	0.510456	1.786074	23
0.414793	0.526162	2.158505	24
0.427175	0.541868	2.531826	25
0.439557	0.557575	2.886214	26
0.451939	0.573281	3.205513	27
0.464321	0.588987	3.479355	28
0.476703	0.604694	3.703978	29
0.489085	0.620400	3.881525	30
0.501467	0.636106	4.018560	31
0.513849	0.651813	4.124676	32
0.526230	0.667519	4.211426	33
0.538612	0.683225	4.291500	34
0.550994	0.698932	4.378303	35
0.563376	0.714638	4.485902	36
0.575758	0.730344	4.629432	37
0.588140	0.746051	4.825317	38
0.600522	0.761757	5.091896	39
0.612904	0.777463	5.450264	40
11
0.116670	0.174609	0.005727	1
0.127781	0.191238	0.016236	2
0.138893	0.207867	0.023378	3
0.150004	0.224497	0.025622	4
0.161116	0.241126	0.024096	5
0.172227	0.257755	0.020255	6
0.183338	0.274385	0.015464	7
0.194450	0.291014	0.010987	8
0.205561	0.307644	0.008052	9
0.216673	0.324273	0.007959	10
0.227784	0.340902	0.012209	11
0.238895	0.357532	0.022674	12
0.250007	0.374161	0.041809	13
0.261118	0.390791	0.072927	14
0.272230	0.407420	0.120535	15
0.283341	0.424049	0.190674	16
0.294453	0.440679	0.291193	17
0.305564	0.457308	0.431778	18
0.316675	0.473937	0.623375	19
0.327787	0.490567	0.876599	20
0.338898	0.507196	1.198924	21
0.350010	0.523826	1.590520	22
0.361121	0.540455	2.039902	23
0.372232	0.557084	2.521890	24
0.383344	0.573714	3.000584	25
0.394455	0.590343	3.438740	26
0.405567	0.606973	3.807857	27
0.416678	0.623602	4.092516	28
0.427790	0.640231	4.290204	29
0.438901	0.656861	4.408189	30
0.450012	0.673490	4.459490	31
0.461124	0.690119	4.460150	32
0.472235	0.706749	4.427137	33
0.483347	0.723378	4.377154	34
0.494458	0.740008	4.326360	35
0.505569	0.756637	4.290673	36
0.516681	0.773266	4.286242	37
0.527792	0.789896	4.330277	38
0.538904	0.806525	4.442088	39
0.550015	0.823155	4.644284	40
12
0.102610	0.183224	0.004654	1
0.112382	0.200674	0.015635	2
0.122155	0.218124	0.023466	3
0.131927	0.235574	0.026591	4
0.141700	0.253024	0.025878	5
0.151472	0.270474	0.022580	6
0.161244	0.287924	0.017939	7
0.171017	0.305374	0.013154	8
0.180789	0.322824	0.009416	9
0.190561	0.340274	0.007998	10
0.200334	0.357724	0.010363	11
0.210106	0.375174	0.018308	12
0.219879	0.392624	0.034169	13
0.229651	0.410074	0.061121	14
0.239423	0.427524	0.103622	15
0.249196	0.444974	0.168024	16
0.258968	0.462424	0.263341	17
0.268740	0.479873	0.402124	18
0.278513	0.497323	0.600920	19
0.288285	0.514773	0.879512	20
0.298058	0.532223	1.257625	21
0.307830	0.549673	1.747272	22
0.317602	0.567123	2.340651	23
0.327375	0.584573	2.997787	24
0.337147	0.602023	3.646692	25
0.346920	0.619473	4.211247	26
0.356692	0.636923	4.642021	27
0.366464	0.654373	4.922077	28
0.376237	0.671823	5.059392	29
0.386009	0.689273	5.076019	30
0.395781	0.706723	4.998787	31
0.405554	0.724173	4.854423	32
0.415326	0.741623	4.667211	33
0.425099	0.759073	4.457960	34
0.434871	0.776523	4.244508	35
0.444643	0.793972	4.043081	36
0.454416	0.811422	3.869010	37
0.464188	0.828872	3.738039	38
0.473961	0.846322	3.668040	39
0.483733	0.863772	3.680686	40
13
0.087918	0.190710	0.003357	1
0.096291	0.208873	0.013195	2
0.104664	0.227036	0.021015	3
0.113037	0.245199	0.025062	4
0.121411	0.263362	0.025624	5
0.129784	0.281525	0.023511	6
0.138157	0.299688	0.019657	7
0.146530	0.317851	0.015024	8
0.154903	0.336013	0.010646	9
0.163276	0.354176	0.007680	10
0.171650	0.372339	0.007534	11
0.180023	0.390502	0.011978	12
0.188396	0.408665	0.023328	13
0.196769	0.426828	0.044693	14
0.205142	0.444991	0.080398	15
0.213515	0.463154	0.136626	16
0.221888	0.481316	0.222565	17
0.230262	0.499479	0.352078	18
0.238635	0.517642	0.546212	19
0.247008	0.535805	0.835628	20
0.255381	0.553968	1.261005	21
0.263754	0.572131	1.865707	22
0.272127	0.590294	2.671036	23
0.280500	0.608457	3.626726	24
0.288874	0.626620	4.564194	25
0.297247	0.644782	5.304733	26
0.305620	0.662945	5.775675	27
0.313993	0.681108	5.986304	28
0.322366	0.699271	5.984327	29
0.330739	0.717434	5.825895	30
0.339112	0.735597	5.560987	31
0.347486	0.753760	5.229384	32
0.355859	0.771923	4.860710	33
0.364232	0.790086	4.476521	34
0.372605	0.808248	4.092900	35
0.380978	0.826411	3.722855	36
0.389351	0.844574	3.377959	37
0.397724	0.862737	3.070101	38
0.406098	0.880900	2.813377	39
0.414471	0.899063	2.625699	40
14
0.072684	0.197020	0.001891	1
0.079606	0.215784	0.009154	2
0.086529	0.234548	0.016318	3
0.093451	0.253312	0.021377	4
0.100373	0.272076	0.023929	5
0.107295	0.290840	0.024174	6
0.114218	0.309603	0.022497	7
0.121140	0.328367	0.019364	8
0.128062	0.347131	0.015342	9
0.134985	0.365895	0.011190	10
0.141907	0.384659	0.007975	11
0.148829	0.403423	0.007225	12
0.155751	0.422187	0.011134	13
0.162674	0.440950	0.022829	14
0.169596	0.459714	0.046749	15
0.176518	0.478478	0.089240	16
0.183441	0.497242	0.159528	17
0.190363	0.516006	0.271557	18
0.197285	0.534770	0.447463	19
0.204207	0.553533	0.724184	20
0.211130	0.572297	1.164198	21
0.218052	0.591061	1.867677	22
0.224974	0.609825	2.964538	23
0.231897	0.628589	4.500204	24
0.238819	0.647353	5.965474	25
0.245741	0.666117	6.862448	26
0.252664	0.684880	7.210806	27
0.259586	0.703644	7.166234	28
0.266508	0.722408	6.875851	29
0.273430	0.741172	6.445463	30
0.280353	0.759936	5.943055	31
0.287275	0.778700	5.409715	32
0.294197	0.797463	4.868830	33
0.301120	0.816227	4.333051	34
0.308042	0.834991	3.809911	35
0.314964	0.853755	3.304789	36
0.321886	0.872519	2.823037	37
0.328809	0.891283	2.371895	38
0.335731	0.910047	1.962018	39
0.342653	0.928810	1.608650	40
15
0.057002	0.202116	0.000616	1
0.062431	0.221365	0.004735	2
0.067859	0.240614	0.010717	3
0.073288	0.259863	0.016978	4
0.078717	0.279112	0.022760	5
0.084146	0.298361	0.027604	6
0.089574	0.317610	0.031125	7
0.095003	0.336860	0.032995	8
0.100432	0.356109	0.032980	9
0.105861	0.375358	0.031005	10
0.111289	0.394607	0.027249	11
0.116718	0.413856	0.022279	12
0.122147	0.433105	0.017284	13
0.127576	0.452354	0.014432	14
0.133004	0.471603	0.017416	15
0.138433	0.490853	0.032275	16
0.143862	0.510102	0.068633	17
0.149291	0.529351	0.141599	18
0.154719	0.548600	0.275149	19
0.160148	0.567849	0.508872	20
0.165577	0.587098	0.913828	21
0.171006	0.606347	1.633186	22
0.176434	0.625596	3.000396	23
0.181863	0.644846	5.956688	24
0.187292	0.664095	8.373405	25
0.192721	0.683344	8.845917	26
0.198149	0.702593	8.530854	27
0.203578	0.721842	7.920736	28
0.209007	0.741091	7.216927	29
0.214436	0.760340	6.503887	30
0.219864	0.779589	5.814150	31
0.225293	0.798839	5.156763	32
0.230722	0.818088	4.530168	33
0.236151	0.837337	3.928934	34
0.241579	0.856586	3.347603	35
0.247008	0.875835	2.782985	36
0.252437	0.895084	2.235662	37
0.257866	0.914333	1.711471	38
0.263294	0.933582	1.223385	39
0.268723	0.952831	0.793487	40
16
0.040968	0.205965	0.000059	1
0.044870	0.225581	0.001428	2
0.048772	0.245196	0.005911	3
0.052674	0.264812	0.014127	4
0.056575	0.284428	0.025567	5
0.060477	0.304044	0.039083	6
0.064379	0.323659	0.053387	7
0.068281	0.343275	0.067288	8
0.072182	0.362891	0.079742	9
0.076084	0.382507	0.089820	10
0.079986	0.402122	0.096673	11
0.083887	0.421738	0.099508	12
0.087789	0.441354	0.097624	13
0.091691	0.460969	0.090554	14
0.095593	0.480585	0.078403	15
0.099494	0.500201	0.062552	16
0.103396	0.519817	0.046996	17
0.107298	0.539432	0.040809	18
0.111200	0.559048	0.062699	19
0.115101	0.578664	0.150312	20
0.119003	0.598279	0.384213	21
0.122905	0.617895	0.967539	22
0.126807	0.637511	2.533084	23
0.130708	0.657127	9.873426	24
0.134610	0.676742	11.386293	25
0.138512	0.696358	9.316276	26
0.142414	0.715974	8.184420	27
0.146315	0.735589	7.256811	28
0.150217	0.755205	6.437710	29
0.154119	0.774821	5.706209	30
0.158021	0.794437	5.045302	31
0.161922	0.814052	4.436775	32
0.165824	0.833668	3.863045	33
0.169726	0.853284	3.309360	34
0.173628	0.872899	2.764887	35
0.177529	0.892515	2.224188	36
0.181431	0.912131	1.688656	37
0.185333	0.931747	1.169061	38
0.189235	0.951362	0.689470	39
0.193136	0.970978	0.292893	40
17
0.081098	0.685218	25.391309	25
0.083449	0.705079	14.987109	26
0.085800	0.724940	10.152136	27
0.088151	0.744802	7.648116	28
0.090501	0.764663	6.169299	29
0.092852	0.784524	5.178288	30
0.095203	0.804386	4.437650	31
0.097553	0.824247	3.830806	32
0.099904	0.844109	3.293516	33
0.102255	0.863970	2.787864	34
0.104605	0.883831	2.291685	35
0.106956	0.903693	1.794480	36
0.109307	0.923554	1.297555	37
0.111657	0.943415	0.816922	38
0.114008	0.963277	0.389308	39
0.116359	0.983138	0.082840	40
18
0.027087	0.689468	32.797694	25
0.027872	0.709453	19.605632	26
0.028657	0.729437	12.697468	27
0.029442	0.749422	8.947892	28
0.030227	0.769406	6.769443	29
0.031012	0.789391	5.396887	30
0.031798	0.809376	4.453047	31
0.032583	0.829360	3.742056	32
0.033368	0.849345	3.155526	33
0.034153	0.869329	2.630713	34
0.034938	0.889314	2.131601	35
0.035723	0.909299	1.640251	36
0.036508	0.929283	1.154737	37
0.037293	0.949268	0.691528	38
0.038079	0.969252	0.292067	39
0.038864	0.989237	0.035254	40
19
-0.027085	0.689468	24.036548	25
-0.027870	0.709453	14.593006	26
-0.028655	0.729437	10.243135	27
-0.029440	0.749422	7.923224	28
-0.030225	0.769407	6.473455	29
-0.031010	0.789391	5.444138	30
-0.031795	0.809376	4.643424	31
-0.032580	0.829360	3.976008	32
-0.033366	0.849345	3.386432	33
-0.034151	0.869329	2.839272	34
-0.034936	0.889314	2.312050	35
-0.035721	0.909299	1.793264	36
-0.036506	0.929283	1.283010	37
-0.037291	0.949268	0.796349	38
-0.038076	0.969252	0.369817	39
-0.038861	0.989237	0.071742	40
20
-0.024682	0.208545	0.000031	1
-0.027032	0.228406	0.001413	2
-0.029383	0.248267	0.006497	3
-0.031733	0.268129	0.016375	4
-0.034084	0.287990	0.030744	5
-0.036435	0.307851	0.048503	6
-0.038785	0.327713	0.068360	7
-0.041136	0.347574	0.089116	8
-0.043487	0.367436	0.109725	9
-0.045837	0.387297	0.129262	10
-0.048188	0.407158	0.146839	11
-0.050538	0.427020	0.161520	12
-0.052889	0.446881	0.172217	13
-0.055240	0.466743	0.177574	14
-0.057590	0.486604	0.175856	15
-0.059941	0.506465	0.164913	16
-0.062292	0.526327	0.142542	17
-0.064642	0.546188	0.108330	18
-0.066993	0.566049	0.070565	19
-0.069344	0.585911	0.069777	20
-0.071694	0.605772	0.255824	21
-0.074045	0.625634	1.136486	22
-0.076395	0.645495	4.377855	23
-0.078746	0.665356	11.917915	24
-0.081097	0.685218	13.059574	25
-0.083447	0.705079	10.606890	26
-0.085798	0.724940	9.155444	27
-0.088149	0.744802	7.985759	28
-0.090499	0.764663	6.980899	29
-0.092850	0.784525	6.103944	30
-0.095200	0.804386	5.328035	31
-0.097551	0.824247	4.628478	32
-0.099902	0.844109	3.983214	33
-0.102252	0.863970	3.373985	34
-0.104603	0.883832	2.787163	35
-0.106954	0.903693	2.215313	36
-0.109304	0.923554	1.658456	37
-0.111655	0.943416	1.126647	38
-0.114005	0.963277	0.644230	39
-0.116356	0.983138	0.255290	40
21
-0.040968	0.205965	0.000648	1
-0.044869	0.225581	0.005125	2
-0.048771	0.245197	0.012255	3
-0.052673	0.264812	0.020697	4
-0.056575	0.284428	0.029671	5
-0.060476	0.304044	0.038523	6
-0.064378	0.323660	0.046570	7
-0.068280	0.343275	0.053109	8
-0.072181	0.362891	0.057476	9
-0.076083	0.382507	0.059089	10
-0.079985	0.402122	0.057520	11
-0.083886	0.421738	0.052619	12
-0.087788	0.441354	0.044763	13
-0.091690	0.460970	0.035337	14
-0.095591	0.480585	0.027588	15
-0.099493	0.500201	0.028146	16
-0.103395	0.519817	0.049547	17
-0.107297	0.539433	0.114125	18
-0.111198	0.559048	0.259307	19
-0.115100	0.578664	0.543199	20
-0.119002	0.598280	1.047877	21
-0.122903	0.617895	1.881377	22
-0.126805	0.637511	3.232225	23
-0.130707	0.657127	5.861087	24
-0.134608	0.676743	8.243294	25
-0.138510	0.696358	8.792792	26
-0.142412	0.715974	8.567758	27
-0.146313	0.735590	8.020773	28
-0.150215	0.755206	7.347036	29
-0.154117	0.774821	6.637655	30
-0.158018	0.794437	5.934274	31
-0.161920	0.814053	5.253077	32
-0.165822	0.833668	4.597587	33
-0.169724	0.853284	3.965966	34
-0.173625	0.872900	3.354900	35
-0.177527	0.892516	2.762784	36
-0.181429	0.912131	2.191546	37
-0.185330	0.931747	1.648371	38
-0.189232	0.951363	1.147847	39
-0.193134	0.970979	0.714006	40
22
-0.057001	0.202116	0.001942	1
-0.062430	0.221365	0.009619	2
-0.067859	0.240614	0.017838	3
-0.073287	0.259863	0.024586	4
-0.078716	0.279112	0.029264	5
-0.084145	0.298362	0.031755	6
-0.089574	0.317611	0.032073	7
-0.095002	0.336860	0.030291	8
-0.100431	0.356109	0.026600	9
-0.105860	0.375358	0.021432	10
-0.111288	0.394607	0.015630	11
-0.116717	0.413856	0.010702	12
-0.122146	0.433106	0.009141	13
-0.127574	0.452355	0.014880	14
-0.133003	0.471604	0.033866	15
-0.138432	0.490853	0.074689	16
-0.143861	0.510102	0.149329	17
-0.149289	0.529351	0.273866	18
-0.154718	0.548600	0.469608	19
-0.160147	0.567849	0.766115	20
-0.165575	0.587099	1.209094	21
-0.171004	0.606348	1.876690	22
-0.176433	0.625597	2.891733	23
-0.181861	0.644846	4.336497	24
-0.187290	0.664095	5.759953	25
-0.192719	0.683344	6.664509	26
-0.198148	0.702593	7.055126	27
-0.203576	0.721843	7.066905	28
-0.209005	0.741092	6.830031	29
-0.214434	0.760341	6.441071	30
-0.219862	0.779590	5.964898	31
-0.225291	0.798839	5.442704	32
-0.230720	0.818088	4.899883	33
-0.236148	0.837337	4.352053	34
-0.241577	0.856587	3.809354	35
-0.247006	0.875836	3.279695	36
-0.252435	0.895085	2.771151	37
-0.257863	0.914334	2.293537	38
-0.263292	0.933583	1.859930	39
-0.268721	0.952832	1.488006	40
23
-0.072683	0.197021	0.003397	1
-0.079606	0.215784	0.013515	2
-0.086528	0.234548	0.021938	3
-0.093450	0.253312	0.026782	4
-0.100372	0.272076	0.028103	5
-0.107295	0.290840	0.026445	6
-0.114217	0.309604	0.022504	7
-0.121139	0.328368	0.017067	8
-0.128061	0.347131	0.011078	9
-0.134984	0.365895	0.005761	10
-0.141906	0.384659	0.002760	11
-0.148828	0.403423	0.004303	12
-0.155750	0.422187	0.013380	13
-0.162673	0.440951	0.033935	14
-0.169595	0.459715	0.071103	15
-0.176517	0.478479	0.131490	16
-0.183439	0.497242	0.223751	17
-0.190362	0.516006	0.359572	18
-0.197284	0.534770	0.555735	19
-0.204206	0.553534	0.837091	20
-0.211128	0.572298	1.239167	21
-0.218050	0.591062	1.805270	22
-0.224973	0.609826	2.565460	23
-0.231895	0.628589	3.484706	24
-0.238817	0.647353	4.405383	25
-0.245739	0.666117	5.151545	26
-0.252662	0.684881	5.647089	27
-0.259584	0.703645	5.893899	28
-0.266506	0.722409	5.931284	29
-0.273428	0.741173	5.808058	30
-0.280351	0.759937	5.569425	31
-0.287273	0.778700	5.252737	32
-0.294195	0.797464	4.887067	33
-0.301117	0.816228	4.494758	34
-0.308040	0.834992	4.093677	35
-0.314962	0.853756	3.698811	36
-0.321884	0.872520	3.324201	37
-0.328806	0.891284	2.984480	38
-0.335729	0.910047	2.696387	39
-0.342651	0.928811	2.480553	40
24
-0.087918	0.190711	0.004679	1
-0.096291	0.208873	0.015762	2
-0.104664	0.227036	0.023705	3
-0.113037	0.245199	0.026813	4
-0.121410	0.263362	0.025804	5
-0.129783	0.281525	0.021815	6
-0.138156	0.299688	0.016048	7
-0.146529	0.317851	0.009745	8
-0.154902	0.336014	0.004252	9
-0.163275	0.354177	0.001095	10
-0.171649	0.372340	0.002084	11
-0.180022	0.390503	0.009407	12
-0.188395	0.408665	0.025753	13
-0.196768	0.426828	0.054465	14
-0.205141	0.444991	0.099802	15
-0.213514	0.463154	0.167358	16
-0.221887	0.481317	0.264690	17
-0.230260	0.499480	0.402276	18
-0.238633	0.517643	0.594390	19
-0.247006	0.535806	0.859283	20
-0.255379	0.553969	1.217009	21
-0.263753	0.572132	1.682730	22
-0.272126	0.590295	2.254184	23
-0.280499	0.608457	2.897259	24
-0.288872	0.626620	3.543451	25
-0.297245	0.644783	4.117327	26
-0.305618	0.662946	4.567391	27
-0.313991	0.681109	4.873034	28
-0.322364	0.699272	5.037751	29
-0.330737	0.717435	5.078859	30
-0.339110	0.735598	5.019820	31
-0.347484	0.753761	4.885243	32
-0.355857	0.771924	4.698207	33
-0.364230	0.790086	4.479421	34
-0.372603	0.808249	4.248009	35
-0.380976	0.826412	4.021541	36
-0.389349	0.844575	3.817198	37
-0.397722	0.862738	3.653263	38
-0.406095	0.880901	3.550126	39
-0.414468	0.899064	3.532376	40
25
-0.102610	0.183225	0.005742	1
-0.112382	0.200675	0.016216	2
-0.122154	0.218125	0.023123	3
-0.131927	0.235575	0.024836	4
-0.141699	0.253025	0.022452	5
-0.151471	0.270475	0.017462	6
-0.161244	0.287925	0.011337	7
-0.171016	0.305374	0.005510	8
-0.180788	0.322824	0.001425	9
-0.190561	0.340274	0.000622	10
-0.200333	0.357724	0.004817	11
-0.210105	0.375174	0.016007	12
-0.219878	0.392624	0.036613	13
-0.229650	0.410074	0.069675	14
-0.239422	0.427524	0.119131	15
-0.249195	0.444974	0.190165	16
-0.258967	0.462424	0.289584	17
-0.268739	0.479874	0.426091	18
-0.278512	0.497324	0.610046	19
-0.288284	0.514774	0.852347	20
-0.298056	0.532224	1.161812	21
-0.307829	0.549674	1.541008	22
-0.317601	0.567124	1.981314	23
-0.327373	0.584574	2.459893	24
-0.337146	0.602024	2.942069	25
-0.346918	0.619474	3.390530	26
-0.356690	0.636924	3.775140	27
-0.366463	0.654374	4.078199	28
-0.376235	0.671824	4.294489	29
-0.386007	0.689274	4.428351	30
-0.395780	0.706724	4.490569	31
-0.405552	0.724174	4.495576	32
-0.415324	0.741624	4.459472	33
-0.425097	0.759074	4.398774	34
-0.434869	0.776524	4.330285	35
-0.444641	0.793974	4.271107	36
-0.454414	0.811424	4.238828	37
-0.464186	0.828874	4.252706	38
-0.473958	0.846324	4.334376	39
-0.483731	0.863774	4.509408	40
26
-0.116669	0.174609	0.006665	1
-0.127780	0.191239	0.015370	2
-0.138892	0.207868	0.020853	3
-0.150003	0.224498	0.021496	4
-0.161114	0.241127	0.018461	5
-0.172225	0.257756	0.013331	6
-0.183337	0.274386	0.007637	7
-0.194448	0.291015	0.002824	8
-0.205559	0.307645	0.000305	9
-0.216671	0.324274	0.001550	10
-0.227782	0.340904	0.008179	11
-0.238893	0.357533	0.022083	12
-0.250005	0.374163	0.045572	13
-0.261116	0.390792	0.081548	14
-0.272227	0.407421	0.133697	15
-0.283339	0.424051	0.206629	16
-0.294450	0.440680	0.305953	17
-0.305561	0.457310	0.438090	18
-0.316673	0.473939	0.609616	19
-0.327784	0.490569	0.826216	20
-0.338895	0.507198	1.090865	21
-0.350007	0.523828	1.401925	22
-0.361118	0.540457	1.751525	23
-0.372229	0.557086	2.125258	24
-0.383341	0.573716	2.503990	25
-0.394452	0.590345	2.867570	26
-0.405563	0.606975	3.198609	27
-0.416675	0.623604	3.485238	28
-0.427786	0.640234	3.721992	29
-0.438897	0.656863	3.909209	30
-0.450009	0.673493	4.051966	31
-0.461120	0.690122	4.158686	32
-0.472231	0.706752	4.240472	33
-0.483343	0.723381	4.309942	34
-0.494454	0.740010	4.380739	35
-0.505565	0.756640	4.467965	36
-0.516676	0.773269	4.587953	37
-0.527788	0.789899	4.758710	38
-0.538899	0.806528	5.000754	39
-0.550010	0.823158	5.337737	40
27
-0.130009	0.164917	0.007524	1
-0.142391	0.180624	0.013889	2
-0.154773	0.196330	0.017773	3
-0.167154	0.212036	0.017593	4
-0.179536	0.227743	0.014372	5
-0.191918	0.243449	0.009593	6
-0.204300	0.259156	0.004714	7
-0.216682	0.274862	0.001112	8
-0.229063	0.290568	0.000136	9
-0.241445	0.306275	0.003197	10
-0.253827	0.321981	0.011862	11
-0.266209	0.337688	0.027970	12
-0.278591	0.353394	0.053743	13
-0.290972	0.369100	0.091892	14
-0.303354	0.384807	0.145688	15
-0.315736	0.400513	0.218951	16
-0.328118	0.416220	0.315936	17
-0.340500	0.431926	0.441007	18
-0.352881	0.447632	0.598059	19
-0.365263	0.463339	0.789768	20
-0.377645	0.479045	1.016690	21
-0.390027	0.494752	1.276369	22
-0.402409	0.510458	1.563004	23
-0.414790	0.526164	1.867660	24
-0.427172	0.541871	2.179350	25
-0.439554	0.557577	2.486756	26
-0.451936	0.573284	2.779788	27
-0.464318	0.588990	3.051293	28
-0.476699	0.604696	3.297447	29
-0.489081	0.620403	3.517825	30
-0.501463	0.636109	3.715371	31
-0.513845	0.651816	3.895593	32
-0.526227	0.667522	4.066321	33
-0.538608	0.683228	4.237153	34
-0.550990	0.698935	4.419206	35
-0.563372	0.714641	4.625055	36
-0.575754	0.730347	4.868829	37
-0.588136	0.746054	5.166325	38
-0.600518	0.761760	5.535427	39
-0.612899	0.777467	5.996418	40
28
-0.142547	0.154208	0.008349	1
-0.156123	0.168895	0.012307	2
-0.169699	0.183581	0.014613	3
-0.183275	0.198268	0.013793	4
-0.196851	0.212954	0.010644	5
-0.210427	0.227641	0.006458	6
-0.224003	0.242327	0.002558	7
-0.237579	0.257014	0.000225	8
-0.251155	0.271700	0.000747	9
-0.264731	0.286387	0.005487	10
-0.278307	0.301074	0.015971	11
-0.291883	0.315760	0.033968	12
-0.305459	0.330447	0.061551	13
-0.319035	0.345133	0.101144	14
-0.332611	0.359820	0.155497	15
-0.346187	0.374506	0.227617	16
-0.359763	0.389193	0.320591	17
-0.373339	0.403879	0.437293	18
-0.386915	0.418566	0.579997	19
-0.400490	0.433252	0.749915	20
-0.414066	0.447939	0.946825	21
-0.427642	0.462625	1.168645	22
-0.441218	0.477312	1.411479	23
-0.454794	0.491998	1.669933	24
-0.468370	0.506685	1.937663	25
-0.481946	0.521371	2.208274	26
-0.495522	0.536058	2.476101	27
-0.509098	0.550744	2.737061	28
-0.522674	0.565431	2.989030	29
-0.536250	0.580117	3.232011	30
-0.549826	0.594804	3.468168	31
-0.563402	0.609490	3.701684	32
-0.576978	0.624177	3.938392	33
-0.590554	0.638863	4.185742	34
-0.604130	0.653550	4.452866	35
-0.617706	0.668236	4.750041	36
-0.631282	0.682923	5.088965	37
-0.644858	0.697609	5.482846	38
-0.658433	0.712296	5.946438	39
-0.672009	0.726982	6.496389	40
29
-0.154207	0.142549	0.009131	1
-0.168893	0.156125	0.010932	2
-0.183580	0.169701	0.011823	3
-0.198266	0.183277	0.010501	4
-0.212953	0.196853	0.007548	5
-0.227639	0.210429	0.004043	6
-0.242325	0.224005	0.001158	7
-0.257012	0.237581	0.000078	8
-0.271698	0.251157	0.002025	9
-0.286385	0.264734	0.008312	10
-0.301071	0.278310	0.020399	11
-0.315757	0.291886	0.039941	12
-0.330444	0.305462	0.068814	13
-0.345130	0.319038	0.109101	14
-0.359817	0.332614	0.163050	15
-0.374503	0.346190	0.232978	16
-0.389189	0.359766	0.321118	17
-0.403876	0.373342	0.429394	18
-0.418562	0.386918	0.559206	19
-0.433249	0.400494	0.711214	20
-0.447935	0.414070	0.885070	21
-0.462621	0.427647	1.079396	22
-0.477308	0.441223	1.291804	23
-0.491994	0.454799	1.519145	24
-0.506680	0.468375	1.757947	25
-0.521367	0.481951	2.004691	26
-0.536053	0.495527	2.256393	27
-0.550740	0.509103	2.511062	28
-0.565426	0.522679	2.767819	29
-0.580112	0.536255	3.027251	30
-0.594799	0.549831	3.291413	31
-0.609485	0.563407	3.563680	32
-0.624172	0.576983	3.848833	33
-0.638858	0.590559	4.152945	34
-0.653544	0.604136	4.483299	35
-0.668231	0.617712	4.848258	36
-0.682917	0.631288	5.257411	37
-0.697604	0.644864	5.721524	38
-0.712290	0.658440	6.252271	39
-0.726976	0.672016	6.862509	40
30
-0.164916	0.130010	0.009844	1
-0.180622	0.142392	0.009877	2
-0.196329	0.154774	0.009586	3
-0.212035	0.167156	0.007877	4
-0.227741	0.179538	0.005164	5
-0.243447	0.191920	0.002338	6
-0.259154	0.204302	0.000427	7
-0.274860	0.216684	0.000521	8
-0.290566	0.229066	0.003771	9
-0.306273	0.241448	0.011423	10
-0.321979	0.253830	0.024844	11
-0.337685	0.266212	0.045548	12
-0.353391	0.278594	0.075187	13
-0.369098	0.290976	0.115530	14
-0.384804	0.303358	0.168401	15
-0.400510	0.315740	0.235605	16
-0.416217	0.328122	0.318815	17
-0.431923	0.340503	0.419405	18
-0.447629	0.352885	0.538378	19
-0.463335	0.365267	0.676240	20
-0.479042	0.377649	0.832804	21
-0.494748	0.390031	1.007369	22
-0.510454	0.402413	1.198692	23
-0.526161	0.414795	1.405106	24
-0.541867	0.427177	1.624874	25
-0.557573	0.439559	1.856261	26
-0.573279	0.451941	2.097952	27
-0.588986	0.464323	2.349358	28
-0.604692	0.476705	2.610487	29
-0.620398	0.489087	2.882367	30
-0.636105	0.501469	3.167164	31
-0.651811	0.513851	3.467759	32
-0.667517	0.526233	3.788240	33
-0.683223	0.538615	4.133714	34
-0.698930	0.550997	4.510054	35
-0.714636	0.563379	4.924098	36
-0.730342	0.575760	5.383666	37
-0.746049	0.588142	5.897294	38
-0.761755	0.600524	6.474038	39
-0.777461	0.612906	7.123846	40
31
-0.174608	0.116670	0.010466	1
-0.191237	0.127782	0.009137	2
-0.207867	0.138893	0.007909	3
-0.224496	0.150005	0.005909	4
-0.241126	0.161116	0.003440	5
-0.257755	0.172228	0.001237	6
-0.274384	0.183339	0.000208	7
-0.291014	0.194451	0.001349	8
-0.307643	0.205562	0.005733	9
-0.324272	0.216674	0.014524	10
-0.340902	0.227785	0.028983	11
-0.357531	0.238897	0.050472	12
-0.374160	0.250008	0.080440	13
-0.390790	0.261120	0.120388	14
-0.407419	0.272231	0.171826	15
-0.424048	0.283343	0.236211	16
-0.440678	0.294454	0.314864	17
-0.457307	0.305565	0.408904	18
-0.473936	0.316677	0.519159	19
-0.490566	0.327788	0.646147	20
-0.507195	0.338900	0.790011	21
-0.523824	0.350011	0.950535	22
-0.540454	0.361123	1.127266	23
-0.557083	0.372234	1.319607	24
-0.573712	0.383346	1.526861	25
-0.590342	0.394457	1.748451	26
-0.606971	0.405569	1.984193	27
-0.623601	0.416680	2.234268	28
-0.640230	0.427792	2.499369	29
-0.656859	0.438903	2.780837	30
-0.673489	0.450015	3.080856	31
-0.690118	0.461126	3.402167	32
-0.706747	0.472238	3.748244	33
-0.723377	0.483349	4.123411	34
-0.740006	0.494460	4.532620	35
-0.756635	0.505572	4.981555	36
-0.773265	0.516683	5.476469	37
-0.789894	0.527795	6.024049	38
-0.806523	0.538906	6.631488	39
-0.823153	0.550018	7.306260	40
32
-0.183224	0.102611	0.010983	1
-0.200674	0.112384	0.008651	2
-0.218124	0.122156	0.006712	3
-0.235573	0.131929	0.004500	4
-0.253023	0.141701	0.002253	5
-0.270473	0.151474	0.000593	6
-0.287923	0.161246	0.000324	7
-0.305373	0.171019	0.002353	8
-0.322823	0.180791	0.007675	9
-0.340273	0.190564	0.017365	10
-0.357723	0.200336	0.032578	11
-0.375172	0.210109	0.054537	12
-0.392622	0.219881	0.084518	13
-0.410072	0.229654	0.123822	14
-0.427522	0.239426	0.173736	15
-0.444972	0.249199	0.235495	16
-0.462422	0.258971	0.310228	17
-0.479872	0.268744	0.398936	18
-0.497322	0.278516	0.502406	19
-0.514772	0.288289	0.621250	20
-0.532221	0.298061	0.755900	21
-0.549671	0.307833	0.906542	22
-0.567121	0.317606	1.073256	23
-0.584571	0.327378	1.256124	24
-0.602021	0.337151	1.455208	25
-0.619471	0.346923	1.670674	26
-0.636921	0.356696	1.902979	27
-0.654371	0.366468	2.152820	28
-0.671820	0.376241	2.421404	29
-0.689270	0.386013	2.710246	30
-0.706720	0.395786	3.021500	31
-0.724170	0.405558	3.357838	32
-0.741620	0.415331	3.722254	33
-0.759070	0.425103	4.118567	34
-0.776520	0.434876	4.551006	35
-0.793970	0.444648	5.024242	36
-0.811420	0.454421	5.543325	37
-0.828869	0.464193	6.113774	38
-0.846319	0.473966	6.741271	39
-0.863769	0.483738	7.431156	40
33
-0.190710	0.087919	0.011394	1
-0.208873	0.096293	0.008348	2
-0.227035	0.104666	0.005886	3
-0.245198	0.113039	0.003526	4
-0.263361	0.121412	0.001471	5
-0.281524	0.129786	0.000261	6
-0.299687	0.138159	0.000615	7
-0.317850	0.146532	0.003363	8
-0.336012	0.154905	0.009423	9
-0.354175	0.163279	0.019787	10
-0.372338	0.171652	0.035512	11
-0.390501	0.180025	0.057706	12
-0.408664	0.188398	0.087513	13
-0.426827	0.196772	0.126087	14
-0.444989	0.205145	0.174568	15
-0.463152	0.213518	0.234061	16
-0.481315	0.221891	0.305599	17
-0.499478	0.230265	0.390123	18
-0.517641	0.238638	0.488470	19
-0.535804	0.247011	0.601359	20
-0.553966	0.255384	0.729403	21
-0.572129	0.263758	0.873135	22
-0.590292	0.272131	1.033032	23
-0.608455	0.280504	1.209607	24
-0.626618	0.288878	1.403386	25
-0.644781	0.297251	1.615064	26
-0.662943	0.305624	1.845480	27
-0.681106	0.313997	2.095658	28
-0.699269	0.322371	2.367146	29
-0.717432	0.330744	2.661587	30
-0.735595	0.339117	2.981104	31
-0.753758	0.347490	3.328190	32
-0.771920	0.355864	3.705658	33
-0.790083	0.364237	4.116873	34
-0.808246	0.372610	4.565410	35
-0.826409	0.380983	5.055259	36
-0.844572	0.389357	5.590631	37
-0.862735	0.397730	6.176036	38
-0.880897	0.406103	6.816201	39
-0.899060	0.414476	7.515698	40
34
-0.197020	0.072685	0.011706	1
-0.215784	0.079608	0.008167	2
-0.234548	0.086530	0.005333	3
-0.253311	0.093452	0.002871	4
-0.272075	0.100375	0.000973	5
-0.290839	0.107297	0.000119	6
-0.309603	0.114220	0.000961	7
-0.328367	0.121142	0.004263	8
-0.347130	0.128065	0.010876	9
-0.365894	0.134987	0.021720	10
-0.384658	0.141909	0.037771	11
-0.403422	0.148832	0.060047	12
-0.422186	0.155754	0.089593	13
-0.440949	0.162677	0.127467	14
-0.459713	0.169599	0.174717	15
-0.478477	0.176521	0.232372	16
-0.497241	0.183444	0.301419	17
-0.516005	0.190366	0.382792	18
-0.534768	0.197289	0.477377	19
-0.553532	0.204211	0.585995	20
-0.572296	0.211133	0.709401	21
-0.591060	0.218056	0.848391	22
-0.609824	0.224978	1.003708	23
-0.628587	0.231901	1.176132	24
-0.647351	0.238823	1.366524	25
-0.666115	0.245745	1.575867	26
-0.684879	0.252668	1.805291	27
-0.703643	0.259590	2.056115	28
-0.722406	0.266513	2.329948	29
-0.741170	0.273435	2.628508	30
-0.759934	0.280357	2.953941	31
-0.778698	0.287280	3.308668	32
-0.797462	0.294202	3.695277	33
-0.816225	0.301125	4.116722	34
-0.834989	0.308047	4.576174	35
-0.853753	0.314969	5.077218	36
-0.872517	0.321892	5.623354	37
-0.891281	0.328814	6.218283	38
-0.910044	0.335737	6.866211	39
-0.928808	0.342659	7.571411	40
35
-0.202115	0.057003	0.011932	1
-0.221364	0.062432	0.008062	2
-0.240614	0.067861	0.004974	3
-0.259863	0.073290	0.002445	4
-0.279112	0.078719	0.000667	5
-0.298361	0.084148	0.000080	6
-0.317610	0.089576	0.001283	7
-0.336859	0.095005	0.004988	8
-0.356108	0.100434	0.011993	9
-0.375357	0.105863	0.023160	10
-0.394606	0.111292	0.039402	11
-0.413855	0.116721	0.061674	12
-0.433104	0.122150	0.090952	13
-0.452354	0.127579	0.128231	14
-0.471603	0.133007	0.174504	15
-0.490852	0.138436	0.230756	16
-0.510101	0.143865	0.297961	17
-0.529350	0.149294	0.377058	18
-0.548599	0.154723	0.468986	19
-0.567848	0.160152	0.574648	20
-0.587097	0.165581	0.694911	21
-0.606346	0.171009	0.830719	22
-0.625595	0.176438	0.983016	23
-0.644844	0.181867	1.152760	24
-0.664093	0.187296	1.341045	25
-0.683343	0.192725	1.549007	26
-0.702592	0.198154	1.777939	27
-0.721841	0.203583	2.029422	28
-0.741090	0.209012	2.305011	29
-0.760339	0.214440	2.606531	30
-0.779588	0.219869	2.936155	31
-0.798837	0.225298	3.296110	32
-0.818086	0.230727	3.688860	33
-0.837335	0.236156	4.117175	34
-0.856584	0.241585	4.583896	35
-0.875833	0.247014	5.092235	36
-0.895083	0.252443	5.645238	37
-0.914332	0.257871	6.246175	38
-0.933581	0.263300	6.898692	39
-0.952830	0.268729	7.606004	40
36
-0.205965	0.040970	0.012082	1
-0.225580	0.044871	0.008004	2
-0.245196	0.048773	0.004753	3
-0.264812	0.052675	0.002184	4
-0.284428	0.056577	0.000490	5
-0.304043	0.060479	0.000085	6
-0.323659	0.064381	0.001534	7
-0.343275	0.068283	0.005510	8
-0.362890	0.072185	0.012771	9
-0.382506	0.076086	0.024138	10
-0.402122	0.079988	0.040482	11
-0.421737	0.083890	0.062713	12
-0.441353	0.087792	0.091766	13
-0.460969	0.091694	0.128595	14
-0.480584	0.095596	0.174163	15
-0.500200	0.099498	0.229435	16
-0.519816	0.103399	0.295376	17
-0.539432	0.107301	0.372947	18
-0.559047	0.111203	0.463111	19
-0.578663	0.115105	0.566836	20
-0.598279	0.119007	0.685089	21
-0.617894	0.122909	0.818887	22
-0.637510	0.126811	0.969283	23
-0.657126	0.130713	1.137386	24
-0.676741	0.134614	1.324385	25
-0.696357	0.138516	1.531575	26
-0.715973	0.142418	1.760354	27
-0.735589	0.146320	2.012296	28
-0.755204	0.150222	2.289132	29
-0.774820	0.154124	2.592676	30
-0.794436	0.158026	2.925044	31
-0.814051	0.161928	3.288401	32
-0.833667	0.165829	3.685066	33
-0.853283	0.169731	4.117749	34
-0.872898	0.173633	4.589065	35
-0.892514	0.177535	5.101891	36
-0.912130	0.181437	5.659076	37
-0.931745	0.185339	6.263608	38
-0.951361	0.189241	6.918617	39
-0.970977	0.193142	7.626698	40
37
-0.208544	0.024683	0.012168	1
-0.228406	0.027034	0.007975	2
-0.248267	0.029385	0.004635	3
-0.268128	0.031736	0.002044	4
-0.287990	0.034087	0.000401	5
-0.307851	0.036437	0.000102	6
-0.327712	0.038788	0.001692	7
-0.347574	0.041139	0.005822	8
-0.367435	0.043490	0.013224	9
-0.387297	0.045841	0.024695	10
-0.407158	0.048192	0.041083	11
-0.427019	0.050542	0.063271	12
-0.446881	0.052893	0.092172	13
-0.466742	0.055244	0.128718	14
-0.486603	0.057595	0.173856	15
-0.506465	0.059946	0.228542	16
-0.526326	0.062296	0.293744	17
-0.546187	0.064647	0.370426	18
-0.566049	0.066998	0.459572	19
-0.585910	0.069349	0.562200	20
-0.605772	0.071700	0.679322	21
-0.625633	0.074050	0.812007	22
-0.645494	0.076401	0.961360	23
-0.665356	0.078752	1.128558	24
-0.685217	0.081103	1.314888	25
-0.705078	0.083454	1.521697	26
-0.724940	0.085804	1.750429	27
-0.744801	0.088155	2.002694	28
-0.764662	0.090506	2.280280	29
-0.784524	0.092857	2.584962	30
-0.804385	0.095208	2.918857	31
-0.824247	0.097558	3.284188	32
-0.844108	0.099909	3.683106	33
-0.863969	0.102260	4.118216	34
-0.883831	0.104611	4.592047	35
-0.903692	0.106962	5.107269	36
-0.923553	0.109312	5.666750	37
-0.943415	0.111663	6.273168	38
-0.963276	0.114014	6.929269	39
-0.983137	0.116365	7.637803	40
38
-0.209838	0.008245	0.012195	1
-0.229823	0.009030	0.007967	2
-0.249807	0.009816	0.004599	3
-0.269792	0.010601	0.002004	4
-0.289776	0.011386	0.000379	5
-0.309761	0.012171	0.000115	6
-0.329746	0.012957	0.001750	7
-0.349730	0.013742	0.005926	8
-0.369715	0.014527	0.013369	9
-0.389699	0.015312	0.024867	10
-0.409684	0.016098	0.041259	11
-0.429668	0.016883	0.063421	12
-0.449653	0.017668	0.092257	13
-0.469638	0.018453	0.128695	14
-0.489622	0.019239	0.173675	15
-0.509607	0.020024	0.228152	16
-0.529591	0.020809	0.293095	17
-0.549576	0.021594	0.369467	18
-0.569560	0.022380	0.458265	19
-0.589545	0.023165	0.560517	20
-0.609530	0.023950	0.677253	21
-0.629514	0.024735	0.809543	22
-0.649499	0.025521	0.958549	23
-0.669483	0.026306	1.125455	24
-0.689468	0.027091	1.311573	25
-0.709453	0.027876	1.518270	26
-0.729437	0.028662	1.746967	27
-0.749422	0.029447	1.999389	28
-0.769406	0.030232	2.277218	29
-0.789391	0.031017	2.582293	30
-0.809375	0.031803	2.916748	31
-0.829360	0.032588	3.282747	32
-0.849345	0.033373	3.682480	33
-0.869329	0.034158	4.118427	34
-0.889314	0.034944	4.593094	35
-0.909298	0.035729	5.109124	36
-0.929283	0.036514	5.669302	37
-0.949267	0.037299	6.276263	38
-0.969252	0.038085	6.932710	39
-0.989237	0.038870	7.641072	40
39
-0.209838	-0.008244	0.012165	1
-0.229823	-0.009029	0.007976	2
-0.249807	-0.009814	0.004640	3
-0.269792	-0.010599	0.002057	4
-0.289776	-0.011385	0.000419	5
-0.309761	-0.012170	0.000122	6
-0.329746	-0.012955	0.001709	7
-0.349730	-0.013740	0.005829	8
-0.369715	-0.014525	0.013216	9
-0.389699	-0.015310	0.024668	10
-0.409684	-0.016095	0.041031	11
-0.429669	-0.016881	0.063189	12
-0.449653	-0.017666	0.092056	13
-0.469638	-0.018451	0.128563	14
-0.489622	-0.019236	0.173657	15
-0.509607	-0.020021	0.228293	16
-0.529591	-0.020806	0.293440	17
-0.549576	-0.021591	0.370064	18
-0.569561	-0.022377	0.459148	19
-0.589545	-0.023162	0.561694	20
-0.609530	-0.023947	0.678740	21
-0.629514	-0.024732	0.811349	22
-0.649499	-0.025517	0.960642	23
-0.669484	-0.026302	1.127802	24
-0.689468	-0.027088	1.314088	25
-0.709453	-0.027873	1.520882	26
-0.729437	-0.028658	1.749591	27
-0.749422	-0.029443	2.001925	28
-0.769406	-0.030228	2.279549	29
-0.789391	-0.031013	2.584320	30
-0.809376	-0.031798	2.918395	31
-0.829360	-0.032584	3.283829	32
-0.849345	-0.033369	3.682988	33
-0.869329	-0.034154	4.118283	34
-0.889314	-0.034939	4.592270	35
-0.909299	-0.035724	5.107705	36
-0.929283	-0.036509	5.667188	37
-0.949268	-0.037294	6.273522	38
-0.969252	-0.038080	6.929564	39
-0.989237	-0.038865	7.637798	40
40
-0.208544	-0.024682	0.012077	1
-0.228406	-0.027033	0.008005	2
-0.248267	-0.029384	0.004766	3
-0.268129	-0.031734	0.002212	4
-0.287990	-0.034085	0.000531	5
-0.307851	-0.036436	0.000132	6
-0.327713	-0.038787	0.001576	7
-0.347574	-0.041137	0.005535	8
-0.367435	-0.043488	0.012766	9
-0.387297	-0.045839	0.024093	10
-0.407158	-0.048189	0.040387	11
-0.427020	-0.050540	0.062559	12
-0.446881	-0.052891	0.091546	13
-0.466742	-0.055241	0.128299	14
-0.486604	-0.057592	0.173781	15
-0.506465	-0.059943	0.228956	16
-0.526326	-0.062294	0.294787	17
-0.546188	-0.064644	0.372232	18
-0.566049	-0.066995	0.462265	19
-0.585911	-0.069346	0.565834	20
-0.605772	-0.071696	0.683933	21
-0.625633	-0.074047	0.817600	22
-0.645495	-0.076398	0.967856	23
-0.665356	-0.078748	1.135826	24
-0.685217	-0.081099	1.322721	25
-0.705079	-0.083450	1.529847	26
-0.724940	-0.085801	1.758614	27
-0.744802	-0.088151	2.010630	28
-0.764663	-0.090502	2.287587	29
-0.784524	-0.092853	2.591330	30
-0.804386	-0.095203	2.923953	31
-0.824247	-0.097554	3.287616	32
-0.844108	-0.099905	3.684763	33
-0.863970	-0.102255	4.117860	34
-0.883831	-0.104606	4.589586	35
-0.903693	-0.106957	5.102747	36
-0.923554	-0.109308	5.660106	37
-0.943415	-0.111658	6.264666	38
-0.963277	-0.114009	6.919331	39
-0.983138	-0.116360	7.626824	40
41
-0.205965	-0.040969	0.011924	1
-0.225581	-0.044870	0.008064	2
-0.245196	-0.048772	0.004998	3
-0.264812	-0.052674	0.002497	4
-0.284428	-0.056576	0.000744	5
-0.304044	-0.060477	0.000170	6
-0.323659	-0.064379	0.001370	7
-0.343275	-0.068281	0.005051	8
-0.362891	-0.072183	0.012012	9
-0.382506	-0.076084	0.023119	10
-0.402122	-0.079986	0.039287	11
-0.421738	-0.083888	0.061472	12
-0.441354	-0.087790	0.090654	13
-0.460969	-0.091691	0.127824	14
-0.480585	-0.095593	0.173974	15
-0.500201	-0.099495	0.230088	16
-0.519816	-0.103397	0.297132	17
-0.539432	-0.107298	0.376044	18
-0.559048	-0.111200	0.467767	19
-0.578664	-0.115102	0.573189	20
-0.598279	-0.119004	0.693215	21
-0.617895	-0.122906	0.828788	22
-0.637511	-0.126807	0.980831	23
-0.657126	-0.130709	1.150341	24
-0.676742	-0.134611	1.338402	25
-0.696358	-0.138513	1.546223	26
-0.715974	-0.142414	1.775124	27
-0.735589	-0.146316	2.026607	28
-0.755205	-0.150218	2.302368	29
-0.774821	-0.154120	2.604268	30
-0.794436	-0.158021	2.934272	31
-0.814052	-0.161923	3.294730	32
-0.833668	-0.165825	3.688235	33
-0.853284	-0.169727	4.117282	34
-0.872899	-0.173628	4.584770	35
-0.892515	-0.177530	5.093684	36
-0.912131	-0.181432	5.647168	37
-0.931746	-0.185334	6.248397	38
-0.951362	-0.189236	6.900455	39
-0.970978	-0.193137	7.606670	40
42
-0.202116	-0.057002	0.011695	1
-0.221365	-0.062431	0.008172	2
-0.240614	-0.067860	0.005375	3
-0.259863	-0.073288	0.002961	4
-0.279112	-0.078717	0.001109	5
-0.298361	-0.084146	0.000284	6
-0.317610	-0.089575	0.001127	7
-0.336860	-0.095003	0.004400	8
-0.356109	-0.100432	0.010954	9
-0.375358	-0.105861	0.021716	10
-0.394607	-0.111290	0.037667	11
-0.413856	-0.116719	0.059830	12
-0.433105	-0.122147	0.089255	13
-0.452354	-0.127576	0.126996	14
-0.471603	-0.133005	0.174100	15
-0.490852	-0.138434	0.231586	16
-0.510102	-0.143862	0.300431	17
-0.529351	-0.149291	0.381570	18
-0.548600	-0.154720	0.475881	19
-0.567849	-0.160149	0.584170	20
-0.587098	-0.165577	0.707229	21
-0.606347	-0.171006	0.845839	22
-0.625596	-0.176435	1.000750	23
-0.644845	-0.181864	1.172770	24
-0.664094	-0.187293	1.362776	25
-0.683344	-0.192721	1.571858	26
-0.702593	-0.198150	1.801118	27
-0.721842	-0.203579	2.051897	28
-0.741091	-0.209008	2.325886	29
-0.760340	-0.214436	2.624874	30
-0.779589	-0.219865	2.950944	31
-0.798838	-0.225294	3.306421	32
-0.818087	-0.230723	3.694088	33
-0.837337	-0.236152	4.116751	34
-0.856586	-0.241580	4.577432	35
-0.875835	-0.247009	5.079567	36
-0.895084	-0.252438	5.626642	37
-0.914333	-0.257867	6.222176	38
-0.933582	-0.263295	6.869835	39
-0.952831	-0.268724	7.573429	40
43
-0.197020	-0.072684	0.011379	1
-0.215784	-0.079607	0.008359	2
-0.234548	-0.086529	0.005956	3
-0.253312	-0.093451	0.003676	4
-0.272076	-0.100373	0.001702	5
-0.290840	-0.107296	0.000548	6
-0.309603	-0.114218	0.000916	7
-0.328367	-0.121140	0.003631	8
-0.347131	-0.128063	0.009614	9
-0.365895	-0.134985	0.019869	10
-0.384659	-0.141907	0.035465	11
-0.403423	-0.148830	0.057520	12
-0.422186	-0.155752	0.087184	13
-0.440950	-0.162674	0.125614	14
-0.459714	-0.169597	0.173944	15
-0.478478	-0.176519	0.233265	16
-0.497242	-0.183441	0.304592	17
-0.516006	-0.190363	0.388851	18
-0.534769	-0.197286	0.486873	19
-0.553533	-0.204208	0.599354	20
-0.572297	-0.211130	0.726899	21
-0.591061	-0.218053	0.870068	22
-0.609825	-0.224975	1.029348	23
-0.628589	-0.231897	1.205290	24
-0.647352	-0.238820	1.398448	25
-0.666116	-0.245742	1.609572	26
-0.684880	-0.252664	1.839613	27
-0.703644	-0.259587	2.089679	28
-0.722408	-0.266509	2.361270	29
-0.741172	-0.273431	2.656125	30
-0.759935	-0.280353	2.976414	31
-0.778699	-0.287276	3.324637	32
-0.797463	-0.294198	3.703639	33
-0.816227	-0.301120	4.116639	34
-0.834991	-0.308043	4.567106	35
-0.853755	-0.314965	5.058843	36
-0.872519	-0.321887	5.595824	37
-0.891282	-0.328810	6.182384	38
-0.910046	-0.335732	6.822799	39
-0.928810	-0.342654	7.521566	40
44
-0.190710	-0.087918	0.010965	1
-0.208873	-0.096291	0.008672	2
-0.227036	-0.104665	0.006825	3
-0.245199	-0.113038	0.004745	4
-0.263362	-0.121411	0.002634	5
-0.281525	-0.129784	0.001075	6
-0.299687	-0.138157	0.000844	7
-0.317850	-0.146530	0.002839	8
-0.336013	-0.154904	0.008062	9
-0.354176	-0.163277	0.017606	10
-0.372339	-0.171650	0.032649	11
-0.390502	-0.180023	0.054435	12
-0.408665	-0.188396	0.084258	13
-0.426828	-0.196769	0.123423	14
-0.444990	-0.205143	0.173210	15
-0.463153	-0.213516	0.234835	16
-0.481316	-0.221889	0.309402	17
-0.499479	-0.230262	0.397861	18
-0.517642	-0.238635	0.501012	19
-0.535805	-0.247008	0.619398	20
-0.553968	-0.255382	0.753379	21
-0.572131	-0.263755	0.903252	22
-0.590294	-0.272128	1.069089	23
-0.608456	-0.280501	1.250978	24
-0.626619	-0.288874	1.449055	25
-0.644782	-0.297247	1.663601	26
-0.662945	-0.305621	1.895170	27
-0.681108	-0.313994	2.144566	28
-0.699271	-0.322367	2.413081	29
-0.717434	-0.330740	2.702343	30
-0.735597	-0.339113	3.014486	31
-0.753759	-0.347486	3.352312	32
-0.771922	-0.355860	3.718925	33
-0.790085	-0.364233	4.117823	34
-0.808248	-0.372606	4.553127	35
-0.826411	-0.380979	5.029372	36
-0.844574	-0.389352	5.551269	37
-0.862737	-0.397725	6.123860	38
-0.880900	-0.406098	6.752552	39
-0.899062	-0.414472	7.442985	40
45
-0.183224	-0.102610	0.010446	1
-0.200674	-0.112383	0.009173	2
-0.218124	-0.122155	0.008086	3
-0.235574	-0.131927	0.006296	4
-0.253024	-0.141700	0.004047	5
-0.270474	-0.151472	0.002017	6
-0.287924	-0.161245	0.001070	7
-0.305374	-0.171017	0.002184	8
-0.322824	-0.180789	0.006442	9
-0.340274	-0.190562	0.015033	10
-0.357724	-0.200334	0.029260	11
-0.375174	-0.210107	0.050525	12
-0.392624	-0.219879	0.080311	13
-0.410073	-0.229651	0.120138	14
-0.427523	-0.239424	0.171514	15
-0.444973	-0.249196	0.235869	16
-0.462423	-0.258969	0.314480	17
-0.479873	-0.268741	0.408410	18
-0.497323	-0.278513	0.518434	19
-0.514773	-0.288286	0.644953	20
-0.532223	-0.298058	0.788085	21
-0.549673	-0.307831	0.947659	22
-0.567123	-0.317603	1.123181	23
-0.584573	-0.327375	1.314049	24
-0.602023	-0.337148	1.519721	25
-0.619473	-0.346920	1.739857	26
-0.636923	-0.356693	1.974278	27
-0.654373	-0.366465	2.223325	28
-0.671822	-0.376237	2.487988	29
-0.689272	-0.386010	2.769721	30
-0.706722	-0.395782	3.070740	31
-0.724172	-0.405555	3.393925	32
-0.741622	-0.415327	3.742856	33
-0.759072	-0.425099	4.121646	34
-0.776522	-0.434872	4.535043	35
-0.793972	-0.444644	4.988562	36
-0.811422	-0.454417	5.487965	37
-0.828872	-0.464189	6.039445	38
-0.846322	-0.473961	6.649651	39
-0.863772	-0.483734	7.325204	40
46
-0.174609	-0.116670	0.009824	1
-0.191238	-0.127781	0.009935	2
-0.207868	-0.138892	0.009851	3
-0.224497	-0.150004	0.008459	4
-0.241126	-0.161115	0.006092	5
-0.257756	-0.172226	0.003551	6
-0.274385	-0.183338	0.001799	7
-0.291015	-0.194449	0.001892	8
-0.307644	-0.205561	0.004987	9
-0.324273	-0.216672	0.012366	10
-0.340903	-0.227783	0.025459	11
-0.357532	-0.238895	0.045848	12
-0.374162	-0.250006	0.075254	13
-0.390791	-0.261118	0.115492	14
-0.407420	-0.272229	0.168403	15
-0.424050	-0.283340	0.235771	16
-0.440679	-0.294452	0.319199	17
-0.457309	-0.305563	0.419987	18
-0.473938	-0.316674	0.538999	19
-0.490567	-0.327786	0.676577	20
-0.507197	-0.338897	0.832510	21
-0.523826	-0.350009	1.005983	22
-0.540456	-0.361120	1.195720	23
-0.557085	-0.372231	1.400143	24
-0.573715	-0.383343	1.617587	25
-0.590344	-0.394454	1.846584	26
-0.606973	-0.405565	2.086031	27
-0.623603	-0.416677	2.335552	28
-0.640232	-0.427788	2.595528	29
-0.656862	-0.438900	2.867237	30
-0.673491	-0.450011	3.152950	31
-0.690120	-0.461122	3.455798	32
-0.706750	-0.472234	3.779915	33
-0.723379	-0.483345	4.130239	34
-0.740009	-0.494457	4.512524	35
-0.756638	-0.505568	4.933340	36
-0.773267	-0.516679	5.399781	37
-0.789897	-0.527791	5.919760	38
-0.806526	-0.538902	6.501447	39
-0.823156	-0.550013	7.153579	40
47
-0.164917	-0.130010	0.009112	1
-0.180623	-0.142391	0.011015	2
-0.196329	-0.154773	0.012196	3
-0.212036	-0.167155	0.011327	4
-0.227742	-0.179537	0.008888	5
-0.243448	-0.191919	0.005835	6
-0.259155	-0.204301	0.003240	7
-0.274861	-0.216683	0.002227	8
-0.290568	-0.229064	0.004009	9
-0.306274	-0.241446	0.009939	10
-0.321980	-0.253828	0.021560	11
-0.337687	-0.266210	0.040635	12
-0.353393	-0.278592	0.069156	13
-0.369099	-0.290974	0.109311	14
-0.384806	-0.303356	0.163411	15
-0.400512	-0.315737	0.233777	16
-0.416218	-0.328119	0.322576	17
-0.431925	-0.340501	0.431601	18
-0.447631	-0.352883	0.562063	19
-0.463337	-0.365265	0.714374	20
-0.479044	-0.377647	0.887965	21
-0.494750	-0.390029	1.081280	22
-0.510456	-0.402411	1.291891	23
-0.526163	-0.414792	1.516664	24
-0.541869	-0.427174	1.752213	25
-0.557576	-0.439556	1.995298	26
-0.573282	-0.451938	2.243302	27
-0.588988	-0.464320	2.494710	28
-0.604695	-0.476702	2.749090	29
-0.620401	-0.489084	3.007435	30
-0.636107	-0.501465	3.272144	31
-0.651814	-0.513847	3.546844	32
-0.667520	-0.526229	3.836441	33
-0.683226	-0.538611	4.146985	34
-0.698933	-0.550993	4.485443	35
-0.714639	-0.563375	4.859841	36
-0.730345	-0.575757	5.279126	37
-0.746052	-0.588138	5.752929	38
-0.761758	-0.600520	6.291825	39
-0.777464	-0.612902	6.907137	40
48
-0.154208	-0.142548	0.008333	1
-0.168894	-0.156124	0.012415	2
-0.183581	-0.169700	0.015094	3
-0.198267	-0.183276	0.014877	4
-0.212954	-0.196852	0.012444	5
-0.227640	-0.210428	0.008935	6
-0.242327	-0.224004	0.005530	7
-0.257013	-0.237580	0.003414	8
-0.271700	-0.251156	0.003826	9
-0.286386	-0.264732	0.008154	10
-0.301072	-0.278308	0.018011	11
-0.315759	-0.291884	0.035310	12
-0.330445	-0.305460	0.062310	13
-0.345132	-0.319036	0.101621	14
-0.359818	-0.332612	0.156157	15
-0.374505	-0.346188	0.229010	16
-0.389191	-0.359764	0.323246	17
-0.403878	-0.373340	0.441594	18
-0.418564	-0.386916	0.586037	19
-0.433251	-0.400492	0.757435	20
-0.447937	-0.414068	0.955122	21
-0.462624	-0.427644	1.176615	22
-0.477310	-0.441220	1.417817	23
-0.491996	-0.454796	1.673230	24
-0.506683	-0.468372	1.936612	25
-0.521369	-0.481948	2.201912	26
-0.536056	-0.495524	2.464069	27
-0.550742	-0.509100	2.719640	28
-0.565429	-0.522676	2.967216	29
-0.580115	-0.536252	3.207481	30
-0.594802	-0.549828	3.443243	31
-0.609488	-0.563404	3.678955	32
-0.624175	-0.576980	3.920775	33
-0.638861	-0.590556	4.176305	34
-0.653548	-0.604132	4.454080	35
-0.668234	-0.617708	4.763980	36
-0.682921	-0.631284	5.116949	37
-0.697607	-0.644860	5.524945	38
-0.712293	-0.658436	6.001272	39
-0.726980	-0.672012	6.559986	40
49
-0.142548	-0.154208	0.007511	1
-0.156124	-0.168894	0.014008	2
-0.169700	-0.183581	0.018319	3
-0.183276	-0.198267	0.018864	4
-0.196852	-0.212953	0.016553	5
-0.210428	-0.227640	0.012708	6
-0.224004	-0.242326	0.008616	7
-0.237580	-0.257013	0.005503	8
-0.251156	-0.271699	0.004614	9
-0.264732	-0.286386	0.007326	10
-0.278309	-0.301072	0.015261	11
-0.291885	-0.315758	0.030406	12
-0.305461	-0.330445	0.055222	13
-0.319037	-0.345131	0.092721	14
-0.332613	-0.359818	0.146489	15
-0.346189	-0.374504	0.220612	16
-0.359765	-0.389191	0.319482	17
-0.373341	-0.403877	0.447394	18
-0.386917	-0.418564	0.607915	19
-0.400493	-0.433250	0.803190	20
-0.414069	-0.447936	1.033037	21
-0.427645	-0.462623	1.294219	22
-0.441221	-0.477309	1.580314	23
-0.454797	-0.491996	1.882058	24
-0.468373	-0.506682	2.188449	25
-0.481949	-0.521369	2.488575	26
-0.495525	-0.536055	2.773303	27
-0.509101	-0.550742	3.036289	28
-0.522677	-0.565428	3.274891	29
-0.536253	-0.580114	3.489861	30
-0.549829	-0.594801	3.685058	31
-0.563405	-0.609487	3.866651	32
-0.576981	-0.624174	4.042830	33
-0.590557	-0.638860	4.223308	34
-0.604133	-0.653547	4.418757	35
-0.617709	-0.668233	4.641170	36
-0.631285	-0.682919	4.903621	37
-0.644861	-0.697606	5.220509	38
-0.658437	-0.712292	5.607971	39
-0.672013	-0.726979	6.083530	40
50
-0.130010	-0.164916	0.006653	1
-0.142392	-0.180623	0.015467	2
-0.154774	-0.196329	0.021352	3
-0.167155	-0.212035	0.022731	4
-0.179537	-0.227742	0.020702	5
-0.191919	-0.243448	0.016719	6
-0.204301	-0.259154	0.012143	7
-0.216683	-0.274861	0.008230	8
-0.229065	-0.290567	0.006218	9
-0.241447	-0.306273	0.007444	10
-0.253829	-0.321980	0.013479	11
-0.266211	-0.337686	0.026288	12
-0.278592	-0.353392	0.048400	13
-0.290974	-0.369099	0.083093	14
-0.303356	-0.384805	0.134554	15
-0.315738	-0.400511	0.207951	16
-0.328120	-0.416218	0.309379	17
-0.340502	-0.431924	0.445496	18
-0.352884	-0.447630	0.622755	19
-0.365266	-0.463337	0.846166	20
-0.377648	-0.479043	1.117593	21
-0.390029	-0.494749	1.433989	22
-0.402411	-0.510456	1.786074	23
-0.414793	-0.526162	2.158505	24
-0.427175	-0.541868	2.531826	25
-0.439557	-0.557575	2.886214	26
-0.451939	-0.573281	3.205513	27
-0.464321	-0.588987	3.479355	28
-0.476703	-0.604694	3.703978	29
-0.489085	-0.620400	3.881525	30
-0.501466	-0.636106	4.018560	31
-0.513848	-0.651813	4.124676	32
-0.526230	-0.667519	4.211426	33
-0.538612	-0.683225	4.291500	34
-0.550994	-0.698932	4.378303	35
-0.563376	-0.714638	4.485902	36
-0.575758	-0.730344	4.629432	37
-0.588140	-0.746051	4.825318	38
-0.600522	-0.761757	5.091896	39
-0.612903	-0.777463	5.450264	40
51
-0.116670	-0.174609	0.005727	1
-0.127781	-0.191238	0.016236	2
-0.138893	-0.207867	0.023378	3
-0.150004	-0.224497	0.025622	4
-0.161115	-0.241126	0.024096	5
-0.172227	-0.257756	0.020255	6
-0.183338	-0.274385	0.015464	7
-0.194450	-0.291014	0.010987	8
-0.205561	-0.307644	0.008052	9
-0.216673	-0.324273	0.007959	10
-0.227784	-0.340902	0.012209	11
-0.238895	-0.357532	0.022674	12
-0.250007	-0.374161	0.041809	13
-0.261118	-0.390791	0.072927	14
-0.272230	-0.407420	0.120535	15
-0.283341	-0.424049	0.190674	16
-0.294452	-0.440679	0.291193	17
-0.305564	-0.457308	0.431778	18
-0.316675	-0.473938	0.623375	19
-0.327787	-0.490567	0.876599	20
-0.338898	-0.507196	1.198924	21
-0.350009	-0.523826	1.590520	22
-0.361121	-0.540455	2.039902	23
-0.372232	-0.557085	2.521890	24
-0.383344	-0.573714	3.000584	25
-0.394455	-0.590343	3.438740	26
-0.405566	-0.606973	3.807857	27
-0.416678	-0.623602	4.092516	28
-0.427789	-0.640231	4.290204	29
-0.438901	-0.656861	4.408189	30
-0.450012	-0.673490	4.459490	31
-0.461124	-0.690120	4.460150	32
-0.472235	-0.706749	4.427137	33
-0.483346	-0.723378	4.377154	34
-0.494458	-0.740008	4.326360	35
-0.505569	-0.756637	4.290673	36
-0.516681	-0.773267	4.286242	37
-0.527792	-0.789896	4.330277	38
-0.538903	-0.806525	4.442088	39
-0.550015	-0.823155	4.644284	40
52
-0.102610	-0.183224	0.004654	1
-0.112383	-0.200674	0.015635	2
-0.122155	-0.218124	0.023466	3
-0.131928	-0.235574	0.026591	4
-0.141700	-0.253024	0.025878	5
-0.151473	-0.270474	0.022580	6
-0.161245	-0.287924	0.017939	7
-0.171017	-0.305374	0.013154	8
-0.180790	-0.322823	0.009416	9
-0.190562	-0.340273	0.007998	10
-0.200335	-0.357723	0.010363	11
-0.210107	-0.375173	0.018308	12
-0.219880	-0.392623	0.034169	13
-0.229652	-0.410073	0.061121	14
-0.239424	-0.427523	0.103622	15
-0.249197	-0.444973	0.168024	16
-0.258969	-0.462423	0.263340	17
-0.268742	-0.479873	0.402125	18
-0.278514	-0.497323	0.600920	19
-0.288287	-0.514773	0.879512	20
-0.298059	-0.532223	1.257625	21
-0.307831	-0.549672	1.747272	22
-0.317604	-0.567122	2.340651	23
-0.327376	-0.584572	2.997787	24
-0.337149	-0.602022	3.646690	25
-0.346921	-0.619472	4.211245	26
-0.356694	-0.636922	4.642021	27
-0.366466	-0.654372	4.922077	28
-0.376238	-0.671822	5.059392	29
-0.386011	-0.689272	5.076019	30
-0.395783	-0.706722	4.998787	31
-0.405556	-0.724172	4.854423	32
-0.415328	-0.741622	4.667211	33
-0.425101	-0.759071	4.457960	34
-0.434873	-0.776521	4.244508	35
-0.444645	-0.793971	4.043081	36
-0.454418	-0.811421	3.869011	37
-0.464190	-0.828871	3.738039	38
-0.473963	-0.846321	3.668040	39
-0.483735	-0.863771	3.680686	40
53
-0.087919	-0.190710	0.003357	1
-0.096292	-0.208873	0.013195	2
-0.104665	-0.227036	0.021015	3
-0.113038	-0.245199	0.025062	4
-0.121411	-0.263362	0.025624	5
-0.129785	-0.281524	0.023511	6
-0.138158	-0.299687	0.019657	7
-0.146531	-0.317850	0.015024	8
-0.154904	-0.336013	0.010646	9
-0.163277	-0.354176	0.007680	10
-0.171650	-0.372339	0.007534	11
-0.180024	-0.390502	0.011978	12
-0.188397	-0.408664	0.023328	13
-0.196770	-0.426827	0.044693	14
-0.205143	-0.444990	0.080398	15
-0.213516	-0.463153	0.136626	16
-0.221890	-0.481316	0.222565	17
-0.230263	-0.499479	0.352078	18
-0.238636	-0.517642	0.546212	19
-0.247009	-0.535804	0.835628	20
-0.255382	-0.553967	1.261005	21
-0.263756	-0.572130	1.865707	22
-0.272129	-0.590293	2.671036	23
-0.280502	-0.608456	3.626726	24
-0.288875	-0.626619	4.564188	25
-0.297248	-0.644782	5.304734	26
-0.305622	-0.662945	5.775675	27
-0.313995	-0.681107	5.986304	28
-0.322368	-0.699270	5.984327	29
-0.330741	-0.717433	5.825895	30
-0.339114	-0.735596	5.560987	31
-0.347488	-0.753759	5.229384	32
-0.355861	-0.771922	4.860710	33
-0.364234	-0.790085	4.476521	34
-0.372607	-0.808247	4.092900	35
-0.380980	-0.826410	3.722855	36
-0.389354	-0.844573	3.377960	37
-0.397727	-0.862736	3.070101	38
-0.406100	-0.880899	2.813377	39
-0.414473	-0.899062	2.625699	40
54
-0.072685	-0.197020	0.001891	1
-0.079607	-0.215784	0.009154	2
-0.086529	-0.234548	0.016318	3
-0.093452	-0.253312	0.021377	4
-0.100374	-0.272076	0.023929	5
-0.107296	-0.290839	0.024174	6
-0.114219	-0.309603	0.022497	7
-0.121141	-0.328367	0.019364	8
-0.128063	-0.347131	0.015342	9
-0.134986	-0.365895	0.011190	10
-0.141908	-0.384658	0.007975	11
-0.148830	-0.403422	0.007225	12
-0.155753	-0.422186	0.011134	13
-0.162675	-0.440950	0.022829	14
-0.169597	-0.459714	0.046749	15
-0.176520	-0.478478	0.089240	16
-0.183442	-0.497241	0.159528	17
-0.190364	-0.516005	0.271558	18
-0.197287	-0.534769	0.447462	19
-0.204209	-0.553533	0.724184	20
-0.211131	-0.572297	1.164198	21
-0.218054	-0.591061	1.867677	22
-0.224976	-0.609824	2.964538	23
-0.231898	-0.628588	4.500202	24
-0.238821	-0.647352	5.965475	25
-0.245743	-0.666116	6.862450	26
-0.252665	-0.684880	7.210806	27
-0.259588	-0.703644	7.166234	28
-0.266510	-0.722407	6.875851	29
-0.273432	-0.741171	6.445463	30
-0.280355	-0.759935	5.943055	31
-0.287277	-0.778699	5.409715	32
-0.294199	-0.797463	4.868830	33
-0.301122	-0.816227	4.333051	34
-0.308044	-0.834990	3.809911	35
-0.314966	-0.853754	3.304789	36
-0.321889	-0.872518	2.823037	37
-0.328811	-0.891282	2.371895	38
-0.335733	-0.910046	1.962017	39
-0.342656	-0.928809	1.608650	40
55
-0.057002	-0.202116	0.000616	1
-0.062431	-0.221365	0.004735	2
-0.067860	-0.240614	0.010717	3
-0.073289	-0.259863	0.016978	4
-0.078718	-0.279112	0.022760	5
-0.084146	-0.298361	0.027604	6
-0.089575	-0.317610	0.031125	7
-0.095004	-0.336859	0.032995	8
-0.100433	-0.356108	0.032980	9
-0.105862	-0.375358	0.031005	10
-0.111290	-0.394607	0.027249	11
-0.116719	-0.413856	0.022279	12
-0.122148	-0.433105	0.017284	13
-0.127577	-0.452354	0.014432	14
-0.133006	-0.471603	0.017416	15
-0.138434	-0.490852	0.032275	16
-0.143863	-0.510101	0.068633	17
-0.149292	-0.529350	0.141599	18
-0.154721	-0.548600	0.275149	19
-0.160150	-0.567849	0.508872	20
-0.165578	-0.587098	0.913828	21
-0.171007	-0.606347	1.633186	22
-0.176436	-0.625596	3.000396	23
-0.181865	-0.644845	5.956668	24
-0.187294	-0.664094	8.373415	25
-0.192722	-0.683343	8.845917	26
-0.198151	-0.702592	8.530854	27
-0.203580	-0.721842	7.920736	28
-0.209009	-0.741091	7.216929	29
-0.214438	-0.760340	6.503889	30
-0.219866	-0.779589	5.814150	31
-0.225295	-0.798838	5.156763	32
-0.230724	-0.818087	4.530168	33
-0.236153	-0.837336	3.928934	34
-0.241582	-0.856585	3.347603	35
-0.247010	-0.875834	2.782985	36
-0.252439	-0.895083	2.235662	37
-0.257868	-0.914333	1.711471	38
-0.263297	-0.933582	1.223385	39
-0.268726	-0.952831	0.793487	40
56
-0.040969	-0.205965	0.000059	1
-0.044871	-0.225581	0.001428	2
-0.048772	-0.245196	0.005911	3
-0.052674	-0.264812	0.014127	4
-0.056576	-0.284428	0.025567	5
-0.060478	-0.304043	0.039083	6
-0.064380	-0.323659	0.053387	7
-0.068281	-0.343275	0.067288	8
-0.072183	-0.362891	0.079742	9
-0.076085	-0.382506	0.089820	10
-0.079987	-0.402122	0.096673	11
-0.083889	-0.421738	0.099508	12
-0.087790	-0.441353	0.097624	13
-0.091692	-0.460969	0.090554	14
-0.095594	-0.480585	0.078403	15
-0.099496	-0.500201	0.062552	16
-0.103398	-0.519816	0.046996	17
-0.107299	-0.539432	0.040809	18
-0.111201	-0.559048	0.062699	19
-0.115103	-0.578663	0.150311	20
-0.119005	-0.598279	0.384213	21
-0.122907	-0.617895	0.967539	22
-0.126808	-0.637511	2.533084	23
-0.130710	-0.657126	9.873428	24
-0.134612	-0.676742	11.386296	25
-0.138514	-0.696358	9.316276	26
-0.142416	-0.715973	8.184422	27
-0.146317	-0.735589	7.256813	28
-0.150219	-0.755205	6.437701	29
-0.154121	-0.774820	5.706218	30
-0.158023	-0.794436	5.045302	31
-0.161925	-0.814052	4.436775	32
-0.165826	-0.833668	3.863045	33
-0.169728	-0.853283	3.309360	34
-0.173630	-0.872899	2.764887	35
-0.177532	-0.892515	2.224188	36
-0.181433	-0.912130	1.688656	37
-0.185335	-0.931746	1.169061	38
-0.189237	-0.951362	0.689470	39
-0.193139	-0.970978	0.292893	40
57
-0.081100	-0.685217	25.391309	25
-0.083451	-0.705079	14.987110	26
-0.085802	-0.724940	10.152137	27
-0.088152	-0.744801	7.648116	28
-0.090503	-0.764663	6.169299	29
-0.092854	-0.784524	5.178286	30
-0.095205	-0.804386	4.437649	31
-0.097555	-0.824247	3.830805	32
-0.099906	-0.844108	3.293516	33
-0.102257	-0.863970	2.787864	34
-0.104608	-0.883831	2.291685	35
-0.106958	-0.903692	1.794480	36
-0.109309	-0.923554	1.297556	37
-0.111660	-0.943415	0.816922	38
-0.114011	-0.963276	0.389308	39
-0.116361	-0.983138	0.082840	40
58
-0.027089	-0.689468	32.797694	25
-0.027874	-0.709453	19.605632	26
-0.028659	-0.729437	12.697467	27
-0.029444	-0.749422	8.947889	28
-0.030229	-0.769406	6.769443	29
-0.031015	-0.789391	5.396887	30
-0.031800	-0.809376	4.453045	31
-0.032585	-0.829360	3.742055	32
-0.033370	-0.849345	3.155526	33
-0.034155	-0.869329	2.630713	34
-0.034940	-0.889314	2.131601	35
-0.035726	-0.909298	1.640251	36
-0.036511	-0.929283	1.154737	37
-0.037296	-0.949268	0.691528	38
-0.038081	-0.969252	0.292067	39
-0.038866	-0.989237	0.035254	40
59
0.027083	-0.689468	24.036548	25
0.027868	-0.709453	14.593006	26
0.028653	-0.729437	10.243135	27
0.029438	-0.749422	7.923224	28
0.030223	-0.769407	6.473408	29
0.031008	-0.789391	5.444138	30
0.031793	-0.809376	4.643464	31
0.032578	-0.829360	3.976013	32
0.033363	-0.849345	3.386432	33
0.034148	-0.869330	2.839273	34
0.034933	-0.889314	2.312051	35
0.035718	-0.909299	1.793264	36
0.036503	-0.929283	1.283010	37
0.037288	-0.949268	0.796349	38
0.038073	-0.969253	0.369817	39
0.038858	-0.989237	0.071742	40
60
0.024681	-0.208545	0.000031	1
0.027032	-0.228406	0.001413	2
0.029382	-0.248267	0.006497	3
0.031733	-0.268129	0.016375	4
0.034083	-0.287990	0.030744	5
0.036434	-0.307852	0.048503	6
0.038784	-0.327713	0.068361	7
0.041135	-0.347574	0.089116	8
0.043486	-0.367436	0.109726	9
0.045836	-0.387297	0.129262	10
0.048187	-0.407158	0.146839	11
0.050537	-0.427020	0.161519	12
0.052888	-0.446881	0.172216	13
0.055239	-0.466743	0.177573	14
0.057589	-0.486604	0.175856	15
0.059940	-0.506465	0.164913	16
0.062290	-0.526327	0.142541	17
0.064641	-0.546188	0.108330	18
0.066991	-0.566050	0.070565	19
0.069342	-0.585911	0.069777	20
0.071693	-0.605772	0.255823	21
0.074043	-0.625634	1.136472	22
0.076394	-0.645495	4.377876	23
0.078744	-0.665357	11.917915	24
0.081095	-0.685218	13.059574	25
0.083445	-0.705079	10.606890	26
0.085796	-0.724941	9.155444	27
0.088147	-0.744802	7.985759	28
0.090497	-0.764663	6.980852	29
0.092848	-0.784525	6.103944	30
0.095198	-0.804386	5.328079	31
0.097549	-0.824248	4.628480	32
0.099899	-0.844109	3.983214	33
0.102250	-0.863970	3.373992	34
0.104601	-0.883832	2.787157	35
0.106951	-0.903693	2.215313	36
0.109302	-0.923555	1.658456	37
0.111652	-0.943416	1.126647	38
0.114003	-0.963277	0.644230	39
0.116353	-0.983139	0.255290	40
61
0.040967	-0.205965	0.000648	1
0.044869	-0.225581	0.005125	2
0.048770	-0.245197	0.012255	3
0.052672	-0.264812	0.020697	4
0.056574	-0.284428	0.029671	5
0.060475	-0.304044	0.038523	6
0.064377	-0.323660	0.046570	7
0.068279	-0.343275	0.053109	8
0.072180	-0.362891	0.057476	9
0.076082	-0.382507	0.059089	10
0.079984	-0.402123	0.057520	11
0.083885	-0.421738	0.052617	12
0.087787	-0.441354	0.044763	13
0.091689	-0.460970	0.035337	14
0.095590	-0.480586	0.027588	15
0.099492	-0.500201	0.028146	16
0.103393	-0.519817	0.049547	17
0.107295	-0.539433	0.114125	18
0.111197	-0.559049	0.259307	19
0.115098	-0.578664	0.543199	20
0.119000	-0.598280	1.047863	21
0.122902	-0.617896	1.881395	22
0.126803	-0.637512	3.232225	23
0.130705	-0.657127	5.861087	24
0.134607	-0.676743	8.243246	25
0.138508	-0.696359	8.792792	26
0.142410	-0.715974	8.567811	27
0.146311	-0.735590	8.020773	28
0.150213	-0.755206	7.347036	29
0.154115	-0.774822	6.637655	30
0.158016	-0.794437	5.934274	31
0.161918	-0.814053	5.253077	32
0.165820	-0.833669	4.597630	33
0.169721	-0.853285	3.965965	34
0.173623	-0.872900	3.354860	35
0.177525	-0.892516	2.762784	36
0.181426	-0.912132	2.191546	37
0.185328	-0.931748	1.648371	38
0.189230	-0.951363	1.147847	39
0.193131	-0.970979	0.714006	40
62
0.057001	-0.202116	0.001941	1
0.062429	-0.221365	0.009619	2
0.067858	-0.240614	0.017838	3
0.073287	-0.259864	0.024586	4
0.078715	-0.279113	0.029264	5
0.084144	-0.298362	0.031755	6
0.089573	-0.317611	0.032073	7
0.095001	-0.336860	0.030291	8
0.100430	-0.356109	0.026600	9
0.105859	-0.375358	0.021432	10
0.111287	-0.394608	0.015630	11
0.116716	-0.413857	0.010702	12
0.122145	-0.433106	0.009141	13
0.127573	-0.452355	0.014881	14
0.133002	-0.471604	0.033863	15
0.138431	-0.490853	0.074689	16
0.143859	-0.510102	0.149329	17
0.149288	-0.529352	0.273866	18
0.154716	-0.548601	0.469608	19
0.160145	-0.567850	0.766115	20
0.165574	-0.587099	1.209094	21
0.171002	-0.606348	1.876675	22
0.176431	-0.625597	2.891747	23
0.181860	-0.644847	4.336497	24
0.187288	-0.664096	5.759912	25
0.192717	-0.683345	6.664507	26
0.198146	-0.702594	7.055173	27
0.203574	-0.721843	7.066905	28
0.209003	-0.741092	6.830031	29
0.214432	-0.760341	6.441071	30
0.219860	-0.779591	5.964898	31
0.225289	-0.798840	5.442704	32
0.230718	-0.818089	4.899928	33
0.236146	-0.837338	4.352053	34
0.241575	-0.856587	3.809312	35
0.247004	-0.875836	3.279695	36
0.252432	-0.895085	2.771151	37
0.257861	-0.914335	2.293537	38
0.263289	-0.933584	1.859930	39
0.268718	-0.952833	1.488006	40
63
0.072683	-0.197021	0.003397	1
0.079605	-0.215785	0.013515	2
0.086527	-0.234549	0.021938	3
0.093450	-0.253312	0.026782	4
0.100372	-0.272076	0.028103	5
0.107294	-0.290840	0.026445	6
0.114216	-0.309604	0.022504	7
0.121138	-0.328368	0.017067	8
0.128060	-0.347132	0.011078	9
0.134983	-0.365896	0.005761	10
0.141905	-0.384660	0.002760	11
0.148827	-0.403423	0.004303	12
0.155749	-0.422187	0.013380	13
0.162671	-0.440951	0.033935	14
0.169594	-0.459715	0.071103	15
0.176516	-0.478479	0.131490	16
0.183438	-0.497243	0.223751	17
0.190360	-0.516007	0.359572	18
0.197282	-0.534771	0.555735	19
0.204205	-0.553535	0.837091	20
0.211127	-0.572298	1.239167	21
0.218049	-0.591062	1.805268	22
0.224971	-0.609826	2.565459	23
0.231893	-0.628590	3.484706	24
0.238815	-0.647354	4.405383	25
0.245738	-0.666118	5.151546	26
0.252660	-0.684882	5.647090	27
0.259582	-0.703646	5.893899	28
0.266504	-0.722410	5.931284	29
0.273426	-0.741173	5.808058	30
0.280349	-0.759937	5.569425	31
0.287271	-0.778701	5.252737	32
0.294193	-0.797465	4.887067	33
0.301115	-0.816229	4.494758	34
0.308037	-0.834993	4.093677	35
0.314960	-0.853757	3.698811	36
0.321882	-0.872521	3.324200	37
0.328804	-0.891284	2.984480	38
0.335726	-0.910048	2.696387	39
0.342648	-0.928812	2.480553	40
64
0.087917	-0.190711	0.004679	1
0.096290	-0.208874	0.015762	2
0.104663	-0.227037	0.023705	3
0.113036	-0.245200	0.026814	4
0.121409	-0.263362	0.025804	5
0.129782	-0.281525	0.021815	6
0.138155	-0.299688	0.016048	7
0.146528	-0.317851	0.009745	8
0.154901	-0.336014	0.004252	9
0.163274	-0.354177	0.001095	10
0.171648	-0.372340	0.002083	11
0.180021	-0.390503	0.009407	12
0.188394	-0.408666	0.025753	13
0.196767	-0.426829	0.054465	14
0.205140	-0.444992	0.099801	15
0.213513	-0.463155	0.167358	16
0.221886	-0.481318	0.264690	17
0.230259	-0.499481	0.402277	18
0.238632	-0.517644	0.594390	19
0.247005	-0.535806	0.859283	20
0.255378	-0.553969	1.217017	21
0.263751	-0.572132	1.682722	22
0.272124	-0.590295	2.254184	23
0.280497	-0.608458	2.897259	24
0.288870	-0.626621	3.543451	25
0.297243	-0.644784	4.117329	26
0.305616	-0.662947	4.567431	27
0.313989	-0.681110	4.873034	28
0.322362	-0.699273	5.037708	29
0.330735	-0.717436	5.078859	30
0.339109	-0.735599	5.019820	31
0.347482	-0.753762	4.885243	32
0.355855	-0.771925	4.698207	33
0.364228	-0.790087	4.479421	34
0.372601	-0.808250	4.248008	35
0.380974	-0.826413	4.021540	36
0.389347	-0.844576	3.817198	37
0.397720	-0.862739	3.653263	38
0.406093	-0.880902	3.550126	39
0.414466	-0.899065	3.532376	40
65
0.102609	-0.183225	0.005742	1
0.112381	-0.200675	0.016216	2
0.122154	-0.218125	0.023123	3
0.131926	-0.235575	0.024836	4
0.141698	-0.253025	0.022452	5
0.151470	-0.270475	0.017462	6
0.161243	-0.287925	0.011337	7
0.171015	-0.305375	0.005510	8
0.180787	-0.322825	0.001425	9
0.190560	-0.340275	0.000622	10
0.200332	-0.357725	0.004817	11
0.210104	-0.375175	0.016007	12
0.219877	-0.392625	0.036612	13
0.229649	-0.410075	0.069675	14
0.239421	-0.427525	0.119131	15
0.249193	-0.444975	0.190165	16
0.258966	-0.462425	0.289584	17
0.268738	-0.479875	0.426092	18
0.278510	-0.497325	0.610046	19
0.288283	-0.514775	0.852347	20
0.298055	-0.532225	1.161813	21
0.307827	-0.549675	1.541009	22
0.317599	-0.567125	1.981314	23
0.327372	-0.584575	2.459893	24
0.337144	-0.602025	2.942069	25
0.346916	-0.619475	3.390530	26
0.356689	-0.636925	3.775175	27
0.366461	-0.654375	4.078199	28
0.376233	-0.671825	4.294450	29
0.386005	-0.689275	4.428351	30
0.395778	-0.706725	4.490569	31
0.405550	-0.724175	4.495576	32
0.415322	-0.741625	4.459472	33
0.425095	-0.759075	4.398774	34
0.434867	-0.776525	4.330280	35
0.444639	-0.793975	4.271111	36
0.454411	-0.811425	4.238828	37
0.464184	-0.828875	4.252706	38
0.473956	-0.846325	4.334376	39
0.483728	-0.863775	4.509408	40
66
0.116668	-0.174610	0.006665	1
0.127780	-0.191239	0.015370	2
0.138891	-0.207868	0.020853	3
0.150002	-0.224498	0.021496	4
0.161114	-0.241127	0.018461	5
0.172225	-0.257757	0.013331	6
0.183336	-0.274386	0.007637	7
0.194447	-0.291016	0.002824	8
0.205559	-0.307645	0.000305	9
0.216670	-0.324275	0.001550	10
0.227781	-0.340904	0.008179	11
0.238892	-0.357534	0.022083	12
0.250004	-0.374163	0.045572	13
0.261115	-0.390793	0.081548	14
0.272226	-0.407422	0.133697	15
0.283338	-0.424052	0.206628	16
0.294449	-0.440681	0.305953	17
0.305560	-0.457311	0.438090	18
0.316671	-0.473940	0.609617	19
0.327783	-0.490570	0.826216	20
0.338894	-0.507199	1.090849	21
0.350005	-0.523829	1.401924	22
0.361117	-0.540458	1.751547	23
0.372228	-0.557087	2.125258	24
0.383339	-0.573717	2.503990	25
0.394450	-0.590346	2.867570	26
0.405562	-0.606976	3.198609	27
0.416673	-0.623605	3.485238	28
0.427784	-0.640235	3.721992	29
0.438895	-0.656864	3.909209	30
0.450007	-0.673494	4.051966	31
0.461118	-0.690123	4.158686	32
0.472229	-0.706753	4.240472	33
0.483341	-0.723382	4.309942	34
0.494452	-0.740012	4.380741	35
0.505563	-0.756641	4.467967	36
0.516674	-0.773271	4.587953	37
0.527786	-0.789900	4.758710	38
0.538897	-0.806530	5.000754	39
0.550008	-0.823159	5.337737	40
67
0.130009	-0.164918	0.007524	1
0.142390	-0.180624	0.013889	2
0.154772	-0.196330	0.017773	3
0.167154	-0.212037	0.017593	4
0.179536	-0.227743	0.014372	5
0.191917	-0.243450	0.009593	6
0.204299	-0.259156	0.004714	7
0.216681	-0.274863	0.001112	8
0.229063	-0.290569	0.000136	9
0.241444	-0.306275	0.003197	10
0.253826	-0.321982	0.011862	11
0.266208	-0.337688	0.027970	12
0.278590	-0.353395	0.053743	13
0.290971	-0.369101	0.091892	14
0.303353	-0.384808	0.145688	15
0.315735	-0.400514	0.218950	16
0.328117	-0.416220	0.315935	17
0.340498	-0.431927	0.441007	18
0.352880	-0.447633	0.598060	19
0.365262	-0.463340	0.789768	20
0.377644	-0.479046	1.016678	21
0.390026	-0.494753	1.276366	22
0.402407	-0.510459	1.563024	23
0.414789	-0.526165	1.867660	24
0.427171	-0.541872	2.179352	25
0.439553	-0.557578	2.486758	26
0.451934	-0.573285	2.779788	27
0.464316	-0.588991	3.051293	28
0.476698	-0.604698	3.297447	29
0.489080	-0.620404	3.517825	30
0.501461	-0.636110	3.715371	31
0.513843	-0.651817	3.895593	32
0.526225	-0.667523	4.066321	33
0.538607	-0.683230	4.237153	34
0.550988	-0.698936	4.419206	35
0.563370	-0.714643	4.625055	36
0.575752	-0.730349	4.868829	37
0.588134	-0.746055	5.166325	38
0.600515	-0.761762	5.535427	39
0.612897	-0.777468	5.996418	40
68
0.142547	-0.154209	0.008349	1
0.156123	-0.168895	0.012307	2
0.169699	-0.183582	0.014613	3
0.183275	-0.198268	0.013793	4
0.196851	-0.212955	0.010644	5
0.210427	-0.227642	0.006458	6
0.224002	-0.242328	0.002558	7
0.237578	-0.257015	0.000225	8
0.251154	-0.271701	0.000747	9
0.264730	-0.286388	0.005487	10
0.278306	-0.301074	0.015971	11
0.291882	-0.315761	0.033967	12
0.305458	-0.330447	0.061551	13
0.319034	-0.345134	0.101144	14
0.332610	-0.359820	0.155497	15
0.346186	-0.374507	0.227617	16
0.359762	-0.389194	0.320592	17
0.373337	-0.403880	0.437293	18
0.386913	-0.418567	0.579996	19
0.400489	-0.433253	0.749915	20
0.414065	-0.447940	0.946826	21
0.427641	-0.462626	1.168646	22
0.441217	-0.477313	1.411479	23
0.454793	-0.491999	1.669933	24
0.468369	-0.506686	1.937663	25
0.481945	-0.521372	2.208275	26
0.495521	-0.536059	2.476103	27
0.509097	-0.550746	2.737061	28
0.522672	-0.565432	2.989030	29
0.536248	-0.580119	3.232011	30
0.549824	-0.594805	3.468168	31
0.563400	-0.609492	3.701684	32
0.576976	-0.624178	3.938392	33
0.590552	-0.638865	4.185742	34
0.604128	-0.653551	4.452866	35
0.617704	-0.668238	4.750041	36
0.631280	-0.682925	5.088965	37
0.644856	-0.697611	5.482846	38
0.658432	-0.712298	5.946438	39
0.672007	-0.726984	6.496389	40
69
0.154207	-0.142549	0.009131	1
0.168893	-0.156125	0.010932	2
0.183579	-0.169701	0.011823	3
0.198266	-0.183278	0.010501	4
0.212952	-0.196854	0.007548	5
0.227638	-0.210430	0.004043	6
0.242325	-0.224006	0.001158	7
0.257011	-0.237582	0.000078	8
0.271698	-0.251158	0.002025	9
0.286384	-0.264734	0.008312	10
0.301070	-0.278310	0.020399	11
0.315757	-0.291887	0.039941	12
0.330443	-0.305463	0.068813	13
0.345129	-0.319039	0.109101	14
0.359816	-0.332615	0.163050	15
0.374502	-0.346191	0.232978	16
0.389188	-0.359767	0.321119	17
0.403875	-0.373343	0.429394	18
0.418561	-0.386919	0.559206	19
0.433247	-0.400495	0.711214	20
0.447934	-0.414072	0.885070	21
0.462620	-0.427648	1.079396	22
0.477307	-0.441224	1.291804	23
0.491993	-0.454800	1.519145	24
0.506679	-0.468376	1.757946	25
0.521366	-0.481952	2.004690	26
0.536052	-0.495528	2.256392	27
0.550738	-0.509104	2.511062	28
0.565425	-0.522681	2.767819	29
0.580111	-0.536257	3.027250	30
0.594797	-0.549833	3.291413	31
0.609484	-0.563409	3.563680	32
0.624170	-0.576985	3.848833	33
0.638856	-0.590561	4.152945	34
0.653543	-0.604137	4.483299	35
0.668229	-0.617713	4.848257	36
0.682915	-0.631290	5.257411	37
0.697602	-0.644866	5.721524	38
0.712288	-0.658442	6.252271	39
0.726975	-0.672018	6.862509	40
70
0.164916	-0.130011	0.009844	1
0.180622	-0.142393	0.009877	2
0.196328	-0.154775	0.009586	3
0.212034	-0.167157	0.007877	4
0.227741	-0.179539	0.005164	5
0.243447	-0.191921	0.002338	6
0.259153	-0.204303	0.000427	7
0.274859	-0.216685	0.000521	8
0.290566	-0.229067	0.003771	9
0.306272	-0.241449	0.011423	10
0.321978	-0.253831	0.024844	11
0.337684	-0.266213	0.045548	12
0.353391	-0.278595	0.075187	13
0.369097	-0.290977	0.115530	14
0.384803	-0.303359	0.168401	15
0.400509	-0.315741	0.235605	16
0.416216	-0.328123	0.318815	17
0.431922	-0.340505	0.419405	18
0.447628	-0.352887	0.538378	19
0.463334	-0.365269	0.676239	20
0.479041	-0.377651	0.832804	21
0.494747	-0.390033	1.007370	22
0.510453	-0.402415	1.198692	23
0.526159	-0.414797	1.405106	24
0.541866	-0.427179	1.624874	25
0.557572	-0.439561	1.856260	26
0.573278	-0.451943	2.097951	27
0.588985	-0.464325	2.349358	28
0.604691	-0.476706	2.610487	29
0.620397	-0.489088	2.882367	30
0.636103	-0.501470	3.167165	31
0.651810	-0.513852	3.467759	32
0.667516	-0.526234	3.788240	33
0.683222	-0.538616	4.133714	34
0.698928	-0.550998	4.510054	35
0.714635	-0.563380	4.924098	36
0.730341	-0.575762	5.383666	37
0.746047	-0.588144	5.897294	38
0.761753	-0.600526	6.474038	39
0.777460	-0.612908	7.123846	40
71
0.174608	-0.116671	0.010466	1
0.191237	-0.127782	0.009137	2
0.207866	-0.138894	0.007909	3
0.224496	-0.150005	0.005909	4
0.241125	-0.161117	0.003440	5
0.257754	-0.172228	0.001237	6
0.274384	-0.183340	0.000208	7
0.291013	-0.194452	0.001349	8
0.307642	-0.205563	0.005733	9
0.324272	-0.216675	0.014524	10
0.340901	-0.227786	0.028983	11
0.357530	-0.238898	0.050472	12
0.374160	-0.250009	0.080440	13
0.390789	-0.261121	0.120388	14
0.407418	-0.272232	0.171826	15
0.424048	-0.283344	0.236211	16
0.440677	-0.294455	0.314864	17
0.457306	-0.305567	0.408904	18
0.473936	-0.316678	0.519159	19
0.490565	-0.327790	0.646147	20
0.507194	-0.338901	0.790012	21
0.523824	-0.350013	0.950535	22
0.540453	-0.361124	1.127267	23
0.557082	-0.372236	1.319607	24
0.573711	-0.383347	1.526860	25
0.590341	-0.394459	1.748450	26
0.606970	-0.405570	1.984193	27
0.623599	-0.416682	2.234267	28
0.640229	-0.427793	2.499369	29
0.656858	-0.438905	2.780837	30
0.673487	-0.450016	3.080856	31
0.690117	-0.461128	3.402167	32
0.706746	-0.472239	3.748244	33
0.723375	-0.483351	4.123411	34
0.740005	-0.494462	4.532620	35
0.756634	-0.505574	4.981555	36
0.773263	-0.516685	5.476469	37
0.789893	-0.527797	6.024049	38
0.806522	-0.538909	6.631488	39
0.823151	-0.550020	7.306260	40
72
0.183223	-0.102612	0.010983	1
0.200673	-0.112384	0.008651	2
0.218123	-0.122157	0.006712	3
0.235573	-0.131929	0.004500	4
0.253023	-0.141702	0.002253	5
0.270473	-0.151474	0.000593	6
0.287923	-0.161247	0.000324	7
0.305372	-0.171019	0.002353	8
0.322822	-0.180792	0.007675	9
0.340272	-0.190564	0.017365	10
0.357722	-0.200337	0.032578	11
0.375172	-0.210110	0.054537	12
0.392622	-0.219882	0.084518	13
0.410072	-0.229655	0.123822	14
0.427521	-0.239427	0.173736	15
0.444971	-0.249200	0.235495	16
0.462421	-0.258972	0.310228	17
0.479871	-0.268745	0.398936	18
0.497321	-0.278517	0.502406	19
0.514771	-0.288290	0.621251	20
0.532221	-0.298062	0.755901	21
0.549670	-0.307835	0.906542	22
0.567120	-0.317607	1.073256	23
0.584570	-0.327380	1.256124	24
0.602020	-0.337153	1.455208	25
0.619470	-0.346925	1.670674	26
0.636920	-0.356698	1.902979	27
0.654370	-0.366470	2.152820	28
0.671819	-0.376243	2.421404	29
0.689269	-0.386015	2.710246	30
0.706719	-0.395788	3.021500	31
0.724169	-0.405560	3.357838	32
0.741619	-0.415333	3.722254	33
0.759069	-0.425105	4.118567	34
0.776519	-0.434878	4.551006	35
0.793968	-0.444650	5.024242	36
0.811418	-0.454423	5.543325	37
0.828868	-0.464196	6.113774	38
0.846318	-0.473968	6.741271	39
0.863768	-0.483741	7.431156	40
73
0.190710	-0.087920	0.011394	1
0.208872	-0.096293	0.008348	2
0.227035	-0.104666	0.005886	3
0.245198	-0.113040	0.003526	4
0.263361	-0.121413	0.001471	5
0.281524	-0.129786	0.000261	6
0.299686	-0.138160	0.000615	7
0.317849	-0.146533	0.003363	8
0.336012	-0.154906	0.009423	9
0.354175	-0.163280	0.019787	10
0.372338	-0.171653	0.035512	11
0.390500	-0.180026	0.057706	12
0.408663	-0.188399	0.087513	13
0.426826	-0.196773	0.126087	14
0.444989	-0.205146	0.174568	15
0.463152	-0.213519	0.234061	16
0.481314	-0.221893	0.305599	17
0.499477	-0.230266	0.390123	18
0.517640	-0.238639	0.488470	19
0.535803	-0.247013	0.601359	20
0.553966	-0.255386	0.729402	21
0.572129	-0.263759	0.873135	22
0.590291	-0.272133	1.033031	23
0.608454	-0.280506	1.209607	24
0.626617	-0.288879	1.403386	25
0.644780	-0.297252	1.615064	26
0.662943	-0.305626	1.845481	27
0.681105	-0.313999	2.095658	28
0.699268	-0.322372	2.367146	29
0.717431	-0.330746	2.661587	30
0.735594	-0.339119	2.981104	31
0.753757	-0.347492	3.328190	32
0.771919	-0.355866	3.705658	33
0.790082	-0.364239	4.116873	34
0.808245	-0.372612	4.565410	35
0.826408	-0.380986	5.055259	36
0.844571	-0.389359	5.590631	37
0.862734	-0.397732	6.176036	38
0.880896	-0.406106	6.816201	39
0.899059	-0.414479	7.515698	40
74
0.197020	-0.072686	0.011706	1
0.215784	-0.079608	0.008167	2
0.234547	-0.086531	0.005333	3
0.253311	-0.093453	0.002871	4
0.272075	-0.100376	0.000973	5
0.290839	-0.107298	0.000119	6
0.309602	-0.114221	0.000961	7
0.328366	-0.121143	0.004263	8
0.347130	-0.128065	0.010876	9
0.365894	-0.134988	0.021720	10
0.384658	-0.141910	0.037771	11
0.403421	-0.148833	0.060047	12
0.422185	-0.155755	0.089593	13
0.440949	-0.162678	0.127467	14
0.459713	-0.169600	0.174717	15
0.478476	-0.176523	0.232372	16
0.497240	-0.183445	0.301420	17
0.516004	-0.190368	0.382792	18
0.534768	-0.197290	0.477377	19
0.553532	-0.204212	0.585995	20
0.572295	-0.211135	0.709401	21
0.591059	-0.218057	0.848391	22
0.609823	-0.224980	1.003708	23
0.628587	-0.231902	1.176132	24
0.647351	-0.238825	1.366524	25
0.666114	-0.245747	1.575867	26
0.684878	-0.252670	1.805291	27
0.703642	-0.259592	2.056115	28
0.722406	-0.266515	2.329948	29
0.741169	-0.273437	2.628508	30
0.759933	-0.280359	2.953941	31
0.778697	-0.287282	3.308668	32
0.797461	-0.294204	3.695277	33
0.816225	-0.301127	4.116722	34
0.834988	-0.308049	4.576174	35
0.853752	-0.314972	5.077218	36
0.872516	-0.321894	5.623354	37
0.891280	-0.328817	6.218283	38
0.910044	-0.335739	6.866211	39
0.928807	-0.342662	7.571411	40
75
0.202115	-0.057004	0.011932	1
0.221364	-0.062433	0.008062	2
0.240613	-0.067862	0.004974	3
0.259862	-0.073290	0.002445	4
0.279112	-0.078719	0.000667	5
0.298361	-0.084148	0.000080	6
0.317610	-0.089577	0.001283	7
0.336859	-0.095006	0.004988	8
0.356108	-0.100435	0.011993	9
0.375357	-0.105864	0.023160	10
0.394606	-0.111293	0.039402	11
0.413855	-0.116722	0.061674	12
0.433104	-0.122151	0.090952	13
0.452353	-0.127580	0.128231	14
0.471602	-0.133009	0.174504	15
0.490851	-0.138438	0.230756	16
0.510100	-0.143866	0.297961	17
0.529349	-0.149295	0.377058	18
0.548599	-0.154724	0.468986	19
0.567848	-0.160153	0.574648	20
0.587097	-0.165582	0.694911	21
0.606346	-0.171011	0.830719	22
0.625595	-0.176440	0.983016	23
0.644844	-0.181869	1.152760	24
0.664093	-0.187298	1.341046	25
0.683342	-0.192727	1.549007	26
0.702591	-0.198156	1.777939	27
0.721840	-0.203585	2.029423	28
0.741089	-0.209014	2.305011	29
0.760338	-0.214442	2.606531	30
0.779587	-0.219871	2.936155	31
0.798837	-0.225300	3.296110	32
0.818086	-0.230729	3.688860	33
0.837335	-0.236158	4.117175	34
0.856584	-0.241587	4.583896	35
0.875833	-0.247016	5.092235	36
0.895082	-0.252445	5.645238	37
0.914331	-0.257874	6.246175	38
0.933580	-0.263303	6.898692	39
0.952829	-0.268732	7.606004	40
76
0.205965	-0.040970	0.012082	1
0.225580	-0.044872	0.008004	2
0.245196	-0.048774	0.004753	3
0.264812	-0.052676	0.002184	4
0.284427	-0.056578	0.000490	5
0.304043	-0.060480	0.000085	6
0.323659	-0.064382	0.001534	7
0.343274	-0.068284	0.005510	8
0.362890	-0.072186	0.012771	9
0.382506	-0.076087	0.024138	10
0.402122	-0.079989	0.040482	11
0.421737	-0.083891	0.062713	12
0.441353	-0.087793	0.091766	13
0.460969	-0.091695	0.128595	14
0.480584	-0.095597	0.174163	15
0.500200	-0.099499	0.229435	16
0.519816	-0.103401	0.295376	17
0.539431	-0.107303	0.372947	18
0.559047	-0.111205	0.463111	19
0.578663	-0.115107	0.566836	20
0.598278	-0.119009	0.685089	21
0.617894	-0.122910	0.818886	22
0.637510	-0.126812	0.969283	23
0.657125	-0.130714	1.137387	24
0.676741	-0.134616	1.324386	25
0.696357	-0.138518	1.531575	26
0.715972	-0.142420	1.760354	27
0.735588	-0.146322	2.012296	28
0.755204	-0.150224	2.289133	29
0.774819	-0.154126	2.592676	30
0.794435	-0.158028	2.925044	31
0.814051	-0.161930	3.288401	32
0.833667	-0.165832	3.685066	33
0.853282	-0.169734	4.117749	34
0.872898	-0.173635	4.589065	35
0.892514	-0.177537	5.101891	36
0.912129	-0.181439	5.659076	37
0.931745	-0.185341	6.263608	38
0.951361	-0.189243	6.918617	39
0.970976	-0.193145	7.626698	40
77
0.208544	-0.024684	0.012168	1
0.228406	-0.027035	0.007975	2
0.248267	-0.029386	0.004635	3
0.268128	-0.031737	0.002044	4
0.287990	-0.034087	0.000401	5
0.307851	-0.036438	0.000102	6
0.327712	-0.038789	0.001692	7
0.347574	-0.041140	0.005822	8
0.367435	-0.043491	0.013224	9
0.387296	-0.045842	0.024695	10
0.407158	-0.048193	0.041084	11
0.427019	-0.050543	0.063271	12
0.446881	-0.052894	0.092172	13
0.466742	-0.055245	0.128718	14
0.486603	-0.057596	0.173856	15
0.506465	-0.059947	0.228542	16
0.526326	-0.062298	0.293744	17
0.546187	-0.064649	0.370426	18
0.566049	-0.066999	0.459572	19
0.585910	-0.069350	0.562200	20
0.605771	-0.071701	0.679322	21
0.625633	-0.074052	0.812007	22
0.645494	-0.076403	0.961360	23
0.665355	-0.078754	1.128558	24
0.685217	-0.081105	1.314888	25
0.705078	-0.083455	1.521697	26
0.724939	-0.085806	1.750429	27
0.744801	-0.088157	2.002694	28
0.764662	-0.090508	2.280280	29
0.784524	-0.092859	2.584962	30
0.804385	-0.095210	2.918857	31
0.824246	-0.097561	3.284188	32
0.844108	-0.099912	3.683106	33
0.863969	-0.102262	4.118216	34
0.883830	-0.104613	4.592047	35
0.903692	-0.106964	5.107269	36
0.923553	-0.109315	5.666750	37
0.943414	-0.111666	6.273168	38
0.963276	-0.114017	6.929269	39
0.983137	-0.116368	7.637803	40
78
0.209838	-0.008246	0.012195	1
0.229823	-0.009031	0.007967	2
0.249807	-0.009816	0.004599	3
0.269792	-0.010602	0.002004	4
0.289776	-0.011387	0.000379	5
0.309761	-0.012172	0.000115	6
0.329746	-0.012958	0.001750	7
0.349730	-0.013743	0.005926	8
0.369715	-0.014528	0.013369	9
0.389699	-0.015313	0.024867	10
0.409684	-0.016099	0.041259	11
0.429668	-0.016884	0.063421	12
0.449653	-0.017669	0.092257	13
0.469638	-0.018455	0.128695	14
0.489622	-0.019240	0.173675	15
0.509607	-0.020025	0.228152	16
0.529591	-0.020811	0.293095	17
0.549576	-0.021596	0.369467	18
0.569560	-0.022381	0.458265	19
0.589545	-0.023166	0.560516	20
0.609530	-0.023952	0.677253	21
0.629514	-0.024737	0.809543	22
0.649499	-0.025522	0.958549	23
0.669483	-0.026308	1.125455	24
0.689468	-0.027093	1.311573	25
0.709452	-0.027878	1.518270	26
0.729437	-0.028664	1.746967	27
0.749422	-0.029449	1.999389	28
0.769406	-0.030234	2.277218	29
0.789391	-0.031020	2.582293	30
0.809375	-0.031805	2.916747	31
0.829360	-0.032590	3.282747	32
0.849345	-0.033375	3.682480	33
0.869329	-0.034161	4.118427	34
0.889314	-0.034946	4.593094	35
0.909298	-0.035731	5.109124	36
0.929283	-0.036517	5.669302	37
0.949267	-0.037302	6.276263	38
0.969252	-0.038087	6.932710	39
0.989237	-0.038873	7.641072	40
79
0.209838	0.008243	0.012165	1
0.229823	0.009029	0.007976	2
0.249807	0.009814	0.004640	3
0.269792	0.010599	0.002057	4
0.289776	0.011384	0.000419	5
0.309761	0.012169	0.000122	6
0.329746	0.012954	0.001709	7
0.349730	0.013739	0.005829	8
0.369715	0.014524	0.013216	9
0.389699	0.015309	0.024668	10
0.409684	0.016094	0.041031	11
0.429669	0.016879	0.063189	12
0.449653	0.017665	0.092056	13
0.469638	0.018450	0.128563	14
0.489622	0.019235	0.173656	15
0.509607	0.020020	0.228293	16
0.529591	0.020805	0.293440	17
0.549576	0.021590	0.370063	18
0.569561	0.022375	0.459148	19
0.589545	0.023160	0.561694	20
0.609530	0.023945	0.678740	21
0.629514	0.024730	0.811349	22
0.649499	0.025515	0.960642	23
0.669484	0.026301	1.127803	24
0.689468	0.027086	1.314088	25
0.709453	0.027871	1.520882	26
0.729437	0.028656	1.749591	27
0.749422	0.029441	2.001925	28
0.769407	0.030226	2.279549	29
0.789391	0.031011	2.584320	30
0.809376	0.031796	2.918395	31
0.829360	0.032581	3.283829	32
0.849345	0.033366	3.682988	33
0.869329	0.034152	4.118283	34
0.889314	0.034937	4.592270	35
0.909299	0.035722	5.107705	36
0.929283	0.036507	5.667188	37
0.949268	0.037292	6.273522	38
0.969252	0.038077	6.929564	39
0.989237	0.038862	7.637798	40
80
