time = 4.521	Re = 20	40	80
0
0.208544	0.024683	0.014354	1
0.228406	0.027034	0.009813	2
0.248267	0.029384	0.006173	3
0.268128	0.031735	0.003215	4
0.287990	0.034086	0.001107	5
0.307851	0.036437	0.000266	6
0.327713	0.038787	0.001275	7
0.347574	0.041138	0.004840	8
0.367435	0.043489	0.011753	9
0.387297	0.045840	0.022871	10
0.407158	0.048190	0.039102	11
0.427019	0.050541	0.061386	12
0.446881	0.052892	0.090688	13
0.466742	0.055243	0.127983	14
0.486604	0.057593	0.174248	15
0.506465	0.059944	0.230453	16
0.526326	0.062295	0.297557	17
0.546188	0.064646	0.376509	18
0.566049	0.066996	0.468257	19
0.585910	0.069347	0.573756	20
0.605772	0.071698	0.693964	21
0.625633	0.074048	0.829867	22
0.645495	0.076399	0.982509	23
0.665356	0.078750	1.152987	24
0.685217	0.081101	1.342479	25
0.705079	0.083451	1.552271	26
0.724940	0.085802	1.783768	27
0.744801	0.088153	2.038520	28
0.764663	0.090504	2.318230	29
0.784524	0.092854	2.624771	30
0.804385	0.095205	2.960195	31
0.824247	0.097556	3.326742	32
0.844108	0.099907	3.726837	33
0.863970	0.102257	4.163097	34
0.883831	0.104608	4.638317	35
0.903692	0.106959	5.155456	36
0.923554	0.109310	5.717609	37
0.943415	0.111660	6.327963	38
0.963276	0.114011	6.989733	39
0.983138	0.116362	7.706075	40
1
0.205965	0.040969	0.014092	1
0.225581	0.044871	0.009843	2
0.245196	0.048773	0.006455	3
0.264812	0.052674	0.003603	4
0.284428	0.056576	0.001444	5
0.304043	0.060478	0.000418	6
0.323659	0.064380	0.001140	7
0.343275	0.068282	0.004351	8
0.362891	0.072183	0.010878	9
0.382506	0.076085	0.021617	10
0.402122	0.079987	0.037514	11
0.421738	0.083889	0.059549	12
0.441353	0.087791	0.088725	13
0.460969	0.091692	0.126054	14
0.480585	0.095594	0.172539	15
0.500201	0.099496	0.229166	16
0.519816	0.103398	0.296893	17
0.539432	0.107300	0.376648	18
0.559048	0.111201	0.469350	19
0.578663	0.115103	0.575913	20
0.598279	0.119005	0.697231	21
0.617895	0.122907	0.834215	22
0.637510	0.126809	0.987832	23
0.657126	0.130710	1.159107	24
0.676742	0.134612	1.349156	25
0.696358	0.138514	1.559219	26
0.715973	0.142416	1.790678	27
0.735589	0.146318	2.045085	28
0.755205	0.150219	2.324167	29
0.774820	0.154121	2.629845	30
0.794436	0.158023	2.964232	31
0.814052	0.161925	3.329632	32
0.833668	0.165827	3.728532	33
0.853283	0.169728	4.163591	34
0.872899	0.173630	4.637616	35
0.892515	0.177532	5.153531	36
0.912130	0.181434	5.714344	37
0.931746	0.185336	6.323087	38
0.951362	0.189237	6.982757	39
0.970977	0.193139	7.696221	40
2
0.202116	0.057002	0.013747	1
0.221365	0.062431	0.009938	2
0.240614	0.067860	0.006918	3
0.259863	0.073289	0.004219	4
0.279112	0.078718	0.001988	5
0.298361	0.084146	0.000701	6
0.317610	0.089575	0.001020	7
0.336859	0.095004	0.003737	8
0.356108	0.100433	0.009731	9
0.375358	0.105862	0.019953	10
0.394607	0.111290	0.035408	11
0.413856	0.116719	0.057141	12
0.433105	0.122148	0.086217	13
0.452354	0.127577	0.123708	14
0.471603	0.133006	0.170669	15
0.490852	0.138435	0.228116	16
0.510101	0.143863	0.297010	17
0.529350	0.149292	0.378263	18
0.548600	0.154721	0.472755	19
0.567849	0.160150	0.581321	20
0.587098	0.165579	0.704752	21
0.606347	0.171007	0.843837	22
0.625596	0.176436	0.999399	23
0.644845	0.181865	1.172323	24
0.664094	0.187294	1.363599	25
0.683343	0.192723	1.574359	26
0.702592	0.198151	1.805914	27
0.721841	0.203580	2.059773	28
0.741091	0.209009	2.337669	29
0.760340	0.214438	2.641559	30
0.779589	0.219867	2.973630	31
0.798838	0.225295	3.336279	32
0.818087	0.230724	3.732104	33
0.837336	0.236153	4.163867	34
0.856585	0.241582	4.634464	35
0.875834	0.247011	5.146880	36
0.895083	0.252439	5.704134	37
0.914333	0.257868	6.309220	38
0.933582	0.263297	6.965027	39
0.952831	0.268726	7.674252	40
3
0.197020	0.072685	0.013306	1
0.215784	0.079607	0.010130	2
0.234548	0.086529	0.007627	3
0.253312	0.093452	0.005145	4
0.272076	0.100374	0.002829	5
0.290839	0.107296	0.001206	6
0.309603	0.114219	0.001006	7
0.328367	0.121141	0.003083	8
0.347131	0.128063	0.008383	9
0.365895	0.134986	0.017929	10
0.384658	0.141908	0.032809	11
0.403422	0.148830	0.054154	12
0.422186	0.155753	0.083126	13
0.440950	0.162675	0.120891	14
0.459714	0.169597	0.168588	15
0.478478	0.176520	0.227290	16
0.497241	0.183442	0.297972	17
0.516005	0.190364	0.381542	18
0.534769	0.197287	0.478834	19
0.553533	0.204209	0.590566	20
0.572297	0.211131	0.717377	21
0.591061	0.218054	0.859862	22
0.609824	0.224976	1.018618	23
0.628588	0.231898	1.194299	24
0.647352	0.238821	1.387678	25
0.666116	0.245743	1.599698	26
0.684880	0.252665	1.831524	27
0.703644	0.259588	2.084582	28
0.722407	0.266510	2.360581	29
0.741171	0.273432	2.661520	30
0.759935	0.280355	2.989679	31
0.778699	0.287277	3.347600	32
0.797463	0.294199	3.738051	33
0.816227	0.301122	4.163984	34
0.834990	0.308044	4.628478	35
0.853754	0.314966	5.134682	36
0.872518	0.321889	5.685741	37
0.891282	0.328811	6.284721	38
0.910046	0.335733	6.934514	39
0.928810	0.342656	7.637742	40
4
0.190710	0.087918	0.012755	1
0.208873	0.096292	0.010470	2
0.227036	0.104665	0.008674	3
0.245199	0.113038	0.006491	4
0.263362	0.121411	0.004084	5
0.281524	0.129784	0.002059	6
0.299687	0.138158	0.001224	7
0.317850	0.146531	0.002510	8
0.336013	0.154904	0.006942	9
0.354176	0.163277	0.015628	10
0.372339	0.171650	0.029758	11
0.390502	0.180024	0.050582	12
0.408664	0.188397	0.079395	13
0.426827	0.196770	0.117503	14
0.444990	0.205143	0.166184	15
0.463153	0.213516	0.226597	16
0.481316	0.221889	0.299779	17
0.499479	0.230263	0.386662	18
0.517642	0.238636	0.488021	19
0.535805	0.247009	0.604432	20
0.553967	0.255382	0.736311	21
0.572130	0.263755	0.883961	22
0.590293	0.272129	1.047639	23
0.608456	0.280502	1.227634	24
0.626619	0.288875	1.424364	25
0.644782	0.297248	1.638463	26
0.662945	0.305621	1.870857	27
0.681107	0.313995	2.122821	28
0.699270	0.322368	2.396012	29
0.717433	0.330741	2.692478	30
0.735596	0.339114	3.014636	31
0.753759	0.347487	3.365241	32
0.771922	0.355860	3.747327	33
0.790085	0.364234	4.164143	34
0.808248	0.372607	4.619076	35
0.826410	0.380980	5.115563	36
0.844573	0.389353	5.657005	37
0.862736	0.397726	6.246658	38
0.880899	0.406100	6.887529	39
0.899062	0.414473	7.582251	40
5
0.183224	0.102610	0.012088	1
0.200674	0.112383	0.011026	2
0.218124	0.122155	0.010167	3
0.235574	0.131928	0.008384	4
0.253024	0.141700	0.005895	5
0.270474	0.151472	0.003410	6
0.287924	0.161245	0.001835	7
0.305374	0.171017	0.002185	8
0.322824	0.180790	0.005567	9
0.340274	0.190562	0.013186	10
0.357723	0.200335	0.026349	11
0.375173	0.210107	0.046453	12
0.392623	0.219879	0.074973	13
0.410073	0.229652	0.113417	14
0.427523	0.239424	0.163272	15
0.444973	0.249197	0.225859	16
0.462423	0.258969	0.302345	17
0.479873	0.268741	0.393748	18
0.497323	0.278514	0.500796	19
0.514773	0.288286	0.623894	20
0.532223	0.298059	0.763160	21
0.549673	0.307831	0.918472	22
0.567123	0.317604	1.089566	23
0.584572	0.327376	1.276165	24
0.602022	0.337148	1.478125	25
0.619472	0.346921	1.695581	26
0.636922	0.356693	1.929069	27
0.654372	0.366466	2.179620	28
0.671822	0.376238	2.448807	29
0.689272	0.386010	2.738746	30
0.706722	0.395783	3.052066	31
0.724172	0.405555	3.391842	32
0.741622	0.415328	3.761509	33
0.759072	0.425100	4.164766	34
0.776522	0.434873	4.605461	35
0.793972	0.444645	5.087482	36
0.811421	0.454417	5.614631	37
0.828871	0.464190	6.190496	38
0.846321	0.473962	6.818309	39
0.863771	0.483735	7.500792	40
6
0.174609	0.116670	0.011308	1
0.191238	0.127781	0.011870	2
0.207867	0.138892	0.012211	3
0.224497	0.150004	0.010947	4
0.241126	0.161115	0.008398	5
0.257756	0.172227	0.005416	6
0.274385	0.183338	0.003021	7
0.291014	0.194449	0.002313	8
0.307644	0.205561	0.004478	9
0.324273	0.216672	0.010813	10
0.340903	0.227784	0.022752	11
0.357532	0.238895	0.041865	12
0.374161	0.250006	0.069853	13
0.390791	0.261118	0.108501	14
0.407420	0.272229	0.159610	15
0.424050	0.283341	0.224782	16
0.440679	0.294452	0.305437	17
0.457308	0.305563	0.402791	18
0.473938	0.316675	0.517588	19
0.490567	0.327786	0.650071	20
0.507197	0.338898	0.799968	21
0.523826	0.350009	0.966549	22
0.540455	0.361120	1.148766	23
0.557085	0.372232	1.345448	24
0.573714	0.383343	1.555550	25
0.590344	0.394455	1.778399	26
0.606973	0.405566	2.013908	27
0.623602	0.416677	2.262722	28
0.640232	0.427789	2.526288	29
0.656861	0.438900	2.806850	30
0.673491	0.450012	3.107370	31
0.690120	0.461123	3.431423	32
0.706749	0.472234	3.783049	33
0.723379	0.483346	4.166604	34
0.740008	0.494457	4.586608	35
0.756638	0.505569	5.047588	36
0.773267	0.516680	5.553926	37
0.789896	0.527791	6.109688	38
0.806526	0.538903	6.718453	39
0.823155	0.550014	7.383106	40
7
0.164917	0.130010	0.010432	1
0.180623	0.142392	0.013056	2
0.196329	0.154773	0.014868	3
0.212036	0.167155	0.014245	4
0.227742	0.179537	0.011677	5
0.243448	0.191919	0.008195	6
0.259155	0.204301	0.004945	7
0.274861	0.216683	0.003107	8
0.290567	0.229065	0.003931	9
0.306274	0.241446	0.008793	10
0.321980	0.253828	0.019240	11
0.337686	0.266210	0.037027	12
0.353393	0.278592	0.064121	13
0.369099	0.290974	0.102667	14
0.384805	0.303356	0.154911	15
0.400512	0.315738	0.222924	16
0.416218	0.328120	0.308577	17
0.431925	0.340501	0.413491	18
0.447631	0.352883	0.538607	19
0.463337	0.365265	0.684076	20
0.479044	0.377647	0.849172	21
0.494750	0.390029	1.032321	22
0.510456	0.402411	1.231276	23
0.526163	0.414793	1.443443	24
0.541869	0.427175	1.666298	25
0.557575	0.439556	1.897837	26
0.573282	0.451938	2.136954	27
0.588988	0.464320	2.383696	28
0.604694	0.476702	2.639362	29
0.620401	0.489084	2.906449	30
0.636107	0.501466	3.188502	31
0.651813	0.513848	3.489893	32
0.667520	0.526229	3.815580	33
0.683226	0.538611	4.170879	34
0.698932	0.550993	4.561245	35
0.714639	0.563375	4.992070	36
0.730345	0.575757	5.468497	37
0.746051	0.588139	5.995222	38
0.761758	0.600521	6.576277	39
0.777464	0.612903	7.214773	40
8
0.154208	0.142548	0.009487	1
0.168894	0.156124	0.014567	2
0.183581	0.169700	0.018072	3
0.198267	0.183276	0.018205	4
0.212954	0.196852	0.015685	5
0.227640	0.210428	0.011751	6
0.242327	0.224004	0.007679	7
0.257013	0.237580	0.004720	8
0.271699	0.251156	0.004165	9
0.286386	0.264732	0.007434	10
0.301072	0.278308	0.016163	11
0.315759	0.291884	0.032269	12
0.330445	0.305460	0.057996	13
0.345132	0.319036	0.095921	14
0.359818	0.332612	0.148881	15
0.374505	0.346188	0.219667	16
0.389191	0.359764	0.310915	17
0.403878	0.373340	0.425017	18
0.418564	0.386916	0.563491	19
0.433251	0.400492	0.726657	20
0.447937	0.414068	0.913372	21
0.462623	0.427644	1.120940	22
0.477310	0.441220	1.345297	23
0.491996	0.454796	1.581519	24
0.506683	0.468372	1.824574	25
0.521369	0.481948	2.070179	26
0.536056	0.495524	2.315535	27
0.550742	0.509100	2.559779	28
0.565429	0.522676	2.804106	29
0.580115	0.536252	3.051597	30
0.594802	0.549828	3.306859	31
0.609488	0.563404	3.575599	32
0.624174	0.576980	3.864202	33
0.638861	0.590556	4.179364	34
0.653547	0.604132	4.527795	35
0.668234	0.617708	4.915984	36
0.682920	0.631284	5.349988	37
0.697607	0.644860	5.835225	38
0.712293	0.658436	6.376231	39
0.726980	0.672012	6.976353	40
9
0.142548	0.154208	0.008502	1
0.156124	0.168894	0.016244	2
0.169700	0.183581	0.021541	3
0.183276	0.198267	0.022516	4
0.196852	0.212953	0.020146	5
0.210428	0.227640	0.015876	6
0.224004	0.242326	0.011102	7
0.237580	0.257013	0.007131	8
0.251156	0.271699	0.005273	9
0.264732	0.286386	0.006954	10
0.278309	0.301072	0.013846	11
0.291885	0.315758	0.027973	12
0.305461	0.330445	0.051817	13
0.319037	0.345131	0.088398	14
0.332613	0.359818	0.141266	15
0.346189	0.374504	0.214222	16
0.359765	0.389191	0.311090	17
0.373341	0.403877	0.435644	18
0.386917	0.418564	0.590714	19
0.400493	0.433250	0.777452	20
0.414069	0.447936	0.994663	21
0.427645	0.462623	1.238340	22
0.441221	0.477309	1.501692	23
0.454797	0.491996	1.775874	24
0.468373	0.506682	2.051400	25
0.481949	0.521369	2.319905	26
0.495525	0.536055	2.575679	27
0.509101	0.550742	2.816535	28
0.522677	0.565428	3.043873	29
0.536253	0.580114	3.262154	30
0.549829	0.594801	3.478058	31
0.563405	0.609487	3.699609	32
0.576981	0.624174	3.935428	33
0.590557	0.638860	4.194167	34
0.604133	0.653547	4.484142	35
0.617709	0.668233	4.813086	36
0.631285	0.682919	5.187980	37
0.644861	0.697606	5.614889	38
0.658437	0.712292	6.098743	39
0.672013	0.726979	6.643005	40
10
0.130010	0.164916	0.007483	1
0.142392	0.180623	0.017713	2
0.154774	0.196329	0.024687	3
0.167156	0.212035	0.026548	4
0.179537	0.227742	0.024482	5
0.191919	0.243448	0.020078	6
0.204301	0.259154	0.014813	7
0.216683	0.274861	0.010036	8
0.229065	0.290567	0.007059	9
0.241447	0.306273	0.007288	10
0.253829	0.321980	0.012373	11
0.266211	0.337686	0.024363	12
0.278593	0.353392	0.045877	13
0.290974	0.369099	0.080290	14
0.303356	0.384805	0.131864	15
0.315738	0.400511	0.205644	16
0.328120	0.416218	0.307110	17
0.340502	0.431924	0.442295	18
0.352884	0.447630	0.616619	19
0.365266	0.463337	0.833533	20
0.377648	0.479043	1.093024	21
0.390030	0.494749	1.390124	22
0.402411	0.510456	1.714158	23
0.414793	0.526162	2.049499	24
0.427175	0.541868	2.378240	25
0.439557	0.557575	2.684208	26
0.451939	0.573281	2.956540	27
0.464321	0.588987	3.191362	28
0.476703	0.604694	3.391445	29
0.489085	0.620400	3.564596	30
0.501467	0.636106	3.721663	31
0.513848	0.651813	3.874762	32
0.526230	0.667519	4.035993	33
0.538612	0.683225	4.216663	34
0.550994	0.698932	4.426912	35
0.563376	0.714638	4.675596	36
0.575758	0.730344	4.970278	37
0.588140	0.746051	5.317217	38
0.600522	0.761757	5.721266	39
0.612904	0.777463	6.185588	40
11
0.116670	0.174609	0.006395	1
0.127781	0.191238	0.018368	2
0.138893	0.207867	0.026626	3
0.150004	0.224497	0.029383	4
0.161116	0.241126	0.027853	5
0.172227	0.257755	0.023620	6
0.183338	0.274385	0.018167	7
0.194450	0.291014	0.012848	8
0.205561	0.307644	0.008976	9
0.216673	0.324273	0.007931	10
0.227784	0.340902	0.011317	11
0.238895	0.357532	0.021137	12
0.250007	0.374161	0.040018	13
0.261118	0.390791	0.071490	14
0.272230	0.407420	0.120327	15
0.283341	0.424049	0.192784	16
0.294453	0.440679	0.296327	17
0.305564	0.457308	0.440150	18
0.316675	0.473937	0.634146	19
0.327787	0.490567	0.886903	20
0.338898	0.507196	1.202839	21
0.350010	0.523826	1.578338	22
0.361121	0.540455	1.998197	23
0.372233	0.557084	2.434829	24
0.383344	0.573714	2.853011	25
0.394455	0.590343	3.220263	26
0.405567	0.606972	3.516441	27
0.416678	0.623602	3.736728	28
0.427790	0.640231	3.889101	29
0.438901	0.656861	3.989492	30
0.450012	0.673490	4.057120	31
0.461124	0.690119	4.111134	32
0.472235	0.706749	4.168716	33
0.483347	0.723378	4.244317	34
0.494458	0.740008	4.349610	35
0.505570	0.756637	4.493783	36
0.516681	0.773266	4.683933	37
0.527792	0.789896	4.925380	38
0.538904	0.806525	5.221800	39
0.550015	0.823154	5.575111	40
12
0.102611	0.183224	0.005157	1
0.112383	0.200674	0.017490	2
0.122156	0.218124	0.026385	3
0.131928	0.235574	0.030050	4
0.141700	0.253024	0.029404	5
0.151473	0.270474	0.025798	6
0.161245	0.287924	0.020580	7
0.171018	0.305373	0.015036	8
0.180790	0.322823	0.010443	9
0.190563	0.340273	0.008162	10
0.200335	0.357723	0.009766	11
0.210107	0.375173	0.017210	12
0.219880	0.392623	0.033065	13
0.229652	0.410073	0.060824	14
0.239425	0.427523	0.105412	15
0.249197	0.444973	0.173795	16
0.258970	0.462423	0.275381	17
0.268742	0.479873	0.422603	18
0.278515	0.497322	0.631764	19
0.288287	0.514772	0.920957	20
0.298059	0.532222	1.306161	21
0.307832	0.549672	1.793241	22
0.317604	0.567122	2.366294	23
0.327377	0.584572	2.977490	24
0.337149	0.602022	3.551322	25
0.346922	0.619472	4.016860	26
0.356694	0.636922	4.338486	27
0.366467	0.654372	4.517437	28
0.376239	0.671822	4.578888	29
0.386011	0.689271	4.557823	30
0.395784	0.706721	4.489190	31
0.405556	0.724171	4.402862	32
0.415329	0.741621	4.322020	33
0.425101	0.759071	4.263463	34
0.434874	0.776521	4.238695	35
0.444646	0.793971	4.255176	36
0.454418	0.811421	4.317398	37
0.464191	0.828871	4.427676	38
0.473963	0.846321	4.586613	39
0.483736	0.863771	4.793258	40
13
0.087919	0.190710	0.003688	1
0.096292	0.208873	0.014612	2
0.104665	0.227036	0.023384	3
0.113038	0.245199	0.028008	4
0.121412	0.263361	0.028762	5
0.129785	0.281524	0.026508	6
0.138158	0.299687	0.022253	7
0.146531	0.317850	0.017039	8
0.154904	0.336013	0.011971	9
0.163278	0.354176	0.008302	10
0.171651	0.372339	0.007550	11
0.180024	0.390501	0.011647	12
0.188397	0.408664	0.023155	13
0.196770	0.426827	0.045559	14
0.205144	0.444990	0.083732	15
0.213517	0.463153	0.144747	16
0.221890	0.481316	0.239045	17
0.230263	0.499479	0.381240	18
0.238637	0.517641	0.593810	19
0.247010	0.535804	0.907945	20
0.255383	0.553967	1.362475	21
0.263756	0.572130	1.994327	22
0.272129	0.590293	2.811474	23
0.280503	0.608456	3.743491	24
0.288876	0.626619	4.602294	25
0.297249	0.644781	5.210320	26
0.305622	0.662944	5.521592	27
0.313995	0.681107	5.579550	28
0.322369	0.699270	5.460162	29
0.330742	0.717433	5.237532	30
0.339115	0.735596	4.970176	31
0.347488	0.753759	4.698912	32
0.355862	0.771921	4.449554	33
0.364235	0.790084	4.236767	34
0.372608	0.808247	4.067544	35
0.380981	0.826410	3.943830	36
0.389354	0.844573	3.864336	37
0.397728	0.862736	3.825696	38
0.406101	0.880898	3.823185	39
0.414474	0.899061	3.851175	40
14
0.072685	0.197020	0.002056	1
0.079607	0.215784	0.010047	2
0.086530	0.234548	0.018007	3
0.093452	0.253312	0.023693	4
0.100374	0.272075	0.026627	5
0.107297	0.290839	0.027005	6
0.114219	0.309603	0.025239	7
0.121141	0.328367	0.021827	8
0.128064	0.347131	0.017388	9
0.134986	0.365894	0.012754	10
0.141908	0.384658	0.009097	11
0.148831	0.403422	0.008109	12
0.155753	0.422186	0.012224	13
0.162675	0.440950	0.024942	14
0.169598	0.459714	0.051270	15
0.176520	0.478477	0.098422	16
0.183443	0.497241	0.177050	17
0.190365	0.516005	0.303199	18
0.197287	0.534769	0.501270	19
0.204210	0.553533	0.812390	20
0.211132	0.572296	1.303287	21
0.218054	0.591060	2.076050	22
0.224977	0.609824	3.252956	23
0.231899	0.628588	4.846546	24
0.238821	0.647352	6.262044	25
0.245744	0.666116	6.975042	26
0.252666	0.684879	7.084354	27
0.259589	0.703643	6.817396	28
0.266511	0.722407	6.362644	29
0.273433	0.741171	5.843374	30
0.280356	0.759935	5.330443	31
0.287278	0.778699	4.859810	32
0.294200	0.797462	4.446211	33
0.301123	0.816226	4.092205	34
0.308045	0.834990	3.793641	35
0.314967	0.853754	3.542764	36
0.321890	0.872518	3.329914	37
0.328812	0.891281	3.144481	38
0.335734	0.910045	2.975633	39
0.342657	0.928809	2.813204	40
15
0.057003	0.202116	0.000661	1
0.062432	0.221365	0.005156	2
0.067860	0.240614	0.011742	3
0.073289	0.259863	0.018676	4
0.078718	0.279112	0.025106	5
0.084147	0.298361	0.030514	6
0.089576	0.317610	0.034463	7
0.095005	0.336859	0.036580	8
0.100433	0.356108	0.036604	9
0.105862	0.375357	0.034461	10
0.111291	0.394607	0.030367	11
0.116720	0.413856	0.024998	12
0.122149	0.433105	0.019744	13
0.127578	0.452354	0.017123	14
0.133006	0.471603	0.021396	15
0.138435	0.490852	0.039500	16
0.143864	0.510101	0.082448	17
0.149293	0.529350	0.167575	18
0.154722	0.548599	0.322163	19
0.160150	0.567848	0.590466	20
0.165579	0.587098	1.051915	21
0.171008	0.606347	1.863758	22
0.176437	0.625596	3.386796	23
0.181866	0.644845	6.635542	24
0.187295	0.664094	9.079096	25
0.192723	0.683343	9.189404	26
0.198152	0.702592	8.497588	27
0.203581	0.721841	7.601792	28
0.209010	0.741090	6.719662	29
0.214439	0.760339	5.926922	30
0.219868	0.779589	5.242005	31
0.225296	0.798838	4.659856	32
0.230725	0.818087	4.166430	33
0.236154	0.837336	3.744875	34
0.241583	0.856585	3.377947	35
0.247012	0.875834	3.048795	36
0.252441	0.895083	2.741208	37
0.257869	0.914332	2.439951	38
0.263298	0.933581	2.131786	39
0.268727	0.952830	1.807824	40
16
0.040969	0.205965	0.000063	1
0.044871	0.225581	0.001536	2
0.048773	0.245196	0.006403	3
0.052675	0.264812	0.015354	4
0.056577	0.284428	0.027844	5
0.060478	0.304043	0.042610	6
0.064380	0.323659	0.058222	7
0.068282	0.343275	0.073343	8
0.072184	0.362890	0.086783	9
0.076086	0.382506	0.097472	10
0.079987	0.402122	0.104422	11
0.083889	0.421738	0.106718	12
0.087791	0.441353	0.103584	13
0.091693	0.460969	0.094577	14
0.095595	0.480585	0.080029	15
0.099497	0.500200	0.061924	16
0.103398	0.519816	0.045519	17
0.107300	0.539432	0.042283	18
0.111202	0.559047	0.075276	19
0.115104	0.578663	0.190123	20
0.119006	0.598279	0.483206	21
0.122908	0.617895	1.193691	22
0.126809	0.637510	3.047632	23
0.130711	0.657126	11.292222	24
0.134613	0.676742	12.215544	25
0.138515	0.696357	9.273379	26
0.142417	0.715973	7.780255	27
0.146319	0.735589	6.686782	28
0.150220	0.755204	5.813069	29
0.154122	0.774820	5.100270	30
0.158024	0.794436	4.510876	31
0.161926	0.814052	4.014870	32
0.165828	0.833667	3.587096	33
0.169730	0.853283	3.205983	34
0.173631	0.872899	2.852495	35
0.177533	0.892514	2.509417	36
0.181435	0.912130	2.161266	37
0.185337	0.931746	1.795314	38
0.189239	0.951362	1.404504	39
0.193141	0.970977	0.993658	40
17
0.081102	0.685217	27.721428	25
0.083452	0.705079	15.178642	26
0.085803	0.724940	9.590536	27
0.088154	0.744801	6.885943	28
0.090505	0.764663	5.421100	29
0.092856	0.784524	4.526249	30
0.095206	0.804385	3.914444	31
0.097557	0.824247	3.452147	32
0.099908	0.844108	3.069726	33
0.102259	0.863969	2.726086	34
0.104609	0.883831	2.393931	35
0.106960	0.903692	2.053522	36
0.109311	0.923554	1.690817	37
0.111662	0.943415	1.298889	38
0.114012	0.963276	0.883177	39
0.116363	0.983138	0.472470	40
18
0.027090	0.689468	33.289105	25
0.027875	0.709453	19.693696	26
0.028661	0.729437	12.585523	27
0.029446	0.749422	8.713546	28
0.030231	0.769406	6.469913	29
0.031016	0.789391	5.081781	30
0.031801	0.809375	4.164380	31
0.032587	0.829360	3.514408	32
0.033372	0.849345	3.014642	33
0.034157	0.869329	2.593556	34
0.034942	0.889314	2.205507	35
0.035728	0.909298	1.820898	36
0.036513	0.929283	1.422607	37
0.037298	0.949268	1.007180	38
0.038083	0.969252	0.591091	39
0.038868	0.989237	0.223797	40
19
-0.027088	0.689468	22.982202	25
-0.027874	0.709453	14.790175	26
-0.028659	0.729437	10.823716	27
-0.029444	0.749422	8.492482	28
-0.030229	0.769406	6.892302	29
-0.031014	0.789391	5.695077	30
-0.031799	0.809376	4.759960	31
-0.032585	0.829360	4.008580	32
-0.033370	0.849345	3.383291	33
-0.034155	0.869329	2.838936	34
-0.034940	0.889314	2.340699	35
-0.035725	0.909298	1.863575	36
-0.036510	0.929283	1.393680	37
-0.037296	0.949268	0.931836	38
-0.038081	0.969252	0.500399	39
-0.038866	0.989237	0.154609	40
20
-0.024683	0.208544	0.000028	1
-0.027033	0.228406	0.001550	2
-0.029384	0.248267	0.007480	3
-0.031735	0.268129	0.019392	4
-0.034085	0.287990	0.037241	5
-0.036436	0.307851	0.059995	6
-0.038787	0.327713	0.086353	7
-0.041138	0.347574	0.115107	8
-0.043488	0.367435	0.145248	9
-0.045839	0.387297	0.175947	10
-0.048190	0.407158	0.206473	11
-0.050540	0.427020	0.236100	12
-0.052891	0.446881	0.263961	13
-0.055242	0.466742	0.288860	14
-0.057593	0.486604	0.308962	15
-0.059943	0.506465	0.321342	16
-0.062294	0.526326	0.321366	17
-0.064645	0.546188	0.302290	18
-0.066996	0.566049	0.256912	19
-0.069346	0.585910	0.188805	20
-0.071697	0.605772	0.160680	21
-0.074048	0.625633	0.476082	22
-0.076398	0.645495	2.320399	23
-0.078749	0.665356	9.515443	24
-0.081100	0.685217	11.966469	25
-0.083451	0.705079	10.632241	26
-0.085801	0.724940	9.615001	27
-0.088152	0.744801	8.561487	28
-0.090503	0.764663	7.513210	29
-0.092853	0.784524	6.522934	30
-0.095204	0.804386	5.616191	31
-0.097555	0.824247	4.797565	32
-0.099906	0.844108	4.058196	33
-0.102256	0.863970	3.382742	34
-0.104607	0.883831	2.754775	35
-0.106958	0.903692	2.160992	36
-0.109308	0.923554	1.595187	37
-0.111659	0.943415	1.062653	38
-0.114010	0.963277	0.585562	39
-0.116361	0.983138	0.209544	40
21
-0.040969	0.205965	0.000719	1
-0.044870	0.225581	0.006075	2
-0.048772	0.245196	0.015049	3
-0.052674	0.264812	0.026139	4
-0.056576	0.284428	0.038468	5
-0.060478	0.304044	0.051316	6
-0.064379	0.323659	0.063914	7
-0.068281	0.343275	0.075441	8
-0.072183	0.362891	0.085064	9
-0.076085	0.382506	0.091953	10
-0.079986	0.402122	0.095306	11
-0.083888	0.421738	0.094389	12
-0.087790	0.441354	0.088669	13
-0.091692	0.460969	0.078107	14
-0.095594	0.480585	0.063776	15
-0.099495	0.500201	0.049083	16
-0.103397	0.519816	0.042037	17
-0.107299	0.539432	0.059170	18
-0.111201	0.559048	0.131663	19
-0.115102	0.578663	0.313737	20
-0.119004	0.598279	0.690647	21
-0.122906	0.617895	1.386429	22
-0.126808	0.637511	2.622373	23
-0.130710	0.657126	5.150422	24
-0.134611	0.676742	7.634512	25
-0.138513	0.696358	8.565645	26
-0.142415	0.715973	8.683968	27
-0.146317	0.735589	8.354909	28
-0.150218	0.755205	7.775304	29
-0.154120	0.774821	7.065219	30
-0.158022	0.794436	6.299164	31
-0.161924	0.814052	5.521434	32
-0.165826	0.833668	4.756084	33
-0.169727	0.853283	4.014461	34
-0.173629	0.872899	3.301189	35
-0.177531	0.892515	2.619081	36
-0.181433	0.912131	1.973361	37
-0.185334	0.931746	1.375347	38
-0.189236	0.951362	0.845493	39
-0.193138	0.970978	0.415310	40
22
-0.057002	0.202116	0.002280	1
-0.062431	0.221365	0.011775	2
-0.067860	0.240614	0.022571	3
-0.073289	0.259863	0.032181	4
-0.078717	0.279112	0.039751	5
-0.084146	0.298361	0.045014	6
-0.089575	0.317610	0.047843	7
-0.095004	0.336859	0.048128	8
-0.100432	0.356109	0.045802	9
-0.105861	0.375358	0.040938	10
-0.111290	0.394607	0.033890	11
-0.116719	0.413856	0.025510	12
-0.122148	0.433105	0.017458	13
-0.127576	0.452354	0.012645	14
-0.133005	0.471603	0.015856	15
-0.138434	0.490852	0.034550	16
-0.143863	0.510101	0.079708	17
-0.149291	0.529351	0.166891	18
-0.154720	0.548600	0.317701	19
-0.160149	0.567849	0.561520	20
-0.165578	0.587098	0.942499	21
-0.171007	0.606347	1.537931	22
-0.176435	0.625596	2.472875	23
-0.181864	0.644845	3.856397	24
-0.187293	0.664094	5.334914	25
-0.192722	0.683344	6.435880	26
-0.198150	0.702593	7.075535	27
-0.203579	0.721842	7.309781	28
-0.209008	0.741091	7.226283	29
-0.214437	0.760340	6.909152	30
-0.219866	0.779589	6.428898	31
-0.225294	0.798838	5.840883	32
-0.230723	0.818087	5.186925	33
-0.236152	0.837336	4.498184	34
-0.241581	0.856586	3.798485	35
-0.247009	0.875835	3.107606	36
-0.252438	0.895084	2.444236	37
-0.257867	0.914333	1.828266	38
-0.263296	0.933582	1.282062	39
-0.268725	0.952831	0.830320	40
23
-0.072684	0.197020	0.004120	1
-0.079607	0.215784	0.016948	2
-0.086529	0.234548	0.028368	3
-0.093451	0.253312	0.035919	4
-0.100374	0.272076	0.039438	5
-0.107296	0.290839	0.039345	6
-0.114218	0.309603	0.036220	7
-0.121140	0.328367	0.030706	8
-0.128063	0.347131	0.023555	9
-0.134985	0.365895	0.015740	10
-0.141907	0.384659	0.008599	11
-0.148830	0.403423	0.004010	12
-0.155752	0.422186	0.004588	13
-0.162674	0.440950	0.013908	14
-0.169597	0.459714	0.036763	15
-0.176519	0.478478	0.079374	16
-0.183441	0.497242	0.149942	17
-0.190364	0.516006	0.259636	18
-0.197286	0.534769	0.423728	19
-0.204208	0.553533	0.664735	20
-0.211130	0.572297	1.018126	21
-0.218053	0.591061	1.530853	22
-0.224975	0.609825	2.246461	23
-0.231897	0.628589	3.158141	24
-0.238820	0.647352	4.143519	25
-0.245742	0.666116	5.033170	26
-0.252664	0.684880	5.719570	27
-0.259587	0.703644	6.160470	28
-0.266509	0.722408	6.356847	29
-0.273431	0.741172	6.332936	30
-0.280354	0.759935	6.123199	31
-0.287276	0.778699	5.764900	32
-0.294198	0.797463	5.294347	33
-0.301121	0.816227	4.745429	34
-0.308043	0.834991	4.149511	35
-0.314965	0.853755	3.536048	36
-0.321887	0.872518	2.933423	37
-0.328810	0.891282	2.369625	38
-0.335732	0.910046	1.872542	39
-0.342654	0.928810	1.470007	40
24
-0.087918	0.190710	0.005796	1
-0.096291	0.208873	0.020158	2
-0.104665	0.227036	0.031210	3
-0.113038	0.245199	0.036664	4
-0.121411	0.263362	0.037137	5
-0.129784	0.281525	0.033738	6
-0.138157	0.299687	0.027643	7
-0.146530	0.317850	0.020043	8
-0.154904	0.336013	0.012203	9
-0.163277	0.354176	0.005550	10
-0.171650	0.372339	0.001767	11
-0.180023	0.390502	0.002900	12
-0.188396	0.408665	0.011468	13
-0.196769	0.426828	0.030602	14
-0.205143	0.444991	0.064225	15
-0.213516	0.463153	0.117418	16
-0.221889	0.481316	0.197163	17
-0.230262	0.499479	0.312970	18
-0.238635	0.517642	0.477678	19
-0.247008	0.535805	0.710304	20
-0.255382	0.553968	1.033862	21
-0.263755	0.572131	1.470859	22
-0.272128	0.590294	2.032002	23
-0.280501	0.608456	2.699957	24
-0.288874	0.626619	3.419855	25
-0.297247	0.644782	4.116537	26
-0.305620	0.662945	4.722638	27
-0.313994	0.681108	5.191652	28
-0.322367	0.699271	5.499240	29
-0.330740	0.717434	5.639393	30
-0.339113	0.735597	5.619550	31
-0.347486	0.753759	5.456358	32
-0.355859	0.771922	5.172514	33
-0.364233	0.790085	4.794612	34
-0.372606	0.808248	4.351782	35
-0.380979	0.826411	3.874855	36
-0.389352	0.844574	3.395849	37
-0.397725	0.862737	2.947685	38
-0.406098	0.880900	2.564246	39
-0.414472	0.899062	2.281393	40
25
-0.102610	0.183224	0.007209	1
-0.112383	0.200674	0.021058	2
-0.122155	0.218124	0.030902	3
-0.131927	0.235574	0.034522	4
-0.141700	0.253024	0.033020	5
-0.151472	0.270474	0.027962	6
-0.161245	0.287924	0.020878	7
-0.171017	0.305374	0.013230	8
-0.180789	0.322824	0.006465	9
-0.190562	0.340274	0.002096	10
-0.200334	0.357724	0.001780	11
-0.210106	0.375174	0.007408	12
-0.219879	0.392624	0.021231	13
-0.229651	0.410074	0.046038	14
-0.239424	0.427523	0.085343	15
-0.249196	0.444973	0.143950	16
-0.258968	0.462423	0.228295	17
-0.268741	0.479873	0.346273	18
-0.278513	0.497323	0.509153	19
-0.288286	0.514773	0.729955	20
-0.298058	0.532223	1.021795	21
-0.307830	0.549673	1.394138	22
-0.317603	0.567123	1.847361	23
-0.327375	0.584573	2.367584	24
-0.337148	0.602023	2.925434	25
-0.346920	0.619473	3.481550	26
-0.356692	0.636923	3.995520	27
-0.366465	0.654373	4.432803	28
-0.376237	0.671823	4.768300	29
-0.386010	0.689273	4.987310	30
-0.395782	0.706722	5.085030	31
-0.405554	0.724172	5.065447	32
-0.415327	0.741622	4.940083	33
-0.425099	0.759072	4.726811	34
-0.434872	0.776522	4.448778	35
-0.444644	0.793972	4.133476	36
-0.454416	0.811422	3.811973	37
-0.464189	0.828872	3.518479	38
-0.473961	0.846322	3.290606	39
-0.483734	0.863772	3.171073	40
26
-0.116669	0.174609	0.008434	1
-0.127781	0.191238	0.020171	2
-0.138892	0.207868	0.028191	3
-0.150004	0.224497	0.030292	4
-0.161115	0.241126	0.027693	5
-0.172226	0.257756	0.022110	6
-0.183338	0.274385	0.015181	7
-0.194449	0.291015	0.008418	8
-0.205560	0.307644	0.003264	9
-0.216672	0.324274	0.001172	10
-0.227783	0.340903	0.003701	11
-0.238895	0.357532	0.012628	12
-0.250006	0.374162	0.030086	13
-0.261117	0.390791	0.058728	14
-0.272229	0.407421	0.102029	15
-0.283340	0.424050	0.164510	16
-0.294451	0.440679	0.251496	17
-0.305563	0.457309	0.370030	18
-0.316674	0.473938	0.528227	19
-0.327786	0.490568	0.734362	20
-0.338897	0.507197	0.995406	21
-0.350008	0.523826	1.314856	22
-0.361120	0.540456	1.690354	23
-0.372231	0.557085	2.111978	24
-0.383342	0.573715	2.562236	25
-0.394454	0.590344	3.018195	26
-0.405565	0.606974	3.454883	27
-0.416677	0.623603	3.848629	28
-0.427788	0.640232	4.179588	29
-0.438899	0.656862	4.433340	30
-0.450011	0.673491	4.601731	31
-0.461122	0.690121	4.683206	32
-0.472233	0.706750	4.682796	33
-0.483345	0.723379	4.611886	34
-0.494456	0.740009	4.487813	35
-0.505568	0.756638	4.333390	36
-0.516679	0.773268	4.176464	37
-0.527790	0.789897	4.049759	38
-0.538902	0.806527	3.991383	39
-0.550013	0.823156	4.046635	40
27
-0.130009	0.164917	0.009557	1
-0.142391	0.180623	0.018329	2
-0.154773	0.196330	0.024210	3
-0.167155	0.212036	0.025061	4
-0.179537	0.227742	0.021959	5
-0.191919	0.243449	0.016526	6
-0.204301	0.259155	0.010333	7
-0.216682	0.274861	0.004826	8
-0.229064	0.290568	0.001377	9
-0.241446	0.306274	0.001377	10
-0.253828	0.321980	0.006331	11
-0.266210	0.337687	0.017984	12
-0.278592	0.353393	0.038445	13
-0.290973	0.369100	0.070314	14
-0.303355	0.384806	0.116893	15
-0.315737	0.400512	0.182053	16
-0.328119	0.416219	0.270384	17
-0.340501	0.431925	0.387318	18
-0.352883	0.447631	0.538412	19
-0.365265	0.463338	0.728714	20
-0.377646	0.479044	0.961806	21
-0.390028	0.494750	1.238668	22
-0.402410	0.510457	1.556627	23
-0.414792	0.526163	1.908763	24
-0.427174	0.541869	2.284039	25
-0.439556	0.557576	2.668245	26
-0.451937	0.573282	3.045502	27
-0.464319	0.588989	3.399934	28
-0.476701	0.604695	3.717214	29
-0.489083	0.620401	3.985857	30
-0.501465	0.636108	4.198228	31
-0.513847	0.651814	4.351285	32
-0.526229	0.667520	4.447093	33
-0.538610	0.683227	4.493120	34
-0.550992	0.698933	4.502355	35
-0.563374	0.714639	4.493289	36
-0.575756	0.730346	4.489884	37
-0.588138	0.746052	4.521717	38
-0.600520	0.761759	4.624605	39
-0.612902	0.777465	4.842078	40
28
-0.142548	0.154208	0.010616	1
-0.156124	0.168894	0.016253	2
-0.169700	0.183581	0.019975	3
-0.183276	0.198267	0.019797	4
-0.196852	0.212954	0.016539	5
-0.210428	0.227640	0.011603	6
-0.224004	0.242327	0.006402	7
-0.237580	0.257013	0.002275	8
-0.251156	0.271700	0.000525	9
-0.264732	0.286386	0.002501	10
-0.278308	0.301073	0.009696	11
-0.291884	0.315759	0.023839	12
-0.305460	0.330446	0.046992	13
-0.319036	0.345132	0.081640	14
-0.332612	0.359819	0.130712	15
-0.346188	0.374505	0.197412	16
-0.359764	0.389192	0.285555	17
-0.373340	0.403878	0.399063	18
-0.386916	0.418565	0.541670	19
-0.400492	0.433251	0.716449	20
-0.414068	0.447938	0.925247	21
-0.427644	0.462624	1.168102	22
-0.441220	0.477310	1.442772	23
-0.454796	0.491997	1.744513	24
-0.468372	0.506683	2.066193	25
-0.481948	0.521370	2.398761	26
-0.495523	0.536056	2.731985	27
-0.509099	0.550743	3.055352	28
-0.522675	0.565429	3.359009	29
-0.536251	0.580116	3.634673	30
-0.549827	0.594802	3.876475	31
-0.563403	0.609489	4.081706	32
-0.576979	0.624175	4.251452	33
-0.590555	0.638862	4.391095	34
-0.604131	0.653548	4.510691	35
-0.617707	0.668235	4.625244	36
-0.631283	0.682921	4.754940	37
-0.644859	0.697608	4.925466	38
-0.658435	0.712294	5.168588	39
-0.672011	0.726981	5.523155	40
29
-0.154207	0.142548	0.011600	1
-0.168894	0.156125	0.014391	2
-0.183580	0.169701	0.016155	3
-0.198267	0.183277	0.015140	4
-0.212953	0.196853	0.011910	5
-0.227640	0.210429	0.007612	6
-0.242326	0.224005	0.003485	7
-0.257012	0.237581	0.000756	8
-0.271699	0.251157	0.000666	9
-0.286385	0.264733	0.004537	10
-0.301072	0.278309	0.013840	11
-0.315758	0.291885	0.030266	12
-0.330445	0.305461	0.055768	13
-0.345131	0.319037	0.092612	14
-0.359817	0.332613	0.143231	15
-0.374504	0.346189	0.210393	16
-0.389190	0.359765	0.297006	17
-0.403877	0.373341	0.405914	18
-0.418563	0.386917	0.539656	19
-0.433249	0.400493	0.700175	20
-0.447936	0.414069	0.888492	21
-0.462622	0.427645	1.104412	22
-0.477309	0.441221	1.346303	23
-0.491995	0.454797	1.611015	24
-0.506682	0.468374	1.893961	25
-0.521368	0.481950	2.189371	26
-0.536054	0.495526	2.490693	27
-0.550741	0.509102	2.791110	28
-0.565427	0.522678	3.084125	29
-0.580114	0.536254	3.364188	30
-0.594800	0.549830	3.627330	31
-0.609487	0.563406	3.871791	32
-0.624173	0.576982	4.098603	33
-0.638859	0.590558	4.312118	34
-0.653546	0.604134	4.520466	35
-0.668232	0.617710	4.735940	36
-0.682919	0.631286	4.975348	37
-0.697605	0.644862	5.260366	38
-0.712292	0.658438	5.617983	39
-0.726978	0.672014	6.081065	40
30
-0.164916	0.130010	0.012476	1
-0.180623	0.142392	0.012931	2
-0.196329	0.154774	0.013055	3
-0.212035	0.167156	0.011378	4
-0.227742	0.179538	0.008265	5
-0.243448	0.191920	0.004637	6
-0.259154	0.204302	0.001570	7
-0.274860	0.216683	0.000189	8
-0.290567	0.229065	0.001680	9
-0.306273	0.241447	0.007324	10
-0.321979	0.253829	0.018547	11
-0.337686	0.266211	0.036955	12
-0.353392	0.278593	0.064344	13
-0.369098	0.290975	0.102672	14
-0.384805	0.303357	0.154036	15
-0.400511	0.315739	0.220686	16
-0.416217	0.328121	0.304864	17
-0.431924	0.340503	0.408671	18
-0.447630	0.352884	0.533914	19
-0.463336	0.365266	0.681925	20
-0.479043	0.377648	0.853386	21
-0.494749	0.390030	1.048172	22
-0.510455	0.402412	1.265249	23
-0.526161	0.414794	1.502652	24
-0.541868	0.427176	1.757531	25
-0.557574	0.439558	2.026311	26
-0.573280	0.451940	2.304922	27
-0.588987	0.464322	2.589115	28
-0.604693	0.476704	2.874842	29
-0.620399	0.489086	3.158681	30
-0.636106	0.501467	3.438306	31
-0.651812	0.513849	3.712967	32
-0.667518	0.526231	3.983984	33
-0.683225	0.538613	4.255209	34
-0.698931	0.550995	4.533465	35
-0.714637	0.563377	4.828937	36
-0.730344	0.575759	5.155524	37
-0.746050	0.588141	5.531146	38
-0.761756	0.600523	5.978037	39
-0.777462	0.612905	6.522981	40
31
-0.174608	0.116670	0.013214	1
-0.191238	0.127782	0.011885	2
-0.207867	0.138893	0.010717	3
-0.224496	0.150004	0.008539	4
-0.241126	0.161116	0.005583	5
-0.257755	0.172227	0.002597	6
-0.274385	0.183339	0.000520	7
-0.291014	0.194450	0.000388	8
-0.307643	0.205562	0.003322	9
-0.324273	0.216673	0.010551	10
-0.340902	0.227785	0.023425	11
-0.357531	0.238896	0.043431	12
-0.374161	0.250007	0.072180	13
-0.390790	0.261119	0.111359	14
-0.407420	0.272230	0.162771	15
-0.424049	0.283342	0.228237	16
-0.440678	0.294453	0.309526	17
-0.457308	0.305565	0.408261	18
-0.473937	0.316676	0.525824	19
-0.490566	0.327787	0.663247	20
-0.507196	0.338899	0.821116	21
-0.523825	0.350010	0.999495	22
-0.540454	0.361122	1.197875	23
-0.557084	0.372233	1.415173	24
-0.573713	0.383345	1.649764	25
-0.590343	0.394456	1.899588	26
-0.606972	0.405568	2.162286	27
-0.623601	0.416679	2.435411	28
-0.640231	0.427790	2.716674	29
-0.656860	0.438902	3.004243	30
-0.673489	0.450013	3.297079	31
-0.690119	0.461125	3.595304	32
-0.706748	0.472236	3.900577	33
-0.723378	0.483348	4.216489	34
-0.740007	0.494459	4.548921	35
-0.756636	0.505571	4.906391	36
-0.773266	0.516682	5.300348	37
-0.789895	0.527793	5.745409	38
-0.806524	0.538905	6.259512	39
-0.823154	0.550016	6.863947	40
32
-0.183224	0.102611	0.013797	1
-0.200674	0.112383	0.011177	2
-0.218124	0.122156	0.009045	3
-0.235574	0.131928	0.006502	4
-0.253024	0.141701	0.003719	5
-0.270473	0.151473	0.001316	6
-0.287923	0.161246	0.000124	7
-0.305373	0.171018	0.001096	8
-0.322823	0.180791	0.005288	9
-0.340273	0.190563	0.013857	10
-0.357723	0.200336	0.028063	11
-0.375173	0.210108	0.049262	12
-0.392623	0.219880	0.078875	13
-0.410073	0.229653	0.118395	14
-0.427523	0.239425	0.169351	15
-0.444972	0.249198	0.233259	16
-0.462422	0.258970	0.311570	17
-0.479872	0.268743	0.405615	18
-0.497322	0.278515	0.516541	19
-0.514772	0.288288	0.645254	20
-0.532222	0.298060	0.792366	21
-0.549672	0.307833	0.958158	22
-0.567122	0.317605	1.142553	23
-0.584572	0.327378	1.345128	24
-0.602021	0.337150	1.565139	25
-0.619471	0.346922	1.801586	26
-0.636921	0.356695	2.053311	27
-0.654371	0.366467	2.319134	28
-0.671821	0.376240	2.598021	29
-0.689271	0.386012	2.889296	30
-0.706721	0.395785	3.192881	31
-0.724171	0.405557	3.509568	32
-0.741621	0.415330	3.841308	33
-0.759071	0.425102	4.191513	34
-0.776520	0.434875	4.565345	35
-0.793970	0.444647	4.969983	36
-0.811420	0.454420	5.414856	37
-0.828870	0.464192	5.911795	38
-0.846320	0.473964	6.475093	39
-0.863770	0.483737	7.121419	40
33
-0.190710	0.087919	0.014225	1
-0.208873	0.096292	0.010713	2
-0.227036	0.104665	0.007888	3
-0.245198	0.113039	0.005098	4
-0.263361	0.121412	0.002487	5
-0.281524	0.129785	0.000590	6
-0.299687	0.138158	0.000154	7
-0.317850	0.146532	0.002058	8
-0.336013	0.154905	0.007290	9
-0.354175	0.163278	0.016929	10
-0.372338	0.171651	0.032140	11
-0.390501	0.180025	0.054149	12
-0.408664	0.188398	0.084234	13
-0.426827	0.196771	0.123713	14
-0.444990	0.205144	0.173913	15
-0.463153	0.213518	0.236139	16
-0.481315	0.221891	0.311639	17
-0.499478	0.230264	0.401571	18
-0.517641	0.238637	0.506965	19
-0.535804	0.247010	0.628696	20
-0.553967	0.255384	0.767449	21
-0.572130	0.263757	0.923707	22
-0.590292	0.272130	1.097743	23
-0.608455	0.280503	1.289626	24
-0.626618	0.288877	1.499244	25
-0.644781	0.297250	1.726351	26
-0.662944	0.305623	1.970636	27
-0.681107	0.313996	2.231811	28
-0.699270	0.322370	2.509732	29
-0.717432	0.330743	2.804547	30
-0.735595	0.339116	3.116872	31
-0.753758	0.347489	3.447985	32
-0.771921	0.355863	3.800044	33
-0.790084	0.364236	4.176309	34
-0.808247	0.372609	4.581363	35
-0.826409	0.380982	5.021309	36
-0.844572	0.389355	5.503933	37
-0.862735	0.397729	6.038795	38
-0.880898	0.406102	6.637226	39
-0.899061	0.414475	7.312182	40
34
-0.197020	0.072685	0.014514	1
-0.215784	0.079607	0.010406	2
-0.234548	0.086530	0.007108	3
-0.253311	0.093452	0.004160	4
-0.272075	0.100375	0.001707	5
-0.290839	0.107297	0.000231	6
-0.309603	0.114219	0.000410	7
-0.328367	0.121142	0.003060	8
-0.347130	0.128064	0.009103	9
-0.365894	0.134987	0.019544	10
-0.384658	0.141909	0.035457	11
-0.403422	0.148831	0.057962	12
-0.422186	0.155754	0.088221	13
-0.440950	0.162676	0.127417	14
-0.459713	0.169598	0.176734	15
-0.478477	0.176521	0.237336	16
-0.497241	0.183443	0.310347	17
-0.516005	0.190366	0.396828	18
-0.534769	0.197288	0.497761	19
-0.553532	0.204210	0.614031	20
-0.572296	0.211133	0.746412	21
-0.591060	0.218055	0.895561	22
-0.609824	0.224978	1.062020	23
-0.628588	0.231900	1.246223	24
-0.647351	0.238822	1.448515	25
-0.666115	0.245745	1.669187	26
-0.684879	0.252667	1.908522	27
-0.703643	0.259589	2.166860	28
-0.722407	0.266512	2.444684	29
-0.741171	0.273434	2.742723	30
-0.759934	0.280357	3.062079	31
-0.778698	0.287279	3.404367	32
-0.797462	0.294201	3.771872	33
-0.816226	0.301124	4.167710	34
-0.834990	0.308046	4.595991	35
-0.853753	0.314969	5.061952	36
-0.872517	0.321891	5.572066	37
-0.891281	0.328813	6.134088	38
-0.910045	0.335736	6.757012	39
-0.928809	0.342658	7.450911	40
35
-0.202115	0.057003	0.014683	1
-0.221365	0.062432	0.010199	2
-0.240614	0.067861	0.006592	3
-0.259863	0.073290	0.003552	4
-0.279112	0.078718	0.001237	5
-0.298361	0.084147	0.000089	6
-0.317610	0.089576	0.000739	7
-0.336859	0.095005	0.003948	8
-0.356108	0.100434	0.010581	9
-0.375357	0.105863	0.021577	10
-0.394606	0.111292	0.037936	11
-0.413855	0.116720	0.060695	12
-0.433105	0.122149	0.090926	13
-0.452354	0.127578	0.129715	14
-0.471603	0.133007	0.178150	15
-0.490852	0.138436	0.237304	16
-0.510101	0.143865	0.308228	17
-0.529350	0.149294	0.391935	18
-0.548599	0.154722	0.489390	19
-0.567848	0.160151	0.601509	20
-0.587097	0.165580	0.729145	21
-0.606346	0.171009	0.873098	22
-0.625595	0.176438	1.034112	23
-0.644845	0.181867	1.212887	24
-0.664094	0.187296	1.410094	25
-0.683343	0.192724	1.626403	26
-0.702592	0.198153	1.862515	27
-0.721841	0.203582	2.119210	28
-0.741090	0.209011	2.397408	29
-0.760339	0.214440	2.698242	30
-0.779588	0.219869	3.023148	31
-0.798837	0.225298	3.373964	32
-0.818086	0.230726	3.753044	33
-0.837335	0.236155	4.163366	34
-0.856585	0.241584	4.608651	35
-0.875834	0.247013	5.093446	36
-0.895083	0.252442	5.623193	37
-0.914332	0.257871	6.204241	38
-0.933581	0.263299	6.843784	39
-0.952830	0.268728	7.549704	40
36
-0.205965	0.040969	0.014755	1
-0.225581	0.044871	0.010052	2
-0.245196	0.048773	0.006263	3
-0.264812	0.052675	0.003180	4
-0.284428	0.056577	0.000973	5
-0.304043	0.060479	0.000062	6
-0.323659	0.064381	0.001041	7
-0.343275	0.068282	0.004630	8
-0.362890	0.072184	0.011649	9
-0.382506	0.076086	0.022986	10
-0.402122	0.079988	0.039583	11
-0.421737	0.083890	0.062419	12
-0.441353	0.087792	0.092501	13
-0.460969	0.091694	0.130851	14
-0.480585	0.095595	0.178493	15
-0.500200	0.099497	0.236447	16
-0.519816	0.103399	0.305721	17
-0.539432	0.107301	0.387303	18
-0.559047	0.111203	0.482162	19
-0.578663	0.115105	0.591242	20
-0.598279	0.119007	0.715464	21
-0.617894	0.122908	0.855733	22
-0.637510	0.126810	1.012939	23
-0.657126	0.130712	1.187971	24
-0.676742	0.134614	1.381730	25
-0.696357	0.138516	1.595148	26
-0.715973	0.142418	1.829216	27
-0.735589	0.146320	2.085021	28
-0.755204	0.150221	2.363782	29
-0.774820	0.154123	2.666912	30
-0.794436	0.158025	2.996070	31
-0.814051	0.161927	3.353240	32
-0.833667	0.165829	3.740803	33
-0.853283	0.169731	4.161614	34
-0.872898	0.173633	4.619077	35
-0.892514	0.177534	5.117200	36
-0.912130	0.181436	5.660628	37
-0.931746	0.185338	6.254634	38
-0.951361	0.189240	6.905052	39
-0.970977	0.193142	7.618130	40
37
-0.208544	0.024683	0.014749	1
-0.228406	0.027034	0.009946	2
-0.248267	0.029385	0.006073	3
-0.268128	0.031736	0.002983	4
-0.287990	0.034087	0.000851	5
-0.307851	0.036437	0.000085	6
-0.327712	0.038788	0.001257	7
-0.347574	0.041139	0.005061	8
-0.367435	0.043490	0.012283	9
-0.387297	0.045841	0.023778	10
-0.407158	0.048191	0.040452	11
-0.427019	0.050542	0.063244	12
-0.446881	0.052893	0.093121	13
-0.466742	0.055244	0.131065	14
-0.486603	0.057595	0.178062	15
-0.506465	0.059945	0.235102	16
-0.526326	0.062296	0.303168	17
-0.546187	0.064647	0.383238	18
-0.566049	0.066998	0.476284	19
-0.585910	0.069349	0.583276	20
-0.605772	0.071699	0.705180	21
-0.625633	0.074050	0.842974	22
-0.645494	0.076401	0.997645	23
-0.665356	0.078752	1.170209	24
-0.685217	0.081103	1.361721	25
-0.705078	0.083453	1.573291	26
-0.724940	0.085804	1.806108	27
-0.744801	0.088155	2.061462	28
-0.764662	0.090506	2.340781	29
-0.784524	0.092857	2.645663	30
-0.804385	0.095207	2.977922	31
-0.824247	0.097558	3.339633	32
-0.844108	0.099909	3.733183	33
-0.863969	0.102260	4.161323	34
-0.883831	0.104611	4.627209	35
-0.903692	0.106961	5.134436	36
-0.923553	0.109312	5.687044	37
-0.943415	0.111663	6.289502	38
-0.963276	0.114014	6.946631	39
-0.983137	0.116365	7.663484	40
38
-0.209838	0.008245	0.014678	1
-0.229823	0.009030	0.009871	2
-0.249807	0.009816	0.005998	3
-0.269792	0.010601	0.002926	4
-0.289776	0.011386	0.000835	5
-0.309761	0.012171	0.000127	6
-0.329746	0.012957	0.001364	7
-0.349730	0.013742	0.005229	8
-0.369715	0.014527	0.012492	9
-0.389699	0.015312	0.023993	10
-0.409684	0.016098	0.040617	11
-0.429668	0.016883	0.063286	12
-0.449653	0.017668	0.092947	13
-0.469638	0.018453	0.130562	14
-0.489622	0.019239	0.177100	15
-0.509607	0.020024	0.233532	16
-0.529591	0.020809	0.300830	17
-0.549576	0.021594	0.379965	18
-0.569560	0.022380	0.471910	19
-0.589545	0.023165	0.577645	20
-0.609530	0.023950	0.698162	21
-0.629514	0.024735	0.834475	22
-0.649499	0.025521	0.987629	23
-0.669483	0.026306	1.158715	24
-0.689468	0.027091	1.348881	25
-0.709453	0.027876	1.559348	26
-0.729437	0.028662	1.791430	27
-0.749422	0.029447	2.046556	28
-0.769406	0.030232	2.326288	29
-0.789391	0.031017	2.632351	30
-0.809375	0.031803	2.966663	31
-0.829360	0.032588	3.331360	32
-0.849345	0.033373	3.728833	33
-0.869329	0.034158	4.161751	34
-0.889314	0.034944	4.633089	35
-0.909298	0.035729	5.146135	36
-0.929283	0.036514	5.704487	37
-0.949267	0.037299	6.312023	38
-0.969252	0.038085	6.972829	39
-0.989237	0.038870	7.691096	40
39
-0.209838	-0.008244	0.014547	1
-0.229823	-0.009029	0.009825	2
-0.249807	-0.009814	0.006029	3
-0.269792	-0.010599	0.003000	4
-0.289776	-0.011385	0.000916	5
-0.309761	-0.012170	0.000182	6
-0.329746	-0.012955	0.001363	7
-0.349730	-0.013740	0.005146	8
-0.369715	-0.014525	0.012304	9
-0.389699	-0.015310	0.023676	10
-0.409684	-0.016095	0.040148	11
-0.429669	-0.016881	0.062644	12
-0.449653	-0.017666	0.092108	13
-0.469638	-0.018451	0.129501	14
-0.489622	-0.019236	0.175789	15
-0.509607	-0.020021	0.231937	16
-0.529591	-0.020806	0.298909	17
-0.549576	-0.021591	0.377669	18
-0.569561	-0.022377	0.469182	19
-0.589545	-0.023162	0.574423	20
-0.609530	-0.023947	0.694383	21
-0.629514	-0.024732	0.830080	22
-0.649499	-0.025517	0.982578	23
-0.669484	-0.026302	1.152995	24
-0.689468	-0.027087	1.342521	25
-0.709453	-0.027873	1.552433	26
-0.729437	-0.028658	1.784116	27
-0.749422	-0.029443	2.039078	28
-0.769406	-0.030228	2.318972	29
-0.789391	-0.031013	2.625608	30
-0.809376	-0.031798	2.960979	31
-0.829360	-0.032583	3.327270	32
-0.849345	-0.033369	3.726881	33
-0.869329	-0.034154	4.162434	34
-0.889314	-0.034939	4.636783	35
-0.909299	-0.035724	5.153007	36
-0.929283	-0.036509	5.714396	37
-0.949268	-0.037294	6.324408	38
-0.969252	-0.038079	6.986614	39
-0.989237	-0.038865	7.704592	40
40
-0.208544	-0.024682	0.014354	1
-0.228406	-0.027033	0.009813	2
-0.248267	-0.029384	0.006173	3
-0.268129	-0.031734	0.003215	4
-0.287990	-0.034085	0.001107	5
-0.307851	-0.036436	0.000266	6
-0.327713	-0.038786	0.001275	7
-0.347574	-0.041137	0.004840	8
-0.367435	-0.043488	0.011753	9
-0.387297	-0.045839	0.022871	10
-0.407158	-0.048189	0.039102	11
-0.427020	-0.050540	0.061386	12
-0.446881	-0.052891	0.090688	13
-0.466742	-0.055241	0.127983	14
-0.486604	-0.057592	0.174248	15
-0.506465	-0.059943	0.230453	16
-0.526326	-0.062293	0.297557	17
-0.546188	-0.064644	0.376509	18
-0.566049	-0.066995	0.468257	19
-0.585911	-0.069345	0.573756	20
-0.605772	-0.071696	0.693964	21
-0.625633	-0.074047	0.829867	22
-0.645495	-0.076398	0.982509	23
-0.665356	-0.078748	1.152987	24
-0.685217	-0.081099	1.342479	25
-0.705079	-0.083450	1.552271	26
-0.724940	-0.085800	1.783768	27
-0.744802	-0.088151	2.038520	28
-0.764663	-0.090502	2.318230	29
-0.784524	-0.092852	2.624771	30
-0.804386	-0.095203	2.960196	31
-0.824247	-0.097554	3.326742	32
-0.844108	-0.099904	3.726837	33
-0.863970	-0.102255	4.163097	34
-0.883831	-0.104606	4.638317	35
-0.903693	-0.106957	5.155456	36
-0.923554	-0.109307	5.717610	37
-0.943415	-0.111658	6.327964	38
-0.963277	-0.114009	6.989734	39
-0.983138	-0.116359	7.706075	40
41
-0.205965	-0.040968	0.014092	1
-0.225581	-0.044870	0.009843	2
-0.245196	-0.048772	0.006455	3
-0.264812	-0.052674	0.003603	4
-0.284428	-0.056575	0.001444	5
-0.304044	-0.060477	0.000418	6
-0.323659	-0.064379	0.001140	7
-0.343275	-0.068281	0.004351	8
-0.362891	-0.072182	0.010878	9
-0.382506	-0.076084	0.021617	10
-0.402122	-0.079986	0.037514	11
-0.421738	-0.083888	0.059549	12
-0.441354	-0.087789	0.088725	13
-0.460969	-0.091691	0.126054	14
-0.480585	-0.095593	0.172540	15
-0.500201	-0.099495	0.229166	16
-0.519816	-0.103396	0.296893	17
-0.539432	-0.107298	0.376648	18
-0.559048	-0.111200	0.469350	19
-0.578664	-0.115102	0.575913	20
-0.598279	-0.119003	0.697231	21
-0.617895	-0.122905	0.834214	22
-0.637511	-0.126807	0.987832	23
-0.657127	-0.130709	1.159107	24
-0.676742	-0.134610	1.349157	25
-0.696358	-0.138512	1.559219	26
-0.715974	-0.142414	1.790679	27
-0.735589	-0.146316	2.045085	28
-0.755205	-0.150217	2.324167	29
-0.774821	-0.154119	2.629846	30
-0.794437	-0.158021	2.964232	31
-0.814052	-0.161923	3.329632	32
-0.833668	-0.165824	3.728532	33
-0.853284	-0.169726	4.163592	34
-0.872899	-0.173628	4.637616	35
-0.892515	-0.177530	5.153532	36
-0.912131	-0.181431	5.714344	37
-0.931747	-0.185333	6.323088	38
-0.951362	-0.189235	6.982757	39
-0.970978	-0.193137	7.696221	40
42
-0.202116	-0.057002	0.013747	1
-0.221365	-0.062431	0.009938	2
-0.240614	-0.067859	0.006918	3
-0.259863	-0.073288	0.004219	4
-0.279112	-0.078717	0.001988	5
-0.298361	-0.084146	0.000701	6
-0.317610	-0.089574	0.001020	7
-0.336860	-0.095003	0.003737	8
-0.356109	-0.100432	0.009731	9
-0.375358	-0.105861	0.019953	10
-0.394607	-0.111289	0.035408	11
-0.413856	-0.116718	0.057141	12
-0.433105	-0.122147	0.086217	13
-0.452354	-0.127576	0.123708	14
-0.471603	-0.133004	0.170669	15
-0.490853	-0.138433	0.228117	16
-0.510102	-0.143862	0.297010	17
-0.529351	-0.149291	0.378263	18
-0.548600	-0.154719	0.472755	19
-0.567849	-0.160148	0.581321	20
-0.587098	-0.165577	0.704752	21
-0.606347	-0.171006	0.843837	22
-0.625596	-0.176434	0.999399	23
-0.644846	-0.181863	1.172323	24
-0.664095	-0.187292	1.363599	25
-0.683344	-0.192721	1.574359	26
-0.702593	-0.198150	1.805914	27
-0.721842	-0.203578	2.059773	28
-0.741091	-0.209007	2.337669	29
-0.760340	-0.214436	2.641560	30
-0.779589	-0.219865	2.973630	31
-0.798838	-0.225293	3.336280	32
-0.818088	-0.230722	3.732104	33
-0.837337	-0.236151	4.163867	34
-0.856586	-0.241580	4.634465	35
-0.875835	-0.247008	5.146880	36
-0.895084	-0.252437	5.704134	37
-0.914333	-0.257866	6.309220	38
-0.933582	-0.263295	6.965028	39
-0.952831	-0.268723	7.674252	40
43
-0.197020	-0.072684	0.013306	1
-0.215784	-0.079606	0.010130	2
-0.234548	-0.086529	0.007627	3
-0.253312	-0.093451	0.005145	4
-0.272076	-0.100373	0.002829	5
-0.290840	-0.107295	0.001206	6
-0.309603	-0.114218	0.001006	7
-0.328367	-0.121140	0.003083	8
-0.347131	-0.128062	0.008383	9
-0.365895	-0.134985	0.017929	10
-0.384659	-0.141907	0.032809	11
-0.403423	-0.148829	0.054154	12
-0.422187	-0.155751	0.083126	13
-0.440950	-0.162674	0.120891	14
-0.459714	-0.169596	0.168588	15
-0.478478	-0.176518	0.227290	16
-0.497242	-0.183441	0.297972	17
-0.516006	-0.190363	0.381542	18
-0.534770	-0.197285	0.478834	19
-0.553533	-0.204207	0.590566	20
-0.572297	-0.211130	0.717377	21
-0.591061	-0.218052	0.859862	22
-0.609825	-0.224974	1.018618	23
-0.628589	-0.231897	1.194299	24
-0.647353	-0.238819	1.387678	25
-0.666117	-0.245741	1.599697	26
-0.684880	-0.252663	1.831524	27
-0.703644	-0.259586	2.084582	28
-0.722408	-0.266508	2.360582	29
-0.741172	-0.273430	2.661520	30
-0.759936	-0.280353	2.989679	31
-0.778700	-0.287275	3.347600	32
-0.797464	-0.294197	3.738052	33
-0.816227	-0.301119	4.163984	34
-0.834991	-0.308042	4.628478	35
-0.853755	-0.314964	5.134682	36
-0.872519	-0.321886	5.685742	37
-0.891283	-0.328809	6.284721	38
-0.910047	-0.335731	6.934515	39
-0.928810	-0.342653	7.637743	40
44
-0.190710	-0.087918	0.012755	1
-0.208873	-0.096291	0.010470	2
-0.227036	-0.104664	0.008674	3
-0.245199	-0.113037	0.006491	4
-0.263362	-0.121411	0.004084	5
-0.281525	-0.129784	0.002059	6
-0.299688	-0.138157	0.001224	7
-0.317851	-0.146530	0.002510	8
-0.336013	-0.154903	0.006942	9
-0.354176	-0.163276	0.015628	10
-0.372339	-0.171649	0.029758	11
-0.390502	-0.180023	0.050582	12
-0.408665	-0.188396	0.079395	13
-0.426828	-0.196769	0.117503	14
-0.444991	-0.205142	0.166184	15
-0.463154	-0.213515	0.226597	16
-0.481317	-0.221888	0.299778	17
-0.499479	-0.230261	0.386662	18
-0.517642	-0.238634	0.488021	19
-0.535805	-0.247008	0.604432	20
-0.553968	-0.255381	0.736311	21
-0.572131	-0.263754	0.883961	22
-0.590294	-0.272127	1.047638	23
-0.608457	-0.280500	1.227634	24
-0.626620	-0.288873	1.424364	25
-0.644783	-0.297246	1.638463	26
-0.662945	-0.305620	1.870857	27
-0.681108	-0.313993	2.122821	28
-0.699271	-0.322366	2.396013	29
-0.717434	-0.330739	2.692478	30
-0.735597	-0.339112	3.014636	31
-0.753760	-0.347485	3.365241	32
-0.771923	-0.355858	3.747327	33
-0.790086	-0.364232	4.164144	34
-0.808249	-0.372605	4.619076	35
-0.826411	-0.380978	5.115564	36
-0.844574	-0.389351	5.657005	37
-0.862737	-0.397724	6.246659	38
-0.880900	-0.406097	6.887530	39
-0.899063	-0.414470	7.582252	40
45
-0.183224	-0.102610	0.012088	1
-0.200674	-0.112382	0.011026	2
-0.218124	-0.122155	0.010167	3
-0.235574	-0.131927	0.008384	4
-0.253024	-0.141699	0.005895	5
-0.270474	-0.151472	0.003410	6
-0.287924	-0.161244	0.001835	7
-0.305374	-0.171016	0.002185	8
-0.322824	-0.180789	0.005567	9
-0.340274	-0.190561	0.013186	10
-0.357724	-0.200334	0.026349	11
-0.375174	-0.210106	0.046453	12
-0.392624	-0.219878	0.074973	13
-0.410074	-0.229651	0.113417	14
-0.427524	-0.239423	0.163272	15
-0.444974	-0.249195	0.225859	16
-0.462424	-0.258968	0.302345	17
-0.479874	-0.268740	0.393748	18
-0.497324	-0.278513	0.500796	19
-0.514774	-0.288285	0.623894	20
-0.532223	-0.298057	0.763160	21
-0.549673	-0.307830	0.918471	22
-0.567123	-0.317602	1.089566	23
-0.584573	-0.327374	1.276165	24
-0.602023	-0.337147	1.478125	25
-0.619473	-0.346919	1.695581	26
-0.636923	-0.356692	1.929069	27
-0.654373	-0.366464	2.179620	28
-0.671823	-0.376236	2.448807	29
-0.689273	-0.386009	2.738747	30
-0.706723	-0.395781	3.052066	31
-0.724173	-0.405553	3.391842	32
-0.741623	-0.415326	3.761509	33
-0.759073	-0.425098	4.164766	34
-0.776523	-0.434871	4.605461	35
-0.793973	-0.444643	5.087482	36
-0.811423	-0.454415	5.614631	37
-0.828873	-0.464188	6.190496	38
-0.846323	-0.473960	6.818310	39
-0.863773	-0.483732	7.500793	40
46
-0.174609	-0.116669	0.011308	1
-0.191238	-0.127781	0.011870	2
-0.207868	-0.138892	0.012211	3
-0.224497	-0.150003	0.010947	4
-0.241127	-0.161115	0.008398	5
-0.257756	-0.172226	0.005416	6
-0.274386	-0.183337	0.003021	7
-0.291015	-0.194449	0.002313	8
-0.307644	-0.205560	0.004478	9
-0.324274	-0.216671	0.010813	10
-0.340903	-0.227783	0.022752	11
-0.357533	-0.238894	0.041865	12
-0.374162	-0.250005	0.069853	13
-0.390792	-0.261117	0.108501	14
-0.407421	-0.272228	0.159610	15
-0.424050	-0.283339	0.224783	16
-0.440680	-0.294451	0.305437	17
-0.457309	-0.305562	0.402791	18
-0.473939	-0.316674	0.517589	19
-0.490568	-0.327785	0.650071	20
-0.507198	-0.338896	0.799968	21
-0.523827	-0.350008	0.966549	22
-0.540456	-0.361119	1.148766	23
-0.557086	-0.372230	1.345448	24
-0.573715	-0.383342	1.555550	25
-0.590345	-0.394453	1.778399	26
-0.606974	-0.405564	2.013908	27
-0.623604	-0.416676	2.262722	28
-0.640233	-0.427787	2.526288	29
-0.656862	-0.438898	2.806850	30
-0.673492	-0.450010	3.107370	31
-0.690121	-0.461121	3.431423	32
-0.706751	-0.472232	3.783049	33
-0.723380	-0.483344	4.166604	34
-0.740010	-0.494455	4.586608	35
-0.756639	-0.505567	5.047589	36
-0.773268	-0.516678	5.553926	37
-0.789898	-0.527789	6.109689	38
-0.806527	-0.538901	6.718453	39
-0.823157	-0.550012	7.383107	40
47
-0.164917	-0.130009	0.010432	1
-0.180623	-0.142391	0.013056	2
-0.196330	-0.154773	0.014868	3
-0.212036	-0.167155	0.014245	4
-0.227742	-0.179537	0.011677	5
-0.243449	-0.191918	0.008195	6
-0.259155	-0.204300	0.004945	7
-0.274862	-0.216682	0.003107	8
-0.290568	-0.229064	0.003931	9
-0.306274	-0.241446	0.008793	10
-0.321981	-0.253827	0.019240	11
-0.337687	-0.266209	0.037027	12
-0.353394	-0.278591	0.064121	13
-0.369100	-0.290973	0.102667	14
-0.384806	-0.303355	0.154911	15
-0.400513	-0.315737	0.222924	16
-0.416219	-0.328118	0.308577	17
-0.431925	-0.340500	0.413491	18
-0.447632	-0.352882	0.538607	19
-0.463338	-0.365264	0.684076	20
-0.479045	-0.377646	0.849172	21
-0.494751	-0.390028	1.032320	22
-0.510457	-0.402409	1.231276	23
-0.526164	-0.414791	1.443443	24
-0.541870	-0.427173	1.666298	25
-0.557576	-0.439555	1.897837	26
-0.573283	-0.451937	2.136954	27
-0.588989	-0.464319	2.383696	28
-0.604696	-0.476700	2.639362	29
-0.620402	-0.489082	2.906449	30
-0.636108	-0.501464	3.188502	31
-0.651815	-0.513846	3.489893	32
-0.667521	-0.526228	3.815580	33
-0.683227	-0.538610	4.170880	34
-0.698934	-0.550991	4.561245	35
-0.714640	-0.563373	4.992070	36
-0.730347	-0.575755	5.468498	37
-0.746053	-0.588137	5.995223	38
-0.761759	-0.600519	6.576278	39
-0.777466	-0.612901	7.214774	40
48
-0.154208	-0.142548	0.009487	1
-0.168895	-0.156124	0.014567	2
-0.183581	-0.169700	0.018072	3
-0.198268	-0.183276	0.018205	4
-0.212954	-0.196852	0.015685	5
-0.227641	-0.210427	0.011751	6
-0.242327	-0.224003	0.007679	7
-0.257014	-0.237579	0.004720	8
-0.271700	-0.251155	0.004165	9
-0.286387	-0.264731	0.007434	10
-0.301073	-0.278307	0.016163	11
-0.315760	-0.291883	0.032269	12
-0.330446	-0.305459	0.057996	13
-0.345133	-0.319035	0.095921	14
-0.359819	-0.332611	0.148881	15
-0.374506	-0.346187	0.219668	16
-0.389192	-0.359763	0.310915	17
-0.403879	-0.373339	0.425017	18
-0.418565	-0.386915	0.563491	19
-0.433252	-0.400491	0.726657	20
-0.447938	-0.414067	0.913372	21
-0.462625	-0.427643	1.120940	22
-0.477311	-0.441219	1.345297	23
-0.491998	-0.454795	1.581519	24
-0.506684	-0.468371	1.824574	25
-0.521371	-0.481947	2.070179	26
-0.536057	-0.495523	2.315535	27
-0.550744	-0.509099	2.559779	28
-0.565430	-0.522675	2.804106	29
-0.580117	-0.536251	3.051597	30
-0.594803	-0.549827	3.306859	31
-0.609490	-0.563403	3.575600	32
-0.624176	-0.576979	3.864202	33
-0.638863	-0.590555	4.179364	34
-0.653549	-0.604131	4.527795	35
-0.668236	-0.617706	4.915985	36
-0.682922	-0.631282	5.349989	37
-0.697609	-0.644858	5.835226	38
-0.712295	-0.658434	6.376232	39
-0.726981	-0.672010	6.976354	40
49
-0.142549	-0.154207	0.008502	1
-0.156125	-0.168894	0.016244	2
-0.169701	-0.183580	0.021541	3
-0.183277	-0.198266	0.022516	4
-0.196853	-0.212953	0.020146	5
-0.210429	-0.227639	0.015876	6
-0.224005	-0.242326	0.011102	7
-0.237581	-0.257012	0.007131	8
-0.251157	-0.271698	0.005273	9
-0.264733	-0.286385	0.006954	10
-0.278309	-0.301071	0.013846	11
-0.291885	-0.315758	0.027973	12
-0.305461	-0.330444	0.051817	13
-0.319038	-0.345131	0.088398	14
-0.332614	-0.359817	0.141266	15
-0.346190	-0.374503	0.214222	16
-0.359766	-0.389190	0.311090	17
-0.373342	-0.403876	0.435644	18
-0.386918	-0.418563	0.590714	19
-0.400494	-0.433249	0.777452	20
-0.414070	-0.447935	0.994663	21
-0.427646	-0.462622	1.238340	22
-0.441222	-0.477308	1.501692	23
-0.454798	-0.491995	1.775874	24
-0.468374	-0.506681	2.051400	25
-0.481950	-0.521367	2.319905	26
-0.495526	-0.536054	2.575679	27
-0.509102	-0.550740	2.816535	28
-0.522678	-0.565427	3.043873	29
-0.536255	-0.580113	3.262154	30
-0.549831	-0.594799	3.478058	31
-0.563407	-0.609486	3.699609	32
-0.576983	-0.624172	3.935428	33
-0.590559	-0.638859	4.194168	34
-0.604135	-0.653545	4.484143	35
-0.617711	-0.668231	4.813087	36
-0.631287	-0.682918	5.187980	37
-0.644863	-0.697604	5.614890	38
-0.658439	-0.712291	6.098744	39
-0.672015	-0.726977	6.643006	40
50
-0.130010	-0.164916	0.007483	1
-0.142392	-0.180622	0.017713	2
-0.154774	-0.196329	0.024687	3
-0.167156	-0.212035	0.026548	4
-0.179538	-0.227741	0.024482	5
-0.191920	-0.243448	0.020078	6
-0.204302	-0.259154	0.014813	7
-0.216684	-0.274860	0.010036	8
-0.229066	-0.290566	0.007059	9
-0.241448	-0.306273	0.007288	10
-0.253830	-0.321979	0.012373	11
-0.266212	-0.337685	0.024363	12
-0.278593	-0.353392	0.045877	13
-0.290975	-0.369098	0.080290	14
-0.303357	-0.384804	0.131864	15
-0.315739	-0.400511	0.205644	16
-0.328121	-0.416217	0.307110	17
-0.340503	-0.431923	0.442294	18
-0.352885	-0.447629	0.616619	19
-0.365267	-0.463336	0.833533	20
-0.377649	-0.479042	1.093024	21
-0.390031	-0.494748	1.390124	22
-0.402413	-0.510455	1.714158	23
-0.414795	-0.526161	2.049498	24
-0.427177	-0.541867	2.378240	25
-0.439559	-0.557574	2.684208	26
-0.451941	-0.573280	2.956540	27
-0.464322	-0.588986	3.191362	28
-0.476704	-0.604692	3.391445	29
-0.489086	-0.620399	3.564596	30
-0.501468	-0.636105	3.721663	31
-0.513850	-0.651811	3.874762	32
-0.526232	-0.667518	4.035993	33
-0.538614	-0.683224	4.216663	34
-0.550996	-0.698930	4.426912	35
-0.563378	-0.714636	4.675597	36
-0.575760	-0.730343	4.970279	37
-0.588142	-0.746049	5.317218	38
-0.600524	-0.761755	5.721267	39
-0.612906	-0.777462	6.185589	40
51
-0.116670	-0.174608	0.006395	1
-0.127782	-0.191238	0.018368	2
-0.138893	-0.207867	0.026626	3
-0.150005	-0.224496	0.029383	4
-0.161116	-0.241126	0.027853	5
-0.172228	-0.257755	0.023620	6
-0.183339	-0.274384	0.018167	7
-0.194451	-0.291014	0.012848	8
-0.205562	-0.307643	0.008976	9
-0.216674	-0.324272	0.007931	10
-0.227785	-0.340902	0.011317	11
-0.238896	-0.357531	0.021137	12
-0.250008	-0.374160	0.040018	13
-0.261119	-0.390790	0.071490	14
-0.272231	-0.407419	0.120327	15
-0.283342	-0.424049	0.192784	16
-0.294454	-0.440678	0.296327	17
-0.305565	-0.457307	0.440150	18
-0.316677	-0.473937	0.634146	19
-0.327788	-0.490566	0.886903	20
-0.338900	-0.507195	1.202839	21
-0.350011	-0.523825	1.578338	22
-0.361123	-0.540454	1.998197	23
-0.372234	-0.557083	2.434829	24
-0.383345	-0.573713	2.853011	25
-0.394457	-0.590342	3.220263	26
-0.405568	-0.606971	3.516441	27
-0.416680	-0.623601	3.736728	28
-0.427791	-0.640230	3.889101	29
-0.438903	-0.656859	3.989492	30
-0.450014	-0.673489	4.057120	31
-0.461126	-0.690118	4.111134	32
-0.472237	-0.706748	4.168716	33
-0.483349	-0.723377	4.244318	34
-0.494460	-0.740006	4.349610	35
-0.505572	-0.756636	4.493783	36
-0.516683	-0.773265	4.683934	37
-0.527794	-0.789894	4.925380	38
-0.538906	-0.806524	5.221801	39
-0.550017	-0.823153	5.575112	40
52
-0.102611	-0.183224	0.005157	1
-0.112384	-0.200674	0.017490	2
-0.122156	-0.218124	0.026385	3
-0.131929	-0.235573	0.030050	4
-0.141701	-0.253023	0.029403	5
-0.151474	-0.270473	0.025798	6
-0.161246	-0.287923	0.020580	7
-0.171019	-0.305373	0.015036	8
-0.180791	-0.322823	0.010443	9
-0.190563	-0.340273	0.008162	10
-0.200336	-0.357723	0.009766	11
-0.210108	-0.375173	0.017210	12
-0.219881	-0.392622	0.033065	13
-0.229653	-0.410072	0.060824	14
-0.239426	-0.427522	0.105412	15
-0.249198	-0.444972	0.173795	16
-0.258971	-0.462422	0.275381	17
-0.268743	-0.479872	0.422603	18
-0.278516	-0.497322	0.631764	19
-0.288288	-0.514772	0.920957	20
-0.298061	-0.532222	1.306161	21
-0.307833	-0.549671	1.793240	22
-0.317606	-0.567121	2.366293	23
-0.327378	-0.584571	2.977490	24
-0.337151	-0.602021	3.551322	25
-0.346923	-0.619471	4.016859	26
-0.356696	-0.636921	4.338486	27
-0.366468	-0.654371	4.517437	28
-0.376241	-0.671821	4.578888	29
-0.386013	-0.689270	4.557823	30
-0.395786	-0.706720	4.489190	31
-0.405558	-0.724170	4.402862	32
-0.415331	-0.741620	4.322020	33
-0.425103	-0.759070	4.263463	34
-0.434876	-0.776520	4.238695	35
-0.444648	-0.793970	4.255176	36
-0.454421	-0.811420	4.317399	37
-0.464193	-0.828870	4.427676	38
-0.473966	-0.846319	4.586614	39
-0.483738	-0.863769	4.793258	40
53
-0.087919	-0.190710	0.003688	1
-0.096292	-0.208873	0.014612	2
-0.104666	-0.227035	0.023384	3
-0.113039	-0.245198	0.028008	4
-0.121412	-0.263361	0.028761	5
-0.129786	-0.281524	0.026508	6
-0.138159	-0.299687	0.022253	7
-0.146532	-0.317850	0.017039	8
-0.154905	-0.336012	0.011971	9
-0.163279	-0.354175	0.008302	10
-0.171652	-0.372338	0.007550	11
-0.180025	-0.390501	0.011647	12
-0.188398	-0.408664	0.023155	13
-0.196772	-0.426827	0.045559	14
-0.205145	-0.444989	0.083732	15
-0.213518	-0.463152	0.144747	16
-0.221891	-0.481315	0.239045	17
-0.230265	-0.499478	0.381240	18
-0.238638	-0.517641	0.593810	19
-0.247011	-0.535804	0.907945	20
-0.255384	-0.553966	1.362475	21
-0.263758	-0.572129	1.994327	22
-0.272131	-0.590292	2.811474	23
-0.280504	-0.608455	3.743491	24
-0.288877	-0.626618	4.602294	25
-0.297251	-0.644781	5.210319	26
-0.305624	-0.662943	5.521592	27
-0.313997	-0.681106	5.579550	28
-0.322371	-0.699269	5.460162	29
-0.330744	-0.717432	5.237532	30
-0.339117	-0.735595	4.970176	31
-0.347490	-0.753758	4.698912	32
-0.355864	-0.771920	4.449554	33
-0.364237	-0.790083	4.236767	34
-0.372610	-0.808246	4.067544	35
-0.380983	-0.826409	3.943830	36
-0.389357	-0.844572	3.864337	37
-0.397730	-0.862735	3.825696	38
-0.406103	-0.880897	3.823185	39
-0.414476	-0.899060	3.851176	40
54
-0.072685	-0.197020	0.002056	1
-0.079608	-0.215784	0.010047	2
-0.086530	-0.234548	0.018007	3
-0.093453	-0.253311	0.023692	4
-0.100375	-0.272075	0.026627	5
-0.107297	-0.290839	0.027005	6
-0.114220	-0.309603	0.025239	7
-0.121142	-0.328367	0.021827	8
-0.128065	-0.347130	0.017388	9
-0.134987	-0.365894	0.012754	10
-0.141909	-0.384658	0.009097	11
-0.148832	-0.403422	0.008109	12
-0.155754	-0.422186	0.012224	13
-0.162677	-0.440949	0.024942	14
-0.169599	-0.459713	0.051270	15
-0.176521	-0.478477	0.098422	16
-0.183444	-0.497241	0.177050	17
-0.190366	-0.516005	0.303200	18
-0.197289	-0.534768	0.501270	19
-0.204211	-0.553532	0.812390	20
-0.211134	-0.572296	1.303287	21
-0.218056	-0.591060	2.076050	22
-0.224978	-0.609824	3.252955	23
-0.231901	-0.628587	4.846546	24
-0.238823	-0.647351	6.262044	25
-0.245746	-0.666115	6.975042	26
-0.252668	-0.684879	7.084353	27
-0.259590	-0.703643	6.817395	28
-0.266513	-0.722406	6.362644	29
-0.273435	-0.741170	5.843373	30
-0.280358	-0.759934	5.330443	31
-0.287280	-0.778698	4.859810	32
-0.294202	-0.797462	4.446211	33
-0.301125	-0.816225	4.092205	34
-0.308047	-0.834989	3.793641	35
-0.314970	-0.853753	3.542764	36
-0.321892	-0.872517	3.329914	37
-0.328814	-0.891281	3.144482	38
-0.335737	-0.910044	2.975633	39
-0.342659	-0.928808	2.813204	40
55
-0.057003	-0.202115	0.000661	1
-0.062432	-0.221364	0.005156	2
-0.067861	-0.240614	0.011742	3
-0.073290	-0.259863	0.018676	4
-0.078719	-0.279112	0.025106	5
-0.084148	-0.298361	0.030514	6
-0.089577	-0.317610	0.034463	7
-0.095005	-0.336859	0.036580	8
-0.100434	-0.356108	0.036604	9
-0.105863	-0.375357	0.034461	10
-0.111292	-0.394606	0.030367	11
-0.116721	-0.413855	0.024998	12
-0.122150	-0.433104	0.019744	13
-0.127579	-0.452353	0.017123	14
-0.133008	-0.471603	0.021396	15
-0.138436	-0.490852	0.039500	16
-0.143865	-0.510101	0.082448	17
-0.149294	-0.529350	0.167575	18
-0.154723	-0.548599	0.322163	19
-0.160152	-0.567848	0.590466	20
-0.165581	-0.587097	1.051915	21
-0.171010	-0.606346	1.863758	22
-0.176439	-0.625595	3.386796	23
-0.181868	-0.644844	6.635542	24
-0.187296	-0.664093	9.079095	25
-0.192725	-0.683342	9.189403	26
-0.198154	-0.702592	8.497587	27
-0.203583	-0.721841	7.601792	28
-0.209012	-0.741090	6.719662	29
-0.214441	-0.760339	5.926922	30
-0.219870	-0.779588	5.242005	31
-0.225299	-0.798837	4.659856	32
-0.230727	-0.818086	4.166430	33
-0.236156	-0.837335	3.744875	34
-0.241585	-0.856584	3.377947	35
-0.247014	-0.875833	3.048795	36
-0.252443	-0.895082	2.741208	37
-0.257872	-0.914332	2.439951	38
-0.263301	-0.933581	2.131786	39
-0.268730	-0.952830	1.807824	40
56
-0.040970	-0.205965	0.000063	1
-0.044872	-0.225580	0.001536	2
-0.048774	-0.245196	0.006403	3
-0.052675	-0.264812	0.015354	4
-0.056577	-0.284428	0.027844	5
-0.060479	-0.304043	0.042610	6
-0.064381	-0.323659	0.058222	7
-0.068283	-0.343275	0.073343	8
-0.072185	-0.362890	0.086783	9
-0.076087	-0.382506	0.097472	10
-0.079989	-0.402122	0.104422	11
-0.083890	-0.421737	0.106718	12
-0.087792	-0.441353	0.103584	13
-0.091694	-0.460969	0.094577	14
-0.095596	-0.480584	0.080029	15
-0.099498	-0.500200	0.061924	16
-0.103400	-0.519816	0.045519	17
-0.107302	-0.539431	0.042283	18
-0.111204	-0.559047	0.075276	19
-0.115105	-0.578663	0.190123	20
-0.119007	-0.598279	0.483206	21
-0.122909	-0.617894	1.193692	22
-0.126811	-0.637510	3.047632	23
-0.130713	-0.657126	11.292221	24
-0.134615	-0.676741	12.215543	25
-0.138517	-0.696357	9.273379	26
-0.142419	-0.715973	7.780255	27
-0.146321	-0.735588	6.686782	28
-0.150222	-0.755204	5.813068	29
-0.154124	-0.774820	5.100270	30
-0.158026	-0.794435	4.510876	31
-0.161928	-0.814051	4.014870	32
-0.165830	-0.833667	3.587096	33
-0.169732	-0.853283	3.205983	34
-0.173634	-0.872898	2.852495	35
-0.177536	-0.892514	2.509417	36
-0.181437	-0.912130	2.161266	37
-0.185339	-0.931745	1.795314	38
-0.189241	-0.951361	1.404504	39
-0.193143	-0.970977	0.993658	40
57
-0.081103	-0.685217	27.721428	25
-0.083454	-0.705078	15.178642	26
-0.085805	-0.724940	9.590536	27
-0.088156	-0.744801	6.885943	28
-0.090507	-0.764662	5.421100	29
-0.092858	-0.784524	4.526249	30
-0.095208	-0.804385	3.914444	31
-0.097559	-0.824246	3.452147	32
-0.099910	-0.844108	3.069726	33
-0.102261	-0.863969	2.726086	34
-0.104612	-0.883831	2.393931	35
-0.106963	-0.903692	2.053522	36
-0.109313	-0.923553	1.690817	37
-0.111664	-0.943415	1.298889	38
-0.114015	-0.963276	0.883177	39
-0.116366	-0.983137	0.472470	40
58
-0.027092	-0.689468	33.289105	25
-0.027877	-0.709453	19.693696	26
-0.028663	-0.729437	12.585523	27
-0.029448	-0.749422	8.713546	28
-0.030233	-0.769406	6.469913	29
-0.031018	-0.789391	5.081781	30
-0.031804	-0.809375	4.164380	31
-0.032589	-0.829360	3.514408	32
-0.033374	-0.849345	3.014642	33
-0.034159	-0.869329	2.593556	34
-0.034945	-0.889314	2.205507	35
-0.035730	-0.909298	1.820898	36
-0.036515	-0.929283	1.422607	37
-0.037301	-0.949267	1.007180	38
-0.038086	-0.969252	0.591091	39
-0.038871	-0.989237	0.223797	40
59
0.027087	-0.689468	22.982202	25
0.027872	-0.709453	14.790175	26
0.028657	-0.729437	10.823716	27
0.029442	-0.749422	8.492482	28
0.030227	-0.769406	6.892302	29
0.031012	-0.789391	5.695077	30
0.031797	-0.809376	4.759960	31
0.032582	-0.829360	4.008580	32
0.033367	-0.849345	3.383291	33
0.034153	-0.869329	2.838936	34
0.034938	-0.889314	2.340699	35
0.035723	-0.909299	1.863575	36
0.036508	-0.929283	1.393680	37
0.037293	-0.949268	0.931836	38
0.038078	-0.969252	0.500399	39
0.038863	-0.989237	0.154609	40
60
0.024682	-0.208544	0.000028	1
0.027033	-0.228406	0.001550	2
0.029383	-0.248267	0.007480	3
0.031734	-0.268129	0.019392	4
0.034085	-0.287990	0.037241	5
0.036435	-0.307851	0.059995	6
0.038786	-0.327713	0.086353	7
0.041137	-0.347574	0.115107	8
0.043487	-0.367436	0.145248	9
0.045838	-0.387297	0.175947	10
0.048189	-0.407158	0.206473	11
0.050539	-0.427020	0.236100	12
0.052890	-0.446881	0.263961	13
0.055241	-0.466742	0.288860	14
0.057591	-0.486604	0.308962	15
0.059942	-0.506465	0.321342	16
0.062293	-0.526327	0.321366	17
0.064643	-0.546188	0.302290	18
0.066994	-0.566049	0.256912	19
0.069345	-0.585911	0.188805	20
0.071695	-0.605772	0.160680	21
0.074046	-0.625633	0.476081	22
0.076397	-0.645495	2.320398	23
0.078747	-0.665356	9.515443	24
0.081098	-0.685218	11.966469	25
0.083449	-0.705079	10.632241	26
0.085799	-0.724940	9.615001	27
0.088150	-0.744802	8.561487	28
0.090501	-0.764663	7.513210	29
0.092851	-0.784524	6.522934	30
0.095202	-0.804386	5.616191	31
0.097553	-0.824247	4.797565	32
0.099903	-0.844109	4.058196	33
0.102254	-0.863970	3.382742	34
0.104605	-0.883831	2.754775	35
0.106955	-0.903693	2.160992	36
0.109306	-0.923554	1.595187	37
0.111657	-0.943415	1.062653	38
0.114007	-0.963277	0.585562	39
0.116358	-0.983138	0.209544	40
61
0.040968	-0.205965	0.000719	1
0.044870	-0.225581	0.006075	2
0.048772	-0.245197	0.015049	3
0.052673	-0.264812	0.026139	4
0.056575	-0.284428	0.038468	5
0.060477	-0.304044	0.051316	6
0.064378	-0.323659	0.063914	7
0.068280	-0.343275	0.075441	8
0.072182	-0.362891	0.085064	9
0.076084	-0.382507	0.091953	10
0.079985	-0.402122	0.095306	11
0.083887	-0.421738	0.094389	12
0.087789	-0.441354	0.088669	13
0.091691	-0.460969	0.078107	14
0.095592	-0.480585	0.063776	15
0.099494	-0.500201	0.049083	16
0.103396	-0.519817	0.042037	17
0.107297	-0.539432	0.059170	18
0.111199	-0.559048	0.131663	19
0.115101	-0.578664	0.313737	20
0.119003	-0.598280	0.690647	21
0.122904	-0.617895	1.386429	22
0.126806	-0.637511	2.622373	23
0.130708	-0.657127	5.150421	24
0.134610	-0.676742	7.634511	25
0.138511	-0.696358	8.565645	26
0.142413	-0.715974	8.683968	27
0.146315	-0.735590	8.354909	28
0.150216	-0.755205	7.775304	29
0.154118	-0.774821	7.065219	30
0.158020	-0.794437	6.299164	31
0.161922	-0.814052	5.521435	32
0.165823	-0.833668	4.756084	33
0.169725	-0.853284	4.014461	34
0.173627	-0.872900	3.301189	35
0.177528	-0.892515	2.619081	36
0.181430	-0.912131	1.973361	37
0.185332	-0.931747	1.375347	38
0.189234	-0.951363	0.845493	39
0.193135	-0.970978	0.415310	40
62
0.057002	-0.202116	0.002280	1
0.062430	-0.221365	0.011775	2
0.067859	-0.240614	0.022571	3
0.073288	-0.259863	0.032181	4
0.078717	-0.279112	0.039751	5
0.084145	-0.298361	0.045014	6
0.089574	-0.317611	0.047843	7
0.095003	-0.336860	0.048128	8
0.100431	-0.356109	0.045802	9
0.105860	-0.375358	0.040938	10
0.111289	-0.394607	0.033890	11
0.116718	-0.413856	0.025510	12
0.122146	-0.433105	0.017458	13
0.127575	-0.452354	0.012645	14
0.133004	-0.471604	0.015856	15
0.138433	-0.490853	0.034550	16
0.143861	-0.510102	0.079708	17
0.149290	-0.529351	0.166891	18
0.154719	-0.548600	0.317701	19
0.160147	-0.567849	0.561520	20
0.165576	-0.587098	0.942499	21
0.171005	-0.606348	1.537931	22
0.176434	-0.625597	2.472875	23
0.181862	-0.644846	3.856396	24
0.187291	-0.664095	5.334914	25
0.192720	-0.683344	6.435880	26
0.198149	-0.702593	7.075536	27
0.203577	-0.721842	7.309781	28
0.209006	-0.741091	7.226283	29
0.214435	-0.760341	6.909152	30
0.219863	-0.779590	6.428898	31
0.225292	-0.798839	5.840883	32
0.230721	-0.818088	5.186925	33
0.236150	-0.837337	4.498184	34
0.241578	-0.856586	3.798485	35
0.247007	-0.875835	3.107606	36
0.252436	-0.895084	2.444236	37
0.257865	-0.914334	1.828266	38
0.263293	-0.933583	1.282062	39
0.268722	-0.952832	0.830320	40
63
0.072684	-0.197020	0.004120	1
0.079606	-0.215784	0.016948	2
0.086528	-0.234548	0.028368	3
0.093451	-0.253312	0.035919	4
0.100373	-0.272076	0.039438	5
0.107295	-0.290840	0.039345	6
0.114217	-0.309604	0.036220	7
0.121140	-0.328367	0.030706	8
0.128062	-0.347131	0.023555	9
0.134984	-0.365895	0.015740	10
0.141906	-0.384659	0.008599	11
0.148829	-0.403423	0.004010	12
0.155751	-0.422187	0.004588	13
0.162673	-0.440951	0.013908	14
0.169595	-0.459714	0.036763	15
0.176518	-0.478478	0.079374	16
0.183440	-0.497242	0.149942	17
0.190362	-0.516006	0.259636	18
0.197284	-0.534770	0.423728	19
0.204207	-0.553534	0.664735	20
0.211129	-0.572298	1.018126	21
0.218051	-0.591061	1.530853	22
0.224973	-0.609825	2.246461	23
0.231896	-0.628589	3.158141	24
0.238818	-0.647353	4.143519	25
0.245740	-0.666117	5.033171	26
0.252663	-0.684881	5.719570	27
0.259585	-0.703645	6.160470	28
0.266507	-0.722408	6.356847	29
0.273429	-0.741172	6.332936	30
0.280352	-0.759936	6.123199	31
0.287274	-0.778700	5.764900	32
0.294196	-0.797464	5.294347	33
0.301118	-0.816228	4.745429	34
0.308041	-0.834992	4.149511	35
0.314963	-0.853755	3.536048	36
0.321885	-0.872519	2.933423	37
0.328807	-0.891283	2.369625	38
0.335730	-0.910047	1.872542	39
0.342652	-0.928811	1.470007	40
64
0.087918	-0.190710	0.005796	1
0.096291	-0.208873	0.020158	2
0.104664	-0.227036	0.031210	3
0.113037	-0.245199	0.036665	4
0.121410	-0.263362	0.037137	5
0.129783	-0.281525	0.033738	6
0.138156	-0.299688	0.027643	7
0.146530	-0.317851	0.020043	8
0.154903	-0.336014	0.012203	9
0.163276	-0.354177	0.005550	10
0.171649	-0.372339	0.001767	11
0.180022	-0.390502	0.002900	12
0.188395	-0.408665	0.011468	13
0.196768	-0.426828	0.030602	14
0.205141	-0.444991	0.064225	15
0.213514	-0.463154	0.117418	16
0.221888	-0.481317	0.197163	17
0.230261	-0.499480	0.312970	18
0.238634	-0.517643	0.477678	19
0.247007	-0.535806	0.710304	20
0.255380	-0.553968	1.033862	21
0.263753	-0.572131	1.470859	22
0.272126	-0.590294	2.032002	23
0.280499	-0.608457	2.699957	24
0.288872	-0.626620	3.419855	25
0.297246	-0.644783	4.116537	26
0.305619	-0.662946	4.722638	27
0.313992	-0.681109	5.191652	28
0.322365	-0.699272	5.499239	29
0.330738	-0.717435	5.639393	30
0.339111	-0.735597	5.619550	31
0.347484	-0.753760	5.456358	32
0.355857	-0.771923	5.172514	33
0.364231	-0.790086	4.794612	34
0.372604	-0.808249	4.351782	35
0.380977	-0.826412	3.874855	36
0.389350	-0.844575	3.395849	37
0.397723	-0.862738	2.947685	38
0.406096	-0.880901	2.564246	39
0.414469	-0.899064	2.281393	40
65
0.102610	-0.183225	0.007209	1
0.112382	-0.200675	0.021058	2
0.122154	-0.218125	0.030902	3
0.131927	-0.235575	0.034522	4
0.141699	-0.253024	0.033020	5
0.151471	-0.270474	0.027962	6
0.161244	-0.287924	0.020878	7
0.171016	-0.305374	0.013230	8
0.180788	-0.322824	0.006465	9
0.190561	-0.340274	0.002096	10
0.200333	-0.357724	0.001780	11
0.210105	-0.375174	0.007408	12
0.219878	-0.392624	0.021231	13
0.229650	-0.410074	0.046038	14
0.239423	-0.427524	0.085343	15
0.249195	-0.444974	0.143950	16
0.258967	-0.462424	0.228295	17
0.268740	-0.479874	0.346273	18
0.278512	-0.497324	0.509153	19
0.288284	-0.514774	0.729955	20
0.298057	-0.532224	1.021795	21
0.307829	-0.549674	1.394138	22
0.317601	-0.567124	1.847361	23
0.327374	-0.584574	2.367584	24
0.337146	-0.602024	2.925434	25
0.346918	-0.619474	3.481550	26
0.356691	-0.636924	3.995520	27
0.366463	-0.654374	4.432803	28
0.376235	-0.671824	4.768300	29
0.386008	-0.689274	4.987310	30
0.395780	-0.706724	5.085030	31
0.405552	-0.724173	5.065447	32
0.415325	-0.741623	4.940083	33
0.425097	-0.759073	4.726811	34
0.434869	-0.776523	4.448778	35
0.444642	-0.793973	4.133476	36
0.454414	-0.811423	3.811973	37
0.464187	-0.828873	3.518479	38
0.473959	-0.846323	3.290606	39
0.483731	-0.863773	3.171073	40
66
0.116669	-0.174609	0.008434	1
0.127780	-0.191239	0.020171	2
0.138892	-0.207868	0.028191	3
0.150003	-0.224497	0.030292	4
0.161114	-0.241127	0.027693	5
0.172226	-0.257756	0.022110	6
0.183337	-0.274386	0.015181	7
0.194448	-0.291015	0.008418	8
0.205560	-0.307645	0.003264	9
0.216671	-0.324274	0.001172	10
0.227782	-0.340904	0.003702	11
0.238894	-0.357533	0.012628	12
0.250005	-0.374162	0.030086	13
0.261116	-0.390792	0.058728	14
0.272228	-0.407421	0.102029	15
0.283339	-0.424051	0.164510	16
0.294450	-0.440680	0.251496	17
0.305562	-0.457310	0.370030	18
0.316673	-0.473939	0.528227	19
0.327784	-0.490569	0.734362	20
0.338896	-0.507198	0.995406	21
0.350007	-0.523827	1.314856	22
0.361118	-0.540457	1.690354	23
0.372230	-0.557086	2.111978	24
0.383341	-0.573716	2.562236	25
0.394452	-0.590345	3.018195	26
0.405564	-0.606975	3.454883	27
0.416675	-0.623604	3.848629	28
0.427786	-0.640234	4.179588	29
0.438898	-0.656863	4.433340	30
0.450009	-0.673492	4.601731	31
0.461120	-0.690122	4.683206	32
0.472232	-0.706751	4.682796	33
0.483343	-0.723381	4.611886	34
0.494454	-0.740010	4.487813	35
0.505566	-0.756640	4.333390	36
0.516677	-0.773269	4.176464	37
0.527788	-0.789898	4.049759	38
0.538900	-0.806528	3.991383	39
0.550011	-0.823157	4.046635	40
67
0.130009	-0.164917	0.009557	1
0.142391	-0.180624	0.018329	2
0.154773	-0.196330	0.024210	3
0.167154	-0.212036	0.025061	4
0.179536	-0.227743	0.021959	5
0.191918	-0.243449	0.016526	6
0.204300	-0.259156	0.010333	7
0.216682	-0.274862	0.004826	8
0.229063	-0.290568	0.001377	9
0.241445	-0.306275	0.001377	10
0.253827	-0.321981	0.006331	11
0.266209	-0.337687	0.017984	12
0.278591	-0.353394	0.038445	13
0.290972	-0.369100	0.070314	14
0.303354	-0.384807	0.116893	15
0.315736	-0.400513	0.182053	16
0.328118	-0.416219	0.270384	17
0.340500	-0.431926	0.387318	18
0.352882	-0.447632	0.538412	19
0.365263	-0.463339	0.728714	20
0.377645	-0.479045	0.961806	21
0.390027	-0.494751	1.238668	22
0.402409	-0.510458	1.556627	23
0.414791	-0.526164	1.908763	24
0.427172	-0.541871	2.284039	25
0.439554	-0.557577	2.668245	26
0.451936	-0.573283	3.045502	27
0.464318	-0.588990	3.399934	28
0.476700	-0.604696	3.717214	29
0.489081	-0.620403	3.985857	30
0.501463	-0.636109	4.198228	31
0.513845	-0.651815	4.351285	32
0.526227	-0.667522	4.447093	33
0.538609	-0.683228	4.493120	34
0.550990	-0.698935	4.502355	35
0.563372	-0.714641	4.493289	36
0.575754	-0.730347	4.489884	37
0.588136	-0.746054	4.521717	38
0.600518	-0.761760	4.624605	39
0.612899	-0.777467	4.842078	40
68
0.142547	-0.154208	0.010616	1
0.156123	-0.168895	0.016253	2
0.169699	-0.183581	0.019975	3
0.183275	-0.198268	0.019797	4
0.196851	-0.212954	0.016539	5
0.210427	-0.227641	0.011603	6
0.224003	-0.242327	0.006402	7
0.237579	-0.257014	0.002275	8
0.251155	-0.271700	0.000525	9
0.264731	-0.286387	0.002502	10
0.278307	-0.301074	0.009696	11
0.291883	-0.315760	0.023839	12
0.305459	-0.330447	0.046992	13
0.319035	-0.345133	0.081640	14
0.332611	-0.359820	0.130712	15
0.346187	-0.374506	0.197412	16
0.359763	-0.389193	0.285555	17
0.373339	-0.403879	0.399063	18
0.386914	-0.418566	0.541670	19
0.400490	-0.433252	0.716449	20
0.414066	-0.447939	0.925247	21
0.427642	-0.462625	1.168102	22
0.441218	-0.477312	1.442772	23
0.454794	-0.491998	1.744513	24
0.468370	-0.506685	2.066193	25
0.481946	-0.521371	2.398761	26
0.495522	-0.536058	2.731985	27
0.509098	-0.550744	3.055352	28
0.522674	-0.565431	3.359009	29
0.536250	-0.580117	3.634673	30
0.549826	-0.594804	3.876475	31
0.563402	-0.609490	4.081706	32
0.576978	-0.624177	4.251452	33
0.590554	-0.638863	4.391095	34
0.604130	-0.653550	4.510691	35
0.617706	-0.668236	4.625244	36
0.631282	-0.682923	4.754940	37
0.644857	-0.697609	4.925466	38
0.658433	-0.712296	5.168588	39
0.672009	-0.726982	5.523155	40
69
0.154207	-0.142549	0.011600	1
0.168893	-0.156125	0.014391	2
0.183580	-0.169701	0.016155	3
0.198266	-0.183277	0.015140	4
0.212953	-0.196853	0.011910	5
0.227639	-0.210429	0.007612	6
0.242325	-0.224005	0.003485	7
0.257012	-0.237581	0.000756	8
0.271698	-0.251158	0.000666	9
0.286385	-0.264734	0.004537	10
0.301071	-0.278310	0.013840	11
0.315757	-0.291886	0.030266	12
0.330444	-0.305462	0.055769	13
0.345130	-0.319038	0.092612	14
0.359816	-0.332614	0.143231	15
0.374503	-0.346190	0.210393	16
0.389189	-0.359766	0.297006	17
0.403876	-0.373342	0.405914	18
0.418562	-0.386918	0.539656	19
0.433248	-0.400494	0.700175	20
0.447935	-0.414071	0.888492	21
0.462621	-0.427647	1.104412	22
0.477308	-0.441223	1.346302	23
0.491994	-0.454799	1.611015	24
0.506680	-0.468375	1.893961	25
0.521367	-0.481951	2.189371	26
0.536053	-0.495527	2.490693	27
0.550740	-0.509103	2.791110	28
0.565426	-0.522679	3.084125	29
0.580112	-0.536255	3.364188	30
0.594799	-0.549831	3.627330	31
0.609485	-0.563407	3.871791	32
0.624171	-0.576984	4.098603	33
0.638858	-0.590560	4.312118	34
0.653544	-0.604136	4.520466	35
0.668231	-0.617712	4.735940	36
0.682917	-0.631288	4.975348	37
0.697603	-0.644864	5.260366	38
0.712290	-0.658440	5.617984	39
0.726976	-0.672016	6.081065	40
70
0.164916	-0.130011	0.012476	1
0.180622	-0.142392	0.012931	2
0.196328	-0.154774	0.013055	3
0.212035	-0.167156	0.011378	4
0.227741	-0.179538	0.008265	5
0.243447	-0.191920	0.004637	6
0.259154	-0.204302	0.001570	7
0.274860	-0.216684	0.000189	8
0.290566	-0.229066	0.001680	9
0.306272	-0.241448	0.007324	10
0.321979	-0.253830	0.018547	11
0.337685	-0.266212	0.036955	12
0.353391	-0.278594	0.064344	13
0.369098	-0.290976	0.102672	14
0.384804	-0.303358	0.154036	15
0.400510	-0.315740	0.220686	16
0.416216	-0.328122	0.304864	17
0.431923	-0.340504	0.408671	18
0.447629	-0.352886	0.533914	19
0.463335	-0.365268	0.681925	20
0.479042	-0.377650	0.853386	21
0.494748	-0.390032	1.048172	22
0.510454	-0.402413	1.265249	23
0.526160	-0.414795	1.502652	24
0.541867	-0.427177	1.757531	25
0.557573	-0.439559	2.026311	26
0.573279	-0.451941	2.304922	27
0.588985	-0.464323	2.589115	28
0.604692	-0.476705	2.874842	29
0.620398	-0.489087	3.158681	30
0.636104	-0.501469	3.438306	31
0.651811	-0.513851	3.712968	32
0.667517	-0.526233	3.983984	33
0.683223	-0.538615	4.255209	34
0.698929	-0.550997	4.533465	35
0.714636	-0.563379	4.828937	36
0.730342	-0.575761	5.155524	37
0.746048	-0.588143	5.531146	38
0.761755	-0.600525	5.978037	39
0.777461	-0.612907	6.522981	40
71
0.174608	-0.116671	0.013214	1
0.191237	-0.127782	0.011885	2
0.207867	-0.138894	0.010717	3
0.224496	-0.150005	0.008539	4
0.241125	-0.161117	0.005583	5
0.257755	-0.172228	0.002597	6
0.274384	-0.183339	0.000520	7
0.291013	-0.194451	0.000388	8
0.307643	-0.205562	0.003322	9
0.324272	-0.216674	0.010551	10
0.340901	-0.227785	0.023425	11
0.357531	-0.238897	0.043431	12
0.374160	-0.250008	0.072180	13
0.390789	-0.261120	0.111359	14
0.407419	-0.272231	0.162771	15
0.424048	-0.283343	0.228237	16
0.440677	-0.294454	0.309526	17
0.457307	-0.305566	0.408261	18
0.473936	-0.316677	0.525824	19
0.490565	-0.327789	0.663247	20
0.507195	-0.338900	0.821116	21
0.523824	-0.350012	0.999495	22
0.540454	-0.361123	1.197875	23
0.557083	-0.372235	1.415173	24
0.573712	-0.383346	1.649764	25
0.590342	-0.394458	1.899588	26
0.606971	-0.405569	2.162286	27
0.623600	-0.416681	2.435411	28
0.640230	-0.427792	2.716674	29
0.656859	-0.438904	3.004243	30
0.673488	-0.450015	3.297079	31
0.690118	-0.461127	3.595304	32
0.706747	-0.472238	3.900577	33
0.723376	-0.483350	4.216489	34
0.740006	-0.494461	4.548921	35
0.756635	-0.505573	4.906391	36
0.773264	-0.516684	5.300348	37
0.789894	-0.527796	5.745409	38
0.806523	-0.538907	6.259512	39
0.823152	-0.550018	6.863947	40
72
0.183224	-0.102611	0.013797	1
0.200674	-0.112384	0.011177	2
0.218123	-0.122156	0.009045	3
0.235573	-0.131929	0.006502	4
0.253023	-0.141701	0.003719	5
0.270473	-0.151474	0.001316	6
0.287923	-0.161246	0.000124	7
0.305373	-0.171019	0.001096	8
0.322823	-0.180791	0.005288	9
0.340273	-0.190564	0.013857	10
0.357722	-0.200336	0.028063	11
0.375172	-0.210109	0.049262	12
0.392622	-0.219881	0.078875	13
0.410072	-0.229654	0.118395	14
0.427522	-0.239426	0.169351	15
0.444972	-0.249199	0.233259	16
0.462422	-0.258972	0.311570	17
0.479871	-0.268744	0.405615	18
0.497321	-0.278517	0.516541	19
0.514771	-0.288289	0.645254	20
0.532221	-0.298062	0.792366	21
0.549671	-0.307834	0.958158	22
0.567121	-0.317607	1.142553	23
0.584571	-0.327379	1.345128	24
0.602021	-0.337152	1.565139	25
0.619470	-0.346924	1.801586	26
0.636920	-0.356697	2.053311	27
0.654370	-0.366469	2.319134	28
0.671820	-0.376242	2.598021	29
0.689270	-0.386014	2.889296	30
0.706720	-0.395787	3.192881	31
0.724170	-0.405559	3.509568	32
0.741620	-0.415332	3.841308	33
0.759069	-0.425104	4.191514	34
0.776519	-0.434877	4.565345	35
0.793969	-0.444649	4.969984	36
0.811419	-0.454422	5.414856	37
0.828869	-0.464194	5.911795	38
0.846319	-0.473967	6.475093	39
0.863769	-0.483739	7.121419	40
73
0.190710	-0.087919	0.014225	1
0.208872	-0.096293	0.010713	2
0.227035	-0.104666	0.007888	3
0.245198	-0.113039	0.005098	4
0.263361	-0.121413	0.002487	5
0.281524	-0.129786	0.000590	6
0.299687	-0.138159	0.000154	7
0.317849	-0.146532	0.002058	8
0.336012	-0.154906	0.007290	9
0.354175	-0.163279	0.016929	10
0.372338	-0.171652	0.032140	11
0.390501	-0.180026	0.054149	12
0.408663	-0.188399	0.084234	13
0.426826	-0.196772	0.123713	14
0.444989	-0.205145	0.173913	15
0.463152	-0.213519	0.236139	16
0.481315	-0.221892	0.311639	17
0.499478	-0.230265	0.401571	18
0.517640	-0.238639	0.506965	19
0.535803	-0.247012	0.628696	20
0.553966	-0.255385	0.767449	21
0.572129	-0.263758	0.923707	22
0.590292	-0.272132	1.097743	23
0.608455	-0.280505	1.289626	24
0.626617	-0.288878	1.499244	25
0.644780	-0.297252	1.726351	26
0.662943	-0.305625	1.970637	27
0.681106	-0.313998	2.231811	28
0.699269	-0.322371	2.509732	29
0.717431	-0.330745	2.804547	30
0.735594	-0.339118	3.116872	31
0.753757	-0.347491	3.447985	32
0.771920	-0.355865	3.800044	33
0.790083	-0.364238	4.176309	34
0.808246	-0.372611	4.581363	35
0.826408	-0.380984	5.021309	36
0.844571	-0.389358	5.503933	37
0.862734	-0.397731	6.038795	38
0.880897	-0.406104	6.637226	39
0.899060	-0.414478	7.312182	40
74
0.197020	-0.072686	0.014514	1
0.215784	-0.079608	0.010406	2
0.234547	-0.086530	0.007108	3
0.253311	-0.093453	0.004160	4
0.272075	-0.100375	0.001707	5
0.290839	-0.107298	0.000231	6
0.309603	-0.114220	0.000410	7
0.328366	-0.121143	0.003060	8
0.347130	-0.128065	0.009103	9
0.365894	-0.134987	0.019544	10
0.384658	-0.141910	0.035457	11
0.403422	-0.148832	0.057962	12
0.422185	-0.155755	0.088221	13
0.440949	-0.162677	0.127417	14
0.459713	-0.169600	0.176734	15
0.478477	-0.176522	0.237336	16
0.497240	-0.183445	0.310347	17
0.516004	-0.190367	0.396828	18
0.534768	-0.197289	0.497761	19
0.553532	-0.204212	0.614031	20
0.572296	-0.211134	0.746412	21
0.591059	-0.218057	0.895561	22
0.609823	-0.224979	1.062020	23
0.628587	-0.231902	1.246223	24
0.647351	-0.238824	1.448515	25
0.666115	-0.245746	1.669187	26
0.684878	-0.252669	1.908522	27
0.703642	-0.259591	2.166860	28
0.722406	-0.266514	2.444684	29
0.741170	-0.273436	2.742723	30
0.759934	-0.280359	3.062079	31
0.778697	-0.287281	3.404367	32
0.797461	-0.294203	3.771872	33
0.816225	-0.301126	4.167710	34
0.834989	-0.308048	4.595991	35
0.853753	-0.314971	5.061952	36
0.872516	-0.321893	5.572066	37
0.891280	-0.328816	6.134088	38
0.910044	-0.335738	6.757013	39
0.928808	-0.342661	7.450911	40
75
0.202115	-0.057004	0.014683	1
0.221364	-0.062432	0.010199	2
0.240613	-0.067861	0.006592	3
0.259863	-0.073290	0.003552	4
0.279112	-0.078719	0.001237	5
0.298361	-0.084148	0.000089	6
0.317610	-0.089577	0.000739	7
0.336859	-0.095006	0.003948	8
0.356108	-0.100435	0.010581	9
0.375357	-0.105864	0.021577	10
0.394606	-0.111293	0.037936	11
0.413855	-0.116721	0.060695	12
0.433104	-0.122150	0.090926	13
0.452353	-0.127579	0.129715	14
0.471602	-0.133008	0.178150	15
0.490851	-0.138437	0.237304	16
0.510101	-0.143866	0.308228	17
0.529350	-0.149295	0.391935	18
0.548599	-0.154724	0.489391	19
0.567848	-0.160153	0.601509	20
0.587097	-0.165582	0.729145	21
0.606346	-0.171011	0.873098	22
0.625595	-0.176439	1.034112	23
0.644844	-0.181868	1.212887	24
0.664093	-0.187297	1.410094	25
0.683342	-0.192726	1.626403	26
0.702591	-0.198155	1.862515	27
0.721840	-0.203584	2.119210	28
0.741089	-0.209013	2.397408	29
0.760339	-0.214442	2.698242	30
0.779588	-0.219871	3.023148	31
0.798837	-0.225300	3.373964	32
0.818086	-0.230729	3.753044	33
0.837335	-0.236157	4.163366	34
0.856584	-0.241586	4.608651	35
0.875833	-0.247015	5.093446	36
0.895082	-0.252444	5.623193	37
0.914331	-0.257873	6.204241	38
0.933580	-0.263302	6.843784	39
0.952829	-0.268731	7.549704	40
76
0.205965	-0.040970	0.014755	1
0.225580	-0.044872	0.010052	2
0.245196	-0.048774	0.006263	3
0.264812	-0.052676	0.003180	4
0.284427	-0.056578	0.000973	5
0.304043	-0.060480	0.000062	6
0.323659	-0.064381	0.001041	7
0.343274	-0.068283	0.004630	8
0.362890	-0.072185	0.011649	9
0.382506	-0.076087	0.022986	10
0.402122	-0.079989	0.039583	11
0.421737	-0.083891	0.062419	12
0.441353	-0.087793	0.092501	13
0.460969	-0.091695	0.130851	14
0.480584	-0.095597	0.178493	15
0.500200	-0.099499	0.236448	16
0.519816	-0.103401	0.305721	17
0.539431	-0.107302	0.387304	18
0.559047	-0.111204	0.482162	19
0.578663	-0.115106	0.591242	20
0.598278	-0.119008	0.715464	21
0.617894	-0.122910	0.855733	22
0.637510	-0.126812	1.012939	23
0.657125	-0.130714	1.187971	24
0.676741	-0.134616	1.381730	25
0.696357	-0.138518	1.595148	26
0.715973	-0.142420	1.829216	27
0.735588	-0.146322	2.085021	28
0.755204	-0.150223	2.363782	29
0.774820	-0.154125	2.666912	30
0.794435	-0.158027	2.996070	31
0.814051	-0.161929	3.353240	32
0.833667	-0.165831	3.740803	33
0.853282	-0.169733	4.161614	34
0.872898	-0.173635	4.619077	35
0.892514	-0.177537	5.117200	36
0.912129	-0.181439	5.660628	37
0.931745	-0.185341	6.254634	38
0.951361	-0.189243	6.905052	39
0.970976	-0.193144	7.618130	40
77
0.208544	-0.024684	0.014749	1
0.228406	-0.027035	0.009946	2
0.248267	-0.029386	0.006073	3
0.268128	-0.031736	0.002983	4
0.287990	-0.034087	0.000851	5
0.307851	-0.036438	0.000085	6
0.327712	-0.038789	0.001257	7
0.347574	-0.041140	0.005061	8
0.367435	-0.043491	0.012283	9
0.387296	-0.045842	0.023778	10
0.407158	-0.048192	0.040452	11
0.427019	-0.050543	0.063244	12
0.446881	-0.052894	0.093121	13
0.466742	-0.055245	0.131065	14
0.486603	-0.057596	0.178062	15
0.506465	-0.059947	0.235102	16
0.526326	-0.062298	0.303168	17
0.546187	-0.064648	0.383238	18
0.566049	-0.066999	0.476284	19
0.585910	-0.069350	0.583276	20
0.605771	-0.071701	0.705180	21
0.625633	-0.074052	0.842974	22
0.645494	-0.076403	0.997645	23
0.665355	-0.078754	1.170209	24
0.685217	-0.081104	1.361721	25
0.705078	-0.083455	1.573291	26
0.724940	-0.085806	1.806108	27
0.744801	-0.088157	2.061462	28
0.764662	-0.090508	2.340781	29
0.784524	-0.092859	2.645663	30
0.804385	-0.095209	2.977922	31
0.824246	-0.097560	3.339633	32
0.844108	-0.099911	3.733183	33
0.863969	-0.102262	4.161323	34
0.883830	-0.104613	4.627209	35
0.903692	-0.106964	5.134436	36
0.923553	-0.109315	5.687045	37
0.943414	-0.111665	6.289502	38
0.963276	-0.114016	6.946632	39
0.983137	-0.116367	7.663485	40
78
0.209838	-0.008246	0.014678	1
0.229823	-0.009031	0.009871	2
0.249807	-0.009816	0.005998	3
0.269792	-0.010602	0.002926	4
0.289776	-0.011387	0.000835	5
0.309761	-0.012172	0.000127	6
0.329746	-0.012957	0.001364	7
0.349730	-0.013743	0.005229	8
0.369715	-0.014528	0.012492	9
0.389699	-0.015313	0.023993	10
0.409684	-0.016099	0.040617	11
0.429668	-0.016884	0.063286	12
0.449653	-0.017669	0.092947	13
0.469638	-0.018455	0.130562	14
0.489622	-0.019240	0.177100	15
0.509607	-0.020025	0.233533	16
0.529591	-0.020810	0.300830	17
0.549576	-0.021596	0.379965	18
0.569560	-0.022381	0.471910	19
0.589545	-0.023166	0.577645	20
0.609530	-0.023952	0.698162	21
0.629514	-0.024737	0.834475	22
0.649499	-0.025522	0.987629	23
0.669483	-0.026308	1.158715	24
0.689468	-0.027093	1.348881	25
0.709452	-0.027878	1.559348	26
0.729437	-0.028664	1.791431	27
0.749422	-0.029449	2.046556	28
0.769406	-0.030234	2.326288	29
0.789391	-0.031019	2.632351	30
0.809375	-0.031805	2.966663	31
0.829360	-0.032590	3.331360	32
0.849345	-0.033375	3.728833	33
0.869329	-0.034161	4.161751	34
0.889314	-0.034946	4.633089	35
0.909298	-0.035731	5.146135	36
0.929283	-0.036517	5.704487	37
0.949267	-0.037302	6.312023	38
0.969252	-0.038087	6.972829	39
0.989237	-0.038872	7.691096	40
79
0.209838	0.008243	0.014547	1
0.229823	0.009029	0.009825	2
0.249807	0.009814	0.006029	3
0.269792	0.010599	0.003000	4
0.289776	0.011384	0.000916	5
0.309761	0.012169	0.000182	6
0.329746	0.012954	0.001363	7
0.349730	0.013739	0.005146	8
0.369715	0.014524	0.012304	9
0.389699	0.015309	0.023676	10
0.409684	0.016094	0.040148	11
0.429669	0.016879	0.062644	12
0.449653	0.017665	0.092108	13
0.469638	0.018450	0.129501	14
0.489622	0.019235	0.175789	15
0.509607	0.020020	0.231937	16
0.529592	0.020805	0.298909	17
0.549576	0.021590	0.377669	18
0.569561	0.022375	0.469182	19
0.589545	0.023160	0.574424	20
0.609530	0.023945	0.694383	21
0.629514	0.024730	0.830080	22
0.649499	0.025515	0.982578	23
0.669484	0.026301	1.152995	24
0.689468	0.027086	1.342521	25
0.709453	0.027871	1.552433	26
0.729437	0.028656	1.784116	27
0.749422	0.029441	2.039078	28
0.769407	0.030226	2.318972	29
0.789391	0.031011	2.625608	30
0.809376	0.031796	2.960979	31
0.829360	0.032581	3.327270	32
0.849345	0.033366	3.726881	33
0.869329	0.034151	4.162434	34
0.889314	0.034936	4.636783	35
0.909299	0.035722	5.153007	36
0.929283	0.036507	5.714396	37
0.949268	0.037292	6.324408	38
0.969252	0.038077	6.986614	39
0.989237	0.038862	7.704592	40
80
