2.008
10	20
0.2	1	0.2	0	1	1	3.14159
0	0.08	0.16
1	0.08	0.24
2	0.08	0.32
3	0.08	0.4
4	0.08	0.48
5	0.08	0.56
6	0.08	0.64
7	0.08	0.72
8	0.08	0.8
9	0.08	0.88
10	0.08	0.96
11	0.08	1.04
0	0.314159	0.157079
1	0.314159	0.471238
2	0.314159	0.785397
3	0.314159	1.09956
4	0.314159	1.41372
5	0.314159	1.72787
6	0.314159	2.04203
7	0.314159	2.35619
8	0.314159	2.67035
9	0.314159	2.98451
10	0.314159	3.29867
11	0.314159	3.61283
12	0.314159	3.92699
13	0.314159	4.24115
14	0.314159	4.55531
15	0.314159	4.86946
16	0.314159	5.18362
17	0.314159	5.49778
18	0.314159	5.81194
19	0.314159	6.1261
20	0.314159	6.44026
21	0.314159	6.75442
2
0
0
0
0
0
0
0
0
0
0
0
0
0
0
0
0
0
0
0
0
2
2
3
3
3
0
0
0
0
0
0
0
3
3
3
3
3
3
3
3
3
3
2
2
3
3
3
0
0
0
0
0
0
0
3
3
3
3
3
3
3
3
3
3
2
2
3
3
3
0
0
0
0
0
0
0
3
3
3
3
3
3
3
3
3
3
2
2
3
3
3
3
3
3
3
3
3
3
3
3
3
3
3
3
3
3
3
3
2
2
3
3
3
3
3
3
3
3
3
3
3
3
3
3
3
3
3
3
3
3
2
2
3
3
3
3
3
3
3
3
3
3
3
3
3
3
3
3
3
3
3
3
2
2
3
3
3
3
3
3
3
3
3
3
3
3
3
3
3
3
3
3
3
3
2
2
3
3
3
3
3
3
3
3
3
3
3
3
3
3
3
3
3
3
3
3
2
2
3
3
3
3
3
3
3
3
3
3
3
3
3
3
3
3
3
3
3
3
2
2
3
3
3
3
3
3
3
3
3
3
3
3
3
3
3
3
3
3
3
3
2
2
1
1
1
1
1
1
1
1
1
1
1
1
1
1
1
1
1
1
1
1
2
