time = 0.000000	Re = 10.000000	40	80
0.000000	1.000000
0.001000	7.170317
0.002000	110.799633
0.003000	873.827135
0.004000	216.979094
0.005000	35.289009
0.006000	321.505552
0.007000	16.795018
0.008000	7.612065
0.009000	41.393887
0.010000	60.618889
0.011000	56.872734
0.012000	6.491569
0.013000	33.230248
0.014000	136.323337
0.015000	19.827080
0.016000	42.400305
0.017000	23.979988
0.018000	82.885533
0.019000	802.871637
0.020000	81.117245
0.021000	6.136275
0.022000	7.321748
0.023000	7.029922
0.024000	5.328746
0.025000	25.846713
0.026000	106.763129
0.027000	1.473035
0.028000	2.052552
0.029000	12.449057
0.030000	1.249200
0.031000	1.024621
0.032000	0.778001
0.033000	0.476149
0.034000	0.354940
0.035000	0.770148
0.036000	4.616142
0.037000	1.015428
0.038000	2.966284
0.039000	0.813472
0.040000	2.192226
0.041000	0.602886
0.042000	0.894953
0.043000	0.464138
0.044000	0.571093
0.045000	0.445268
0.046000	0.357501
0.047000	0.302359
0.048000	0.301288
0.049000	0.317744
0.050000	0.291457
0.051000	0.262620
0.052000	0.237318
0.053000	0.216418
0.054000	0.199241
0.055000	0.184920
0.056000	0.181021
0.057000	0.182189
0.058000	0.256624
0.059000	0.430448
0.060000	0.989275
0.061000	8.025529
0.062000	1.421948
0.063000	0.794904
0.064000	0.471611
0.065000	0.344518
0.066000	0.597349
0.067000	2.169505
0.068000	0.328602
0.069000	0.661377
0.070000	0.425431
0.071000	0.320929
0.072000	0.403608
0.073000	0.833264
0.074000	9.670755
0.075000	0.903523
0.076000	0.712396
0.077000	3.449063
0.078000	1.701561
0.079000	1.959075
0.080000	0.809797
0.081000	0.464496
0.082000	0.331386
0.083000	0.260629
0.084000	0.216519
0.085000	0.186322
0.086000	0.164235
0.087000	0.147360
0.088000	0.133966
0.089000	0.123081
0.090000	0.114025
0.091000	0.106360
0.092000	0.099762
0.093000	0.095931
0.094000	0.093365
0.095000	0.090575
0.096000	0.087697
0.097000	0.084821
0.098000	0.082002
0.099000	0.092381
0.100000	0.110908
0.101000	0.135463
0.102000	0.169772
0.103000	0.221259
0.104000	0.307563
0.105000	0.482365
0.106000	1.016328
0.107000	2.372675
0.108000	0.771452
0.109000	0.478355
0.110000	0.335760
0.111000	0.260464
0.112000	0.214094
0.113000	0.182646
0.114000	0.225017
0.115000	0.308482
0.116000	0.474080
0.117000	0.946162
0.118000	1.939186
0.119000	0.711931
0.120000	0.477835
0.121000	0.334869
0.122000	0.258540
0.123000	0.211520
0.124000	0.179680
0.125000	0.161445
0.126000	0.198722
0.127000	0.256004
0.128000	0.355588
0.129000	0.572291
0.130000	1.411193
0.131000	1.277239
0.132000	4.304320
0.133000	0.705250
0.134000	0.569292
0.135000	0.367124
0.136000	0.272095
0.137000	0.216830
0.138000	0.180652
0.139000	0.155105
0.140000	0.136086
0.141000	0.121361
0.142000	0.109616
0.143000	0.100021
0.144000	0.092028
0.145000	0.085263
0.146000	0.079460
0.147000	0.074421
0.148000	0.070004
0.149000	0.073730
0.150000	0.082211
0.151000	0.092428
0.152000	0.104983
0.153000	0.120807
0.154000	0.141386
0.155000	0.169241
0.156000	0.209030
0.157000	0.270282
0.158000	0.375338
0.159000	0.584683
0.160000	0.929363
0.161000	0.148551
0.162000	0.478112
0.163000	0.357343
0.164000	0.272602
0.165000	0.219127
0.166000	0.183155
0.167000	0.157473
0.168000	0.138267
0.169000	0.123373
0.170000	0.111488
0.171000	0.108542
0.172000	0.124112
0.173000	0.144256
0.174000	0.171303
0.175000	0.209367
0.176000	0.266316
0.177000	0.357971
0.178000	0.509521
0.179000	0.585195
0.180000	0.111680
0.181000	0.388960
0.182000	0.325480
0.183000	0.257851
0.184000	0.210422
0.185000	0.177065
0.186000	0.152708
0.187000	0.150356
0.188000	0.179261
0.189000	0.221268
0.190000	0.287943
0.191000	0.410149
0.192000	0.706995
0.193000	2.493323
0.194000	1.027817
0.195000	0.753400
0.196000	0.431818
0.197000	0.303376
0.198000	0.234239
0.199000	0.191020
0.200000	0.161433
0.201000	0.139902
0.202000	0.123526
0.203000	0.110645
0.204000	0.100247
0.205000	0.091673
0.206000	0.084478
0.207000	0.078356
0.208000	0.073080
0.209000	0.068484
0.210000	0.064444
0.211000	0.060864
0.212000	0.057669
0.213000	0.054799
0.214000	0.052207
0.215000	0.049852
0.216000	0.047705
0.217000	0.045738
0.218000	0.043927
0.219000	0.042257
0.220000	0.043638
0.221000	0.046089
0.222000	0.048789
0.223000	0.051774
0.224000	0.055096
0.225000	0.058813
0.226000	0.063004
0.227000	0.067766
0.228000	0.073221
0.229000	0.079533
0.230000	0.086918
0.231000	0.095664
0.232000	0.106167
0.233000	0.118979
0.234000	0.134888
0.235000	0.154987
0.236000	0.180757
0.237000	0.213764
0.238000	0.253469
0.239000	0.286234
0.240000	0.248667
0.241000	0.048158
0.242000	0.162649
0.243000	0.226708
0.244000	0.216488
0.245000	0.190879
0.246000	0.166427
0.247000	0.146032
0.248000	0.129465
0.249000	0.115987
0.250000	0.104903
0.251000	0.095677
0.252000	0.087898
0.253000	0.082019
0.254000	0.089538
0.255000	0.098545
0.256000	0.109532
0.257000	0.123235
0.258000	0.140808
0.259000	0.164172
0.260000	0.196743
0.261000	0.245335
0.262000	0.325611
0.263000	0.483644
0.264000	0.938559
0.265000	15.517740
0.266000	0.931184
0.267000	1.083563
0.268000	11.405947
0.269000	0.930432
0.270000	0.481374
0.271000	0.324412
0.272000	0.244472
0.273000	0.233316
0.274000	0.303278
0.275000	0.433606
0.276000	0.761846
0.277000	3.161586
0.278000	0.535439
0.279000	0.593621
0.280000	0.371804
0.281000	0.270432
0.282000	0.212342
0.283000	0.174695
0.284000	0.148313
0.285000	0.128787
0.286000	0.113760
0.287000	0.101831
0.288000	0.092136
0.289000	0.084094
0.290000	0.077320
0.291000	0.071534
0.292000	0.066535
0.293000	0.062169
0.294000	0.058328
0.295000	0.054919
0.296000	0.051873
0.297000	0.049136
0.298000	0.046710
0.299000	0.044687
0.300000	0.042819
0.301000	0.041105
0.302000	0.039509
0.303000	0.038031
0.304000	0.036656
0.305000	0.035371
0.306000	0.034171
0.307000	0.033046
0.308000	0.031990
0.309000	0.030996
0.310000	0.030059
0.311000	0.029174
0.312000	0.028338
0.313000	0.027545
0.314000	0.026794
0.315000	0.026080
0.316000	0.025401
0.317000	0.024754
0.318000	0.024138
0.319000	0.023549
0.320000	0.022987
0.321000	0.022449
0.322000	0.021934
0.323000	0.021440
0.324000	0.021522
0.325000	0.021928
0.326000	0.022348
0.327000	0.022789
0.328000	0.023243
0.329000	0.023723
0.330000	0.024217
0.331000	0.024739
0.332000	0.025282
0.333000	0.025849
0.334000	0.026445
0.335000	0.027071
0.336000	0.027727
0.337000	0.028416
0.338000	0.029143
0.339000	0.029910
0.340000	0.030720
0.341000	0.031581
0.342000	0.032488
0.343000	0.033456
0.344000	0.034483
0.345000	0.035579
0.346000	0.036753
0.347000	0.038008
0.348000	0.039357
0.349000	0.040807
0.350000	0.042373
0.351000	0.044073
0.352000	0.045920
0.353000	0.047937
0.354000	0.050144
0.355000	0.052574
0.356000	0.055260
0.357000	0.058248
0.358000	0.061589
0.359000	0.065352
0.360000	0.069617
0.361000	0.074498
0.362000	0.080148
0.363000	0.086739
0.364000	0.094547
0.365000	0.103951
0.366000	0.115461
0.367000	0.129918
0.368000	0.148586
0.369000	0.173652
0.370000	0.209081
0.371000	0.262927
0.372000	0.354620
0.373000	0.545864
0.374000	1.194027
0.375000	4.398863
0.376000	0.864678
0.377000	0.461886
0.378000	0.532977
0.379000	1.126765
0.380000	7.348337
0.381000	0.902991
0.382000	0.473375
0.383000	0.320311
0.384000	0.241783
0.385000	0.193995
0.386000	0.161866
0.387000	0.138768
0.388000	0.121368
0.389000	0.107784
0.390000	0.096894
0.391000	0.087969
0.392000	0.080510
0.393000	0.074192
0.394000	0.068770
0.395000	0.064062
0.396000	0.059938
0.397000	0.056299
0.398000	0.053065
0.399000	0.050257
0.400000	0.052680
0.401000	0.053871
0.402000	0.054139
0.403000	0.053737
0.404000	0.052872
0.405000	0.051696
0.406000	0.050325
0.407000	0.048842
0.408000	0.047305
0.409000	0.045753
0.410000	0.044220
0.411000	0.042719
0.412000	0.041265
0.413000	0.039864
0.414000	0.038520
0.415000	0.037235
0.416000	0.036010
0.417000	0.034842
0.418000	0.033729
0.419000	0.032672
0.420000	0.031666
0.421000	0.030707
0.422000	0.029796
0.423000	0.028930
0.424000	0.028103
0.425000	0.027315
0.426000	0.026565
0.427000	0.025848
0.428000	0.025164
0.429000	0.024510
0.430000	0.023886
0.431000	0.023288
0.432000	0.022715
0.433000	0.022167
0.434000	0.021640
0.435000	0.021136
0.436000	0.020651
0.437000	0.020186
0.438000	0.019737
0.439000	0.019307
0.440000	0.018892
0.441000	0.018669
0.442000	0.018958
0.443000	0.019258
0.444000	0.019578
0.445000	0.019881
0.446000	0.020231
0.447000	0.020566
0.448000	0.020923
0.449000	0.021294
0.450000	0.021679
0.451000	0.022080
0.452000	0.022497
0.453000	0.022931
0.454000	0.023383
0.455000	0.023855
0.456000	0.024348
0.457000	0.024863
0.458000	0.025402
0.459000	0.025966
0.460000	0.026557
0.461000	0.027179
0.462000	0.027832
0.463000	0.028518
0.464000	0.029243
0.465000	0.030007
0.466000	0.030815
0.467000	0.031670
0.468000	0.032578
0.469000	0.033541
0.470000	0.034569
0.471000	0.035664
0.472000	0.036833
0.473000	0.038089
0.474000	0.039436
0.475000	0.040889
0.476000	0.042458
0.477000	0.044158
0.478000	0.046007
0.479000	0.048024
0.480000	0.050235
0.481000	0.052671
0.482000	0.055366
0.483000	0.058361
0.484000	0.061711
0.485000	0.065486
0.486000	0.069770
0.487000	0.074674
0.488000	0.080345
0.489000	0.086975
0.490000	0.094829
0.491000	0.104286
0.492000	0.115891
0.493000	0.130465
0.494000	0.149319
0.495000	0.174673
0.496000	0.210565
0.497000	0.265300
0.498000	0.359038
0.499000	0.556443
0.500000	1.242682
0.501000	3.230929
0.502000	0.838931
0.503000	0.455156
0.504000	0.311864
0.505000	0.236938
0.506000	0.190887
0.507000	0.169323
0.508000	0.202837
0.509000	0.253141
0.510000	0.337068
0.511000	0.505271
0.512000	1.012898
0.513000	118.573701
0.514000	0.991741
0.515000	0.496882
0.516000	0.331016
0.517000	0.247914
0.518000	0.197992
0.519000	0.164687
0.520000	0.140892
0.521000	0.123035
0.522000	0.109140
0.523000	0.098025
0.524000	0.088927
0.525000	0.081344
0.526000	0.074925
0.527000	0.069428
0.528000	0.064658
0.529000	0.060486
0.530000	0.056803
0.531000	0.053530
0.532000	0.050600
0.533000	0.047966
0.534000	0.045578
0.535000	0.043410
0.536000	0.041429
0.537000	0.039615
0.538000	0.037944
0.539000	0.036401
0.540000	0.034972
0.541000	0.033646
0.542000	0.032438
0.543000	0.031236
0.544000	0.030202
0.545000	0.029169
0.546000	0.028217
0.547000	0.027323
0.548000	0.026480
0.549000	0.025685
0.550000	0.024931
0.551000	0.024218
0.552000	0.023541
0.553000	0.022898
0.554000	0.022286
0.555000	0.021703
0.556000	0.021148
0.557000	0.020618
0.558000	0.020111
0.559000	0.019627
0.560000	0.019163
0.561000	0.018718
0.562000	0.018290
0.563000	0.017880
0.564000	0.017487
0.565000	0.017109
0.566000	0.016745
0.567000	0.016394
0.568000	0.016055
0.569000	0.015730
0.570000	0.015415
0.571000	0.015112
0.572000	0.014818
0.573000	0.014534
0.574000	0.014260
0.575000	0.013995
0.576000	0.013738
0.577000	0.013488
0.578000	0.013247
0.579000	0.013012
0.580000	0.012785
0.581000	0.012565
0.582000	0.012350
0.583000	0.012142
0.584000	0.011941
0.585000	0.011744
0.586000	0.011553
0.587000	0.011367
0.588000	0.011186
0.589000	0.011010
0.590000	0.010839
0.591000	0.010671
0.592000	0.010508
0.593000	0.010350
0.594000	0.010195
0.595000	0.010044
0.596000	0.009896
0.597000	0.009752
0.598000	0.009611
0.599000	0.009474
0.600000	0.009340
0.601000	0.009208
0.602000	0.009081
0.603000	0.008956
0.604000	0.008833
0.605000	0.008713
0.606000	0.008596
0.607000	0.008481
0.608000	0.008369
0.609000	0.008259
0.610000	0.008151
0.611000	0.008046
0.612000	0.007942
0.613000	0.007841
0.614000	0.007742
0.615000	0.007645
0.616000	0.007549
0.617000	0.007456
0.618000	0.007364
0.619000	0.007273
0.620000	0.007186
0.621000	0.007099
0.622000	0.007014
0.623000	0.006931
0.624000	0.006849
0.625000	0.006768
0.626000	0.006689
0.627000	0.006611
0.628000	0.006535
0.629000	0.006460
0.630000	0.006387
0.631000	0.006314
0.632000	0.006243
0.633000	0.006173
0.634000	0.006105
0.635000	0.006037
0.636000	0.005970
0.637000	0.005905
0.638000	0.005841
0.639000	0.005777
0.640000	0.005715
0.641000	0.005654
0.642000	0.005593
0.643000	0.005534
0.644000	0.005476
0.645000	0.005418
0.646000	0.005362
0.647000	0.005306
0.648000	0.005250
0.649000	0.005196
0.650000	0.005143
0.651000	0.005090
0.652000	0.005039
0.653000	0.004988
0.654000	0.004938
0.655000	0.004893
0.656000	0.004833
0.657000	0.004796
0.658000	0.004737
0.659000	0.004701
0.660000	0.004645
0.661000	0.004609
0.662000	0.004560
0.663000	0.004515
0.664000	0.004471
0.665000	0.004428
0.666000	0.004385
0.667000	0.004343
0.668000	0.004302
0.669000	0.004262
0.670000	0.004222
0.671000	0.004182
0.672000	0.004142
0.673000	0.004104
0.674000	0.004065
0.675000	0.004028
0.676000	0.003991
0.677000	0.003954
0.678000	0.003918
0.679000	0.003882
0.680000	0.003847
0.681000	0.003812
0.682000	0.003777
0.683000	0.003743
0.684000	0.003709
0.685000	0.003676
0.686000	0.003643
0.687000	0.003611
0.688000	0.003579
0.689000	0.003547
0.690000	0.003516
0.691000	0.003485
0.692000	0.003454
0.693000	0.003424
0.694000	0.003394
0.695000	0.003365
0.696000	0.003335
0.697000	0.003306
0.698000	0.003278
0.699000	0.003250
0.700000	0.003222
0.701000	0.003195
0.702000	0.003167
0.703000	0.003140
0.704000	0.003114
0.705000	0.003087
0.706000	0.003061
0.707000	0.003036
0.708000	0.003010
0.709000	0.002985
0.710000	0.002960
0.711000	0.002935
0.712000	0.002911
0.713000	0.002887
0.714000	0.002863
0.715000	0.002839
0.716000	0.002816
0.717000	0.002793
0.718000	0.002770
0.719000	0.002747
0.720000	0.002725
0.721000	0.002703
0.722000	0.002680
0.723000	0.002659
0.724000	0.002637
0.725000	0.002616
0.726000	0.002595
0.727000	0.002574
0.728000	0.002553
0.729000	0.002533
0.730000	0.002513
0.731000	0.002493
0.732000	0.002473
0.733000	0.002453
0.734000	0.002434
0.735000	0.002415
0.736000	0.002396
0.737000	0.002377
0.738000	0.002358
0.739000	0.002340
0.740000	0.002321
0.741000	0.002303
0.742000	0.002285
0.743000	0.002267
0.744000	0.002250
0.745000	0.002232
0.746000	0.002215
0.747000	0.002198
0.748000	0.002181
0.749000	0.002164
0.750000	0.002147
0.751000	0.002134
0.752000	0.002201
0.753000	0.002102
0.754000	0.002165
0.755000	0.002070
0.756000	0.002108
0.757000	0.002038
0.758000	0.002245
0.759000	0.002205
0.760000	0.002178
0.761000	0.002141
0.762000	0.002035
0.763000	0.001984
0.764000	0.002037
0.765000	0.002125
0.766000	0.002190
0.767000	0.002178
0.768000	0.002138
0.769000	0.002112
0.770000	0.002101
0.771000	0.002096
0.772000	0.002076
0.773000	0.002057
0.774000	0.002068
0.775000	0.002090
0.776000	0.002095
0.777000	0.002081
0.778000	0.002080
0.779000	0.002082
0.780000	0.002089
0.781000	0.002099
0.782000	0.002097
0.783000	0.002094
0.784000	0.002087
0.785000	0.002088
0.786000	0.002103
0.787000	0.002135
0.788000	0.002119
0.789000	0.002074
0.790000	0.002048
0.791000	0.002049
0.792000	0.002047
0.793000	0.002041
0.794000	0.002045
0.795000	0.002053
0.796000	0.002062
0.797000	0.002040
0.798000	0.002050
0.799000	0.002072
0.800000	0.002085
0.801000	0.002088
0.802000	0.002074
0.803000	0.002052
0.804000	0.002049
0.805000	0.002040
0.806000	0.002033
0.807000	0.002027
0.808000	0.002010
0.809000	0.001982
0.810000	0.001953
0.811000	0.001957
0.812000	0.001981
0.813000	0.002001
0.814000	0.002026
0.815000	0.002048
0.816000	0.002037
0.817000	0.002014
0.818000	0.002005
0.819000	0.001420
0.820000	0.002796
0.821000	0.001032
0.822000	0.002887
0.823000	0.000954
0.824000	0.002517
0.825000	0.001086
0.826000	0.002016
0.827000	0.001988
0.828000	0.001505
0.829000	0.002465
0.830000	0.002991
0.831000	0.000909
0.832000	0.004541
0.833000	0.000978
0.834000	0.003244
0.835000	0.001146
0.836000	0.002634
0.837000	0.001769
0.838000	0.002904
0.839000	0.001239
0.840000	0.002961
0.841000	0.000963
0.842000	0.002829
0.843000	0.001005
0.844000	0.002655
0.845000	0.001063
0.846000	0.002540
0.847000	0.001065
0.848000	0.002538
0.849000	0.000972
0.850000	0.002508
0.851000	0.000919
0.852000	0.002567
0.853000	0.000803
0.854000	0.002730
0.855000	0.000796
0.856000	0.002744
0.857000	0.000790
0.858000	0.002723
0.859000	0.000784
0.860000	0.002796
0.861000	0.000777
0.862000	0.002743
0.863000	0.000770
0.864000	0.002642
0.865000	0.000764
0.866000	0.002682
0.867000	0.000758
0.868000	0.002710
0.869000	0.000751
0.870000	0.002697
0.871000	0.000745
0.872000	0.002684
0.873000	0.000759
0.874000	0.002648
0.875000	0.000812
0.876000	0.002666
0.877000	0.000759
0.878000	0.002717
0.879000	0.000720
0.880000	0.002739
0.881000	0.000714
0.882000	0.002665
0.883000	0.000707
0.884000	0.002620
0.885000	0.000701
0.886000	0.002522
0.887000	0.000696
0.888000	0.002592
0.889000	0.000688
0.890000	0.000753
0.891000	0.003276
0.892000	0.000772
0.893000	0.002549
0.894000	0.000676
0.895000	0.002131
0.896000	0.000711
0.897000	0.001118
0.898000	0.002752
0.899000	0.000663
0.900000	0.002670
0.901000	0.000787
0.902000	0.002728
0.903000	0.000812
0.904000	0.002461
0.905000	0.000677
0.906000	0.002550
0.907000	0.000712
0.908000	0.002320
0.909000	0.000707
0.910000	0.001924
0.911000	0.000911
0.912000	0.002398
0.913000	0.000843
0.914000	0.003473
0.915000	0.001103
0.916000	0.002688
0.917000	0.000702
0.918000	0.001966
0.919000	0.000779
0.920000	0.002032
0.921000	0.000599
0.922000	0.002433
0.923000	0.000792
0.924000	0.002418
0.925000	0.000709
0.926000	0.002158
0.927000	0.000582
0.928000	0.002057
0.929000	0.000577
0.930000	0.002156
0.931000	0.000644
0.932000	0.002291
0.933000	0.000721
0.934000	0.002331
0.935000	0.000724
0.936000	0.002246
0.937000	0.000671
0.938000	0.002158
0.939000	0.000639
0.940000	0.002159
0.941000	0.000659
0.942000	0.000677
0.943000	0.002504
0.944000	0.000838
0.945000	0.000825
0.946000	0.002450
0.947000	0.000793
0.948000	0.000798
0.949000	0.002381
0.950000	0.000744
0.951000	0.000731
0.952000	0.002008
0.953000	0.000518
0.954000	0.000775
0.955000	0.001539
0.956000	0.000872
0.957000	0.001053
0.958000	0.002521
0.959000	0.001089
0.960000	0.001208
0.961000	0.004314
0.962000	0.001446
0.963000	0.001392
0.964000	0.002142
0.965000	0.000685
0.966000	0.001022
0.967000	0.001716
0.968000	0.000579
0.969000	0.000691
0.970000	0.002515
0.971000	0.000944
0.972000	0.000930
0.973000	0.002191
0.974000	0.000722
0.975000	0.000763
0.976000	0.002502
0.977000	0.000854
0.978000	0.000850
0.979000	0.001935
0.980000	0.000530
0.981000	0.000514
0.982000	0.001874
0.983000	0.000643
0.984000	0.000726
0.985000	0.002399
0.986000	0.000898
0.987000	0.000895
0.988000	0.001962
0.989000	0.000613
0.990000	0.000666
0.991000	0.002146
0.992000	0.000752
0.993000	0.000751
0.994000	0.001634
0.995000	0.000469
0.996000	0.000529
0.997000	0.002406
0.998000	0.001029
0.999000	0.001104
1.000000	0.002279
1.001000	0.000731
1.002000	0.000675
1.003000	0.001438
1.004000	0.000563
1.005000	0.000694
1.006000	0.002483
1.007000	0.000933
1.008000	0.000895
1.009000	0.000822
1.010000	0.001584
1.011000	0.000595
1.012000	0.000682
1.013000	0.002162
1.014000	0.000834
1.015000	0.000820
1.016000	0.000763
1.017000	0.001276
1.018000	0.000488
1.019000	0.000605
1.020000	0.001489
1.021000	0.000753
1.022000	0.000861
1.023000	0.000981
1.024000	0.003160
1.025000	0.001588
1.026000	0.001446
1.027000	0.002259
1.028000	0.000766
1.029000	0.000548
1.030000	0.001083
1.031000	0.001269
1.032000	0.000863
1.033000	0.000514
1.034000	0.000773
1.035000	0.004305
1.036000	0.002233
1.037000	0.001779
1.038000	0.001341
1.039000	0.003171
1.040000	0.003055
1.041000	0.002946
1.042000	0.002145
1.043000	0.005491
1.044000	0.004753
1.045000	0.005290
1.046000	0.005203
1.047000	0.002954
1.048000	0.001589
1.049000	0.003272
1.050000	0.004765
1.051000	0.006482
1.052000	0.002884
1.053000	0.001150
1.054000	0.001731
1.055000	0.010324
1.056000	0.006183
1.057000	0.004844
1.058000	0.002597
1.059000	0.006106
1.060000	0.005747
1.061000	0.005265
1.062000	0.003598
1.063000	0.006082
1.064000	0.005329
1.065000	0.005364
1.066000	0.004424
1.067000	0.002274
1.068000	0.005640
1.069000	0.005345
1.070000	0.005133
1.071000	0.003912
1.072000	0.001483
1.073000	0.010757
1.074000	0.007961
1.075000	0.007393
1.076000	0.005600
1.077000	0.002330
1.078000	0.011050
1.079000	0.009559
1.080000	0.009169
1.081000	0.007274
1.082000	0.003550
1.083000	0.014641
1.084000	0.012096
1.085000	0.011986
1.086000	0.010329
1.087000	0.006218
1.088000	0.015230
1.089000	0.014392
1.090000	0.014351
1.091000	0.011964
1.092000	0.006622
1.093000	0.001556
1.094000	0.010109
1.095000	0.016988
1.096000	0.020077
1.097000	0.018601
1.098000	0.012401
1.099000	0.002896
1.100000	0.008029
1.101000	0.017158
1.102000	0.021264
1.103000	0.019437
1.104000	0.012385
1.105000	0.002945
1.106000	0.008119
1.107000	0.016771
1.108000	0.021357
1.109000	0.020786
1.110000	0.014167
1.111000	0.004815
1.112000	0.008697
1.113000	0.018161
1.114000	0.022370
1.115000	0.019986
1.116000	0.012433
1.117000	0.003899
1.118000	0.009727
1.119000	0.018226
1.120000	0.022328
1.121000	0.020026
1.122000	0.011309
1.123000	0.004475
1.124000	0.013548
1.125000	0.021493
1.126000	0.022660
1.127000	0.016737
1.128000	0.005281
1.129000	0.008954
1.130000	0.021913
1.131000	0.031664
1.132000	0.035055
1.133000	0.029451
1.134000	0.014432
1.135000	0.006196
1.136000	0.025268
1.137000	0.037648
1.138000	0.040636
1.139000	0.034807
1.140000	0.024148
1.141000	0.010618
1.142000	0.009739
1.143000	0.024636
1.144000	0.034692
1.145000	0.037610
1.146000	0.033942
1.147000	0.024703
1.148000	0.011402
1.149000	0.010694
1.150000	0.021005
1.151000	0.024296
1.152000	0.024776
1.153000	0.020682
1.154000	0.013356
1.155000	0.007884
1.156000	0.007232
1.157000	0.011070
1.158000	0.014897
1.159000	0.016268
1.160000	0.014898
1.161000	0.013480
1.162000	0.009496
1.163000	0.003630
1.164000	0.007321
1.165000	0.010978
1.166000	0.012960
1.167000	0.014319
1.168000	0.012652
1.169000	0.009719
1.170000	0.007375
1.171000	0.008053
1.172000	0.012179
1.173000	0.016636
1.174000	0.019099
1.175000	0.018474
1.176000	0.015670
1.177000	0.008695
1.178000	0.009182
1.179000	0.017643
1.180000	0.024519
1.181000	0.026357
1.182000	0.022777
1.183000	0.012186
1.184000	0.010140
1.185000	0.022973
1.186000	0.033461
1.187000	0.038197
1.188000	0.036107
1.189000	0.024389
1.190000	0.006007
1.191000	0.025080
1.192000	0.040051
1.193000	0.047622
1.194000	0.043990
1.195000	0.029960
1.196000	0.010386
1.197000	0.016308
1.198000	0.037697
1.199000	0.054019
1.200000	0.061741
1.201000	0.054630
1.202000	0.032004
1.203000	0.006256
1.204000	0.036881
1.205000	0.055720
1.206000	0.060779
1.207000	0.052188
1.208000	0.033370
1.209000	0.008468
1.210000	0.019018
1.211000	0.041748
1.212000	0.056964
1.213000	0.058666
1.214000	0.044253
1.215000	0.016713
1.216000	0.015199
1.217000	0.040200
1.218000	0.052186
1.219000	0.049729
1.220000	0.035407
1.221000	0.013342
1.222000	0.012070
1.223000	0.035451
1.224000	0.051994
1.225000	0.056345
1.226000	0.045390
1.227000	0.020927
1.228000	0.009385
1.229000	0.034741
1.230000	0.047614
1.231000	0.050036
1.232000	0.040988
1.233000	0.022910
1.234000	0.002105
1.235000	0.021259
1.236000	0.038593
1.237000	0.047186
1.238000	0.044222
1.239000	0.029219
1.240000	0.008575
1.241000	0.012661
1.242000	0.029825
1.243000	0.036408
1.244000	0.034346
1.245000	0.024441
1.246000	0.011062
1.247000	0.004324
1.248000	0.019018
1.249000	0.028402
1.250000	0.030087
1.251000	0.024643
1.252000	0.014648
1.253000	0.005234
1.254000	0.011099
1.255000	0.019863
1.256000	0.023650
1.257000	0.021239
1.258000	0.014467
1.259000	0.005989
1.260000	0.006267
1.261000	0.013505
1.262000	0.017749
1.263000	0.018175
1.264000	0.014762
1.265000	0.009542
1.266000	0.005940
1.267000	0.007005
1.268000	0.012858
1.269000	0.016201
1.270000	0.015692
1.271000	0.013292
1.272000	0.008945
1.273000	0.004781
1.274000	0.007062
1.275000	0.012600
1.276000	0.016306
1.277000	0.018034
1.278000	0.016970
1.279000	0.012562
1.280000	0.007291
1.281000	0.005204
1.282000	0.012768
1.283000	0.018553
1.284000	0.021065
1.285000	0.019261
1.286000	0.013398
1.287000	0.005069
1.288000	0.006418
1.289000	0.015815
1.290000	0.022959
1.291000	0.025291
1.292000	0.021533
1.293000	0.011941
1.294000	0.001788
1.295000	0.014680
1.296000	0.024463
1.297000	0.028181
1.298000	0.025105
1.299000	0.016078
1.300000	0.004367
1.301000	0.008377
1.302000	0.022181
1.303000	0.031311
1.304000	0.032969
1.305000	0.025900
1.306000	0.011501
1.307000	0.006062
1.308000	0.021381
1.309000	0.030089
1.310000	0.030638
1.311000	0.024408
1.312000	0.012637
1.313000	0.003469
1.314000	0.017107
1.315000	0.030070
1.316000	0.035102
1.317000	0.029889
1.318000	0.015171
1.319000	0.004779
1.320000	0.022874
1.321000	0.033766
1.322000	0.034864
1.323000	0.029046
1.324000	0.016449
1.325000	0.001917
1.326000	0.017990
1.327000	0.034418
1.328000	0.042209
1.329000	0.037942
1.330000	0.021690
1.331000	0.003527
1.332000	0.019643
1.333000	0.035527
1.334000	0.039097
1.335000	0.033836
1.336000	0.021086
1.337000	0.006337
1.338000	0.018324
1.339000	0.041129
1.340000	0.054178
1.341000	0.051712
1.342000	0.031514
1.343000	0.006071
1.344000	0.032654
1.345000	0.051456
1.346000	0.059984
1.347000	0.053093
1.348000	0.036009
1.349000	0.013485
1.350000	0.027877
1.351000	0.065057
1.352000	0.086866
1.353000	0.086101
1.354000	0.060866
1.355000	0.013867
1.356000	0.053495
1.357000	0.086291
1.358000	0.088014
1.359000	0.070670
1.360000	0.039845
1.361000	0.010531
1.362000	0.061644
1.363000	0.098928
1.364000	0.111559
1.365000	0.095890
1.366000	0.040635
1.367000	0.035202
1.368000	0.087484
1.369000	0.103751
1.370000	0.091656
1.371000	0.063813
1.372000	0.021160
1.373000	0.038236
1.374000	0.085185
1.375000	0.110492
1.376000	0.107330
1.377000	0.069039
1.378000	0.011723
1.379000	0.064317
1.380000	0.099391
1.381000	0.096593
1.382000	0.073530
1.383000	0.033497
1.384000	0.018407
1.385000	0.066859
1.386000	0.102371
1.387000	0.113810
1.388000	0.095065
1.389000	0.035569
1.390000	0.042236
1.391000	0.094142
1.392000	0.103505
1.393000	0.085419
1.394000	0.051347
1.395000	0.010417
1.396000	0.049781
1.397000	0.091637
1.398000	0.108412
1.399000	0.096796
1.400000	0.045907
1.401000	0.028211
1.402000	0.081679
1.403000	0.099976
1.404000	0.089330
1.405000	0.062169
1.406000	0.019323
1.407000	0.039767
1.408000	0.086472
1.409000	0.110893
1.410000	0.106133
1.411000	0.062046
1.412000	0.012247
1.413000	0.072026
1.414000	0.097843
1.415000	0.090976
1.416000	0.063791
1.417000	0.023178
1.418000	0.031450
1.419000	0.081258
1.420000	0.109817
1.421000	0.105374
1.422000	0.057221
1.423000	0.016295
1.424000	0.078131
1.425000	0.100563
1.426000	0.091536
1.427000	0.061111
1.428000	0.015292
1.429000	0.048525
1.430000	0.095010
1.431000	0.118791
1.432000	0.107907
1.433000	0.048935
1.434000	0.034655
1.435000	0.091473
1.436000	0.107239
1.437000	0.093528
1.438000	0.058825
1.439000	0.008558
1.440000	0.055039
1.441000	0.099170
1.442000	0.119605
1.443000	0.110260
1.444000	0.058047
1.445000	0.030055
1.446000	0.091561
1.447000	0.110034
1.448000	0.097691
1.449000	0.065481
1.450000	0.017090
1.451000	0.041370
1.452000	0.090163
1.453000	0.118579
1.454000	0.118469
1.455000	0.077487
1.456000	0.006491
1.457000	0.081248
1.458000	0.110666
1.459000	0.102557
1.460000	0.074873
1.461000	0.031717
1.462000	0.027183
1.463000	0.079699
1.464000	0.113911
1.465000	0.121196
1.466000	0.091461
1.467000	0.018117
1.468000	0.061677
1.469000	0.104042
1.470000	0.106063
1.471000	0.086611
1.472000	0.048788
1.473000	0.009428
1.474000	0.062718
1.475000	0.100223
1.476000	0.117176
1.477000	0.106958
1.478000	0.053069
1.479000	0.032902
1.480000	0.091705
1.481000	0.108255
1.482000	0.096547
1.483000	0.069144
1.484000	0.021892
1.485000	0.033472
1.486000	0.082104
1.487000	0.112427
1.488000	0.119267
1.489000	0.094579
1.490000	0.021670
1.491000	0.058038
1.492000	0.101202
1.493000	0.104277
1.494000	0.087682
1.495000	0.056923
1.496000	0.007619
1.497000	0.046581
1.498000	0.087534
1.499000	0.110146
1.500000	0.108768
1.501000	0.071224
1.502000	0.006697
1.503000	0.061396
1.504000	0.094523
1.505000	0.095690
1.506000	0.078709
1.507000	0.048195
1.508000	0.006916
1.509000	0.050919
1.510000	0.087539
1.511000	0.105224
1.512000	0.102280
1.513000	0.069956
1.514000	0.008763
1.515000	0.061555
1.516000	0.093618
1.517000	0.094560
1.518000	0.078194
1.519000	0.051408
1.520000	0.011049
1.521000	0.036533
1.522000	0.076699
1.523000	0.099387
1.524000	0.102023
1.525000	0.079465
1.526000	0.023878
1.527000	0.042166
1.528000	0.082814
1.529000	0.090862
1.530000	0.078754
1.531000	0.054189
1.532000	0.016225
1.533000	0.029929
1.534000	0.066700
1.535000	0.087844
1.536000	0.090116
1.537000	0.072709
1.538000	0.030797
1.539000	0.032394
1.540000	0.073912
1.541000	0.084515
1.542000	0.075878
1.543000	0.057832
1.544000	0.026955
1.545000	0.023301
1.546000	0.057892
1.547000	0.082537
1.548000	0.090766
1.549000	0.082869
1.550000	0.047992
1.551000	0.022748
1.552000	0.063742
1.553000	0.082833
1.554000	0.080240
1.555000	0.065984
1.556000	0.041437
1.557000	0.007401
1.558000	0.038119
1.559000	0.067398
1.560000	0.085703
1.561000	0.087316
1.562000	0.070264
1.563000	0.023553
1.564000	0.032404
1.565000	0.065458
1.566000	0.080261
1.567000	0.074841
1.568000	0.058974
1.569000	0.032616
1.570000	0.016146
1.571000	0.044654
1.572000	0.071024
1.573000	0.082162
1.574000	0.080394
1.575000	0.062305
1.576000	0.015952
1.577000	0.037515
1.578000	0.065336
1.579000	0.074813
1.580000	0.070679
1.581000	0.056312
1.582000	0.031793
1.583000	0.016613
1.584000	0.040556
1.585000	0.061915
1.586000	0.073781
1.587000	0.073254
1.588000	0.061074
1.589000	0.028227
1.590000	0.031812
1.591000	0.053412
1.592000	0.066774
1.593000	0.066464
1.594000	0.056205
1.595000	0.040057
1.596000	0.013516
1.597000	0.033040
1.598000	0.051632
1.599000	0.064368
1.600000	0.067829
1.601000	0.062035
1.602000	0.041408
1.603000	0.018121
1.604000	0.043869
1.605000	0.052645
1.606000	0.060037
1.607000	0.055238
1.608000	0.044212
1.609000	0.025400
1.610000	0.021090
1.611000	0.043552
1.612000	0.053213
1.613000	0.056017
1.614000	0.054600
1.615000	0.042241
1.616000	0.019066
1.617000	0.034850
1.618000	0.050448
1.619000	0.051489
1.620000	0.046876
1.621000	0.039196
1.622000	0.024365
1.623000	0.019864
1.624000	0.044169
1.625000	0.056852
1.626000	0.057208
1.627000	0.045903
1.628000	0.033012
1.629000	0.015021
1.630000	0.044382
1.631000	0.056614
1.632000	0.054085
1.633000	0.041853
1.634000	0.027855
1.635000	0.009555
1.636000	0.035922
1.637000	0.055779
1.638000	0.061583
1.639000	0.054226
1.640000	0.032519
1.641000	0.010409
1.642000	0.039049
1.643000	0.057805
1.644000	0.060022
1.645000	0.049351
1.646000	0.032093
1.647000	0.008758
1.648000	0.031163
1.649000	0.056357
1.650000	0.069087
1.651000	0.066214
1.652000	0.049530
1.653000	0.013025
1.654000	0.034106
1.655000	0.061523
1.656000	0.069724
1.657000	0.060122
1.658000	0.040254
1.659000	0.012042
1.660000	0.026948
1.661000	0.058464
1.662000	0.074368
1.663000	0.072009
1.664000	0.051699
1.665000	0.014280
1.666000	0.035866
1.667000	0.066888
1.668000	0.072806
1.669000	0.061076
1.670000	0.039346
1.671000	0.009517
1.672000	0.032440
1.673000	0.063393
1.674000	0.079367
1.675000	0.075817
1.676000	0.050399
1.677000	0.009708
1.678000	0.046380
1.679000	0.071133
1.680000	0.073487
1.681000	0.059372
1.682000	0.033941
1.683000	0.014077
1.684000	0.050123
1.685000	0.072123
1.686000	0.080420
1.687000	0.069660
1.688000	0.037651
1.689000	0.027068
1.690000	0.064628
1.691000	0.076856
1.692000	0.071573
1.693000	0.054293
1.694000	0.025982
1.695000	0.024647
1.696000	0.063162
1.697000	0.085003
1.698000	0.086606
1.699000	0.071980
1.700000	0.029099
1.701000	0.038181
1.702000	0.075087
1.703000	0.082808
1.704000	0.072532
1.705000	0.052101
1.706000	0.016184
1.707000	0.039350
1.708000	0.073828
1.709000	0.089335
1.710000	0.084233
1.711000	0.060940
1.712000	0.013890
1.713000	0.057391
1.714000	0.083928
1.715000	0.082586
1.716000	0.065836
1.717000	0.042320
1.718000	0.006287
1.719000	0.051110
1.720000	0.083973
1.721000	0.096454
1.722000	0.086638
1.723000	0.056032
1.724000	0.011323
1.725000	0.066599
1.726000	0.090605
1.727000	0.085705
1.728000	0.065460
1.729000	0.039742
1.730000	0.008952
1.731000	0.054022
1.732000	0.086396
1.733000	0.097159
1.734000	0.085317
1.735000	0.052204
1.736000	0.014000
1.737000	0.067646
1.738000	0.089816
1.739000	0.083648
1.740000	0.062885
1.741000	0.036763
1.742000	0.010719
1.743000	0.054435
1.744000	0.085260
1.745000	0.094248
1.746000	0.081310
1.747000	0.047953
1.748000	0.014972
1.749000	0.065946
1.750000	0.086413
1.751000	0.079963
1.752000	0.059710
1.753000	0.034094
1.754000	0.010848
1.755000	0.051418
1.756000	0.077133
1.757000	0.085809
1.758000	0.076911
1.759000	0.050775
1.760000	0.007846
1.761000	0.050957
1.762000	0.076410
1.763000	0.078564
1.764000	0.065363
1.765000	0.045567
1.766000	0.019796
1.767000	0.025234
1.768000	0.059087
1.769000	0.080659
1.770000	0.084641
1.771000	0.071157
1.772000	0.038442
1.773000	0.018492
1.774000	0.059050
1.775000	0.076986
1.776000	0.073474
1.777000	0.057709
1.778000	0.038859
1.779000	0.011895
1.780000	0.033663
1.781000	0.064792
1.782000	0.081722
1.783000	0.080836
1.784000	0.064319
1.785000	0.030815
1.786000	0.027284
1.787000	0.063941
1.788000	0.077221
1.789000	0.070011
1.790000	0.053514
1.791000	0.035482
1.792000	0.008644
1.793000	0.036823
1.794000	0.066560
1.795000	0.081557
1.796000	0.078934
1.797000	0.061191
1.798000	0.027587
1.799000	0.030409
1.800000	0.065209
1.801000	0.076730
1.802000	0.068500
1.803000	0.051510
1.804000	0.033646
1.805000	0.006896
1.806000	0.037434
1.807000	0.065687
1.808000	0.079024
1.809000	0.075256
1.810000	0.057289
1.811000	0.024699
1.812000	0.030363
1.813000	0.062552
1.814000	0.072564
1.815000	0.064877
1.816000	0.050223
1.817000	0.032403
1.818000	0.006703
1.819000	0.036280
1.820000	0.063285
1.821000	0.074473
1.822000	0.072704
1.823000	0.057228
1.824000	0.029446
1.825000	0.015937
1.826000	0.053989
1.827000	0.070599
1.828000	0.066810
1.829000	0.053343
1.830000	0.036286
1.831000	0.014057
1.832000	0.020488
1.833000	0.049231
1.834000	0.063933
1.835000	0.067308
1.836000	0.059483
1.837000	0.040638
1.838000	0.013886
1.839000	0.026765
1.840000	0.050233
1.841000	0.060085
1.842000	0.056819
1.843000	0.044725
1.844000	0.032361
1.845000	0.016004
1.846000	0.014414
1.847000	0.037011
1.848000	0.052825
1.849000	0.058251
1.850000	0.052357
1.851000	0.040261
1.852000	0.022382
1.853000	0.013227
1.854000	0.037601
1.855000	0.050427
1.856000	0.051180
1.857000	0.042987
1.858000	0.032405
1.859000	0.020664
1.860000	0.005562
1.861000	0.021386
1.862000	0.039282
1.863000	0.049090
1.864000	0.048435
1.865000	0.041834
1.866000	0.031044
1.867000	0.017606
1.868000	0.006048
1.869000	0.030151
1.870000	0.043319
1.871000	0.043629
1.872000	0.039290
1.873000	0.031435
1.874000	0.022545
1.875000	0.011822
1.876000	0.003648
1.877000	0.017070
1.878000	0.031980
1.879000	0.037139
1.880000	0.038065
1.881000	0.034284
1.882000	0.026920
1.883000	0.016832
1.884000	0.004665
1.885000	0.011487
1.886000	0.021629
1.887000	0.028051
1.888000	0.030313
1.889000	0.028640
1.890000	0.024242
1.891000	0.017707
1.892000	0.009481
1.893000	0.001707
1.894000	0.010476
1.895000	0.017834
1.896000	0.022939
1.897000	0.025112
1.898000	0.023971
1.899000	0.020085
1.900000	0.013681
1.901000	0.005489
1.902000	0.005034
1.903000	0.012793
1.904000	0.018369
1.905000	0.021167
1.906000	0.021064
1.907000	0.018324
1.908000	0.013666
1.909000	0.007787
1.910000	0.001168
1.911000	0.006746
1.912000	0.012838
1.913000	0.017390
1.914000	0.019810
1.915000	0.019710
1.916000	0.017006
1.917000	0.011994
1.918000	0.005531
1.919000	0.001925
1.920000	0.008787
1.921000	0.014267
1.922000	0.017693
1.923000	0.018746
1.924000	0.017450
1.925000	0.014103
1.926000	0.009185
1.927000	0.003505
1.928000	0.002911
1.929000	0.008749
1.930000	0.013553
1.931000	0.016726
1.932000	0.017810
1.933000	0.016576
1.934000	0.013110
1.935000	0.007850
1.936000	0.002734
1.937000	0.004854
1.938000	0.010420
1.939000	0.014388
1.940000	0.016293
1.941000	0.016003
1.942000	0.013677
1.943000	0.009701
1.944000	0.005572
1.945000	0.001244
1.946000	0.006358
1.947000	0.010921
1.948000	0.014065
1.949000	0.015341
1.950000	0.014523
1.951000	0.011681
1.952000	0.008130
1.953000	0.004047
1.954000	0.003890
1.955000	0.008595
1.956000	0.011948
1.957000	0.013525
1.958000	0.013181
1.959000	0.011080
1.960000	0.008720
1.961000	0.005296
1.962000	0.001796
1.963000	0.006136
1.964000	0.009587
1.965000	0.011688
1.966000	0.012146
1.967000	0.011199
1.968000	0.009569
1.969000	0.006559
1.970000	0.002626
1.971000	0.004238
1.972000	0.007574
1.973000	0.009667
1.974000	0.010307
1.975000	0.010212
1.976000	0.008892
1.977000	0.006380
1.978000	0.003066
1.979000	0.002187
1.980000	0.005141
1.981000	0.007303
1.982000	0.008835
1.983000	0.009200
1.984000	0.008331
1.985000	0.006269
1.986000	0.003327
1.987000	0.000714
1.988000	0.003580
1.989000	0.006126
1.990000	0.007668
1.991000	0.008034
1.992000	0.007267
1.993000	0.005663
1.994000	0.003909
1.995000	0.001698
1.996000	0.002560
1.997000	0.004874
1.998000	0.006453
1.999000	0.007089
2.000000	0.006815
2.001000	0.006382
2.002000	0.005101
2.003000	0.003077
2.004000	0.001702
2.005000	0.003911
2.006000	0.005498
2.007000	0.006638
2.008000	0.007187
2.009000	0.007065
2.010000	0.005936
2.011000	0.003918
2.012000	0.001273
2.013000	0.002886
2.014000	0.005042
2.015000	0.007003
2.016000	0.007996
2.017000	0.008079
2.018000	0.006922
2.019000	0.004611
2.020000	0.001478
2.021000	0.002609
2.022000	0.005627
2.023000	0.007791
2.024000	0.008758
2.025000	0.008556
2.026000	0.006986
2.027000	0.004286
2.028000	0.000861
2.029000	0.003165
2.030000	0.006339
2.031000	0.008601
2.032000	0.009541
2.033000	0.009053
2.034000	0.007026
2.035000	0.003759
2.036000	0.000685
2.037000	0.004298
2.038000	0.007472
2.039000	0.009386
2.040000	0.009741
2.041000	0.008505
2.042000	0.005902
2.043000	0.003018
2.044000	0.001633
2.045000	0.005347
2.046000	0.008226
2.047000	0.009822
2.048000	0.009799
2.049000	0.008117
2.050000	0.005103
2.051000	0.002653
2.052000	0.003258
2.053000	0.006695
2.054000	0.008911
2.055000	0.009684
2.056000	0.008855
2.057000	0.006586
2.058000	0.004301
2.059000	0.001663
2.060000	0.004552
2.061000	0.007392
2.062000	0.008994
2.063000	0.009267
2.064000	0.007956
2.065000	0.005746
2.066000	0.003407
2.067000	0.002569
2.068000	0.005747
2.069000	0.007841
2.070000	0.008679
2.071000	0.008138
2.072000	0.006373
2.073000	0.004552
2.074000	0.002002
2.075000	0.003622
2.076000	0.006106
2.077000	0.007535
2.078000	0.007896
2.079000	0.006898
2.080000	0.005441
2.081000	0.003272
2.082000	0.001882
2.083000	0.004499
2.084000	0.006234
2.085000	0.007034
2.086000	0.006658
2.087000	0.005580
2.088000	0.003921
2.089000	0.001640
2.090000	0.002766
2.091000	0.004704
2.092000	0.005906
2.093000	0.006182
2.094000	0.005523
2.095000	0.004377
2.096000	0.002491
2.097000	0.001318
2.098000	0.003258
2.099000	0.004639
2.100000	0.005248
2.101000	0.004946
2.102000	0.004221
2.103000	0.002795
2.104000	0.000944
2.105000	0.001960
2.106000	0.003413
2.107000	0.004288
2.108000	0.004388
2.109000	0.003985
2.110000	0.002979
2.111000	0.001496
2.112000	0.000887
2.113000	0.002318
2.114000	0.003262
2.115000	0.003581
2.116000	0.003394
2.117000	0.002746
2.118000	0.001660
2.119000	0.000352
2.120000	0.001401
2.121000	0.002318
2.122000	0.002778
2.123000	0.002795
2.124000	0.002454
2.125000	0.001709
2.126000	0.000718
2.127000	0.000736
2.128000	0.001556
2.129000	0.002048
2.130000	0.002154
2.131000	0.002026
2.132000	0.001580
2.133000	0.000906
2.134000	0.000170
2.135000	0.000842
2.136000	0.001315
2.137000	0.001527
2.138000	0.001569
2.139000	0.001376
2.140000	0.000978
2.141000	0.000487
2.142000	0.000324
2.143000	0.000735
2.144000	0.000994
2.145000	0.001127
2.146000	0.001132
2.147000	0.000969
2.148000	0.000782
2.149000	0.000502
2.150000	0.000199
2.151000	0.000480
2.152000	0.000716
2.153000	0.000882
2.154000	0.000963
2.155000	0.000976
2.156000	0.000840
2.157000	0.000568
2.158000	0.000194
2.159000	0.000355
2.160000	0.000642
2.161000	0.000949
2.162000	0.001119
2.163000	0.001103
2.164000	0.000894
2.165000	0.000518
2.166000	0.000072
