time = 4.501	Re = 1	30	60
0.185644	0.019512	0.288870
0.212165	0.022299	0.288870
0.238685	0.025087	0.346259
0.265206	0.027874	0.392075
0.291726	0.030662	0.427853
0.318247	0.033449	0.455109
0.344768	0.036237	0.475236
0.371288	0.039024	0.489497
0.397809	0.041811	0.499052
0.424329	0.044599	0.504965
0.450850	0.047386	0.508209
0.477371	0.050174	0.509664
0.503891	0.052961	0.510108
0.530412	0.055748	0.510214
0.556932	0.058536	0.510552
0.583453	0.061323	0.511590
0.609973	0.064111	0.513708
0.636494	0.066898	0.517205
0.663015	0.069686	0.522312
0.689535	0.072473	0.529204
0.716056	0.075260	0.538009
0.742576	0.078048	0.548818
0.769097	0.080835	0.561692
0.795618	0.083623	0.576673
0.822138	0.086410	0.593781
0.848659	0.089198	0.613025
0.875179	0.091985	0.634405
0.901700	0.094772	0.657912
0.928220	0.097560	0.683534
0.954741	0.100347	0.711252
0.981262	0.103135	0.741047
1.007782	0.105922	0.741047
0.182588	0.038810	0.332489
0.208671	0.044354	0.332489
0.234755	0.049899	0.404603
0.260839	0.055443	0.460482
0.286923	0.060987	0.503032
0.313007	0.066532	0.534600
0.339091	0.072076	0.557106
0.365175	0.077620	0.572189
0.391259	0.083165	0.581310
0.417343	0.088709	0.585812
0.443427	0.094253	0.586931
0.469511	0.099798	0.585790
0.495595	0.105342	0.583387
0.521679	0.110886	0.580581
0.547763	0.116430	0.578087
0.573847	0.121975	0.576483
0.599931	0.127519	0.576224
0.626014	0.133063	0.577659
0.652098	0.138608	0.581044
0.678182	0.144152	0.586564
0.704266	0.149696	0.594346
0.730350	0.155241	0.604472
0.756434	0.160785	0.616991
0.782518	0.166329	0.631926
0.808602	0.171874	0.649281
0.834686	0.177418	0.669046
0.860770	0.182962	0.691202
0.886854	0.188506	0.715722
0.912938	0.194051	0.742573
0.939022	0.199595	0.771721
0.965106	0.205139	0.803125
0.991190	0.210684	0.803125
0.177531	0.057683	0.383756
0.202892	0.065924	0.383756
0.228254	0.074164	0.471537
0.253615	0.082404	0.537816
0.278977	0.090645	0.587216
0.304338	0.098885	0.623003
0.329700	0.107126	0.647605
0.355061	0.115366	0.662999
0.380423	0.123607	0.670935
0.405784	0.131847	0.673056
0.431146	0.140088	0.670916
0.456507	0.148328	0.665959
0.481869	0.156568	0.659477
0.507230	0.164809	0.652579
0.532592	0.173049	0.646171
0.557953	0.181290	0.640969
0.583315	0.189530	0.637514
0.608676	0.197771	0.636202
0.634038	0.206011	0.637309
0.659399	0.214252	0.641020
0.684761	0.222492	0.647448
0.710122	0.230733	0.656654
0.735484	0.238973	0.668662
0.760845	0.247213	0.683470
0.786207	0.255454	0.701058
0.811568	0.263694	0.721392
0.836930	0.271935	0.744431
0.862291	0.280175	0.770127
0.887653	0.288416	0.798429
0.913014	0.296656	0.829283
0.938376	0.304897	0.862633
0.963737	0.313137	0.862633
0.170529	0.075924	0.447586
0.194890	0.086770	0.447586
0.219251	0.097617	0.550606
0.243612	0.108463	0.626837
0.267973	0.119309	0.682806
0.292335	0.130156	0.722598
0.316696	0.141002	0.748983
0.341057	0.151848	0.764116
0.365418	0.162695	0.769952
0.389779	0.173541	0.768433
0.414141	0.184387	0.761510
0.438502	0.195233	0.751075
0.462863	0.206080	0.738843
0.487224	0.216926	0.726274
0.511586	0.227772	0.714537
0.535947	0.238619	0.704517
0.560308	0.249465	0.696849
0.584669	0.260311	0.691965
0.609030	0.271158	0.690143
0.633392	0.282004	0.691543
0.657753	0.292850	0.696242
0.682114	0.303696	0.704261
0.706475	0.314543	0.715584
0.730836	0.325389	0.730168
0.755198	0.336235	0.747960
0.779559	0.347082	0.768896
0.803920	0.357928	0.792908
0.828281	0.368774	0.819929
0.852643	0.379621	0.849888
0.877004	0.390467	0.882716
0.901365	0.401313	0.918342
0.925726	0.412159	0.918342
0.161658	0.093333	0.529647
0.184752	0.106667	0.529647
0.207846	0.120000	0.645410
0.230940	0.133333	0.730167
0.254034	0.146667	0.792135
0.277128	0.160000	0.835811
0.300222	0.173333	0.863873
0.323316	0.186667	0.878300
0.346410	0.200000	0.881028
0.369504	0.213333	0.874258
0.392598	0.226666	0.860470
0.415692	0.240000	0.842236
0.438786	0.253333	0.821935
0.461880	0.266666	0.801560
0.484974	0.280000	0.782639
0.508068	0.293333	0.766263
0.531162	0.306666	0.753150
0.554256	0.320000	0.743739
0.577350	0.333333	0.738262
0.600444	0.346666	0.736814
0.623538	0.360000	0.739397
0.646632	0.373333	0.745960
0.669726	0.386666	0.756420
0.692820	0.400000	0.770679
0.715915	0.413333	0.788633
0.739009	0.426666	0.810182
0.762103	0.440000	0.835229
0.785197	0.453333	0.863684
0.808291	0.466666	0.895461
0.831385	0.480000	0.930482
0.854479	0.493333	0.968668
0.877573	0.506666	0.968668
0.151017	0.109720	0.635418
0.172590	0.125394	0.635418
0.194164	0.141068	0.758754
0.215738	0.156743	0.849630
0.237312	0.172417	0.917053
0.258886	0.188091	0.965046
0.280459	0.203765	0.995388
0.302033	0.219440	1.009193
0.323607	0.235114	1.007900
0.345181	0.250788	0.993821
0.366755	0.266462	0.970201
0.388328	0.282137	0.940782
0.409902	0.297811	0.909088
0.431476	0.313485	0.877959
0.453050	0.329160	0.849427
0.474623	0.344834	0.824797
0.496197	0.360508	0.804816
0.517771	0.376182	0.789841
0.539345	0.391857	0.779977
0.560919	0.407531	0.775174
0.582492	0.423205	0.775298
0.604066	0.438879	0.780179
0.625640	0.454554	0.789632
0.647214	0.470228	0.803477
0.668788	0.485902	0.821549
0.690361	0.501576	0.843698
0.711935	0.517251	0.869795
0.733509	0.532925	0.899728
0.755083	0.548599	0.933401
0.776657	0.564273	0.970732
0.798230	0.579948	1.011650
0.819804	0.595622	1.011650
0.138720	0.124904	0.768343
0.158538	0.142748	0.768343
0.178355	0.160591	0.891246
0.198172	0.178435	0.985259
0.217989	0.196278	1.058284
0.237806	0.214122	1.112426
0.257624	0.231965	1.147293
0.277441	0.249809	1.161924
0.297258	0.267652	1.156241
0.317075	0.285496	1.132186
0.336893	0.303339	1.094180
0.356710	0.321182	1.048293
0.376527	0.339026	1.000224
0.396344	0.356869	0.954214
0.416161	0.374713	0.912936
0.435979	0.392556	0.877821
0.455796	0.410400	0.849463
0.475613	0.428243	0.827950
0.495430	0.446087	0.813095
0.515247	0.463930	0.804581
0.535065	0.481774	0.802048
0.554882	0.499617	0.805139
0.574699	0.517461	0.813527
0.594516	0.535304	0.826922
0.614333	0.553148	0.845078
0.634151	0.570991	0.867789
0.653968	0.588835	0.894889
0.673785	0.606678	0.926246
0.693602	0.624521	0.961760
0.713419	0.642365	1.001355
0.733237	0.660208	1.044981
0.753054	0.678052	1.044981
0.124904	0.138720	0.926836
0.142748	0.158537	0.926836
0.160591	0.178355	1.039358
0.178435	0.198172	1.133970
0.196278	0.217989	1.214516
0.214122	0.237806	1.279340
0.231965	0.257623	1.324232
0.249809	0.277441	1.344208
0.267652	0.297258	1.335465
0.285496	0.317075	1.297943
0.303339	0.336892	1.237696
0.321183	0.356709	1.166330
0.339026	0.376526	1.094071
0.356870	0.396344	1.027397
0.374713	0.416161	0.969535
0.392557	0.435978	0.921607
0.410400	0.455795	0.883589
0.428244	0.475612	0.854923
0.446087	0.495430	0.834858
0.463931	0.515247	0.822626
0.481774	0.535064	0.817525
0.499618	0.554881	0.818943
0.517461	0.574698	0.826363
0.535305	0.594515	0.839365
0.553148	0.614333	0.857607
0.570992	0.634150	0.880823
0.588835	0.653967	0.908806
0.606679	0.673784	0.941409
0.624522	0.693601	0.978531
0.642366	0.713419	1.020112
0.660209	0.733236	1.066135
0.678053	0.753053	1.066135
0.109720	0.151016	1.100334
0.125394	0.172590	1.100334
0.141069	0.194164	1.193272
0.156743	0.215738	1.288068
0.172417	0.237312	1.381101
0.188091	0.258885	1.465438
0.203766	0.280459	1.531647
0.219440	0.302033	1.568100
0.235114	0.323607	1.562648
0.250789	0.345180	1.507568
0.266463	0.366754	1.408985
0.282137	0.388328	1.295114
0.297812	0.409902	1.186069
0.313486	0.431475	1.091067
0.329160	0.453049	1.012651
0.344834	0.474623	0.950263
0.360509	0.496197	0.902238
0.376183	0.517771	0.866715
0.391857	0.539344	0.841998
0.407532	0.560918	0.826663
0.423206	0.582492	0.819553
0.438880	0.604066	0.819750
0.454554	0.625639	0.826531
0.470229	0.647213	0.839333
0.485903	0.668787	0.857724
0.501577	0.690361	0.881375
0.517252	0.711935	0.910048
0.532926	0.733508	0.943578
0.548600	0.755082	0.981867
0.564274	0.776656	1.024875
0.579949	0.798230	1.072619
0.595623	0.819803	1.072619
0.093333	0.161658	1.265723
0.106667	0.184752	1.265723
0.120000	0.207846	1.335443
0.133334	0.230940	1.434023
0.146667	0.254034	1.548246
0.160000	0.277128	1.666247
0.173334	0.300222	1.774018
0.186667	0.323316	1.851718
0.200000	0.346410	1.871096
0.213334	0.369504	1.798676
0.226667	0.392598	1.619704
0.240000	0.415692	1.428133
0.253334	0.438786	1.263005
0.266667	0.461880	1.131760
0.280000	0.484974	1.030995
0.293334	0.508068	0.955094
0.306667	0.531162	0.898970
0.320000	0.554256	0.858631
0.333334	0.577350	0.831095
0.346667	0.600444	0.814166
0.360001	0.623538	0.806225
0.373334	0.646632	0.806072
0.386667	0.669726	0.812808
0.400001	0.692820	0.825764
0.413334	0.715914	0.844437
0.426667	0.739008	0.868456
0.440001	0.762102	0.897559
0.453334	0.785196	0.931568
0.466667	0.808290	0.970384
0.480001	0.831384	1.013979
0.493334	0.854478	1.062391
0.506667	0.877572	1.062391
0.075924	0.170528	1.387527
0.086771	0.194890	1.387527
0.097617	0.219251	1.441555
0.108463	0.243612	1.552358
0.119310	0.267973	1.698738
0.130156	0.292334	1.867885
0.141002	0.316696	2.047346
0.151849	0.341057	2.215469
0.162695	0.365418	2.326367
0.173541	0.389779	2.281818
0.184388	0.414140	1.873446
0.195234	0.438502	1.531964
0.206080	0.462863	1.290653
0.216927	0.487224	1.123883
0.227773	0.511585	1.007440
0.238619	0.535946	0.925154
0.249466	0.560308	0.866913
0.260312	0.584669	0.826369
0.271158	0.609030	0.799442
0.282005	0.633391	0.783417
0.292851	0.657752	0.776431
0.303697	0.682114	0.777168
0.314544	0.706475	0.784679
0.325390	0.730836	0.798265
0.336236	0.755197	0.817410
0.347083	0.779558	0.841736
0.357929	0.803920	0.870969
0.368775	0.828281	0.904926
0.379622	0.852642	0.943496
0.390468	0.877003	0.986642
0.401314	0.901364	1.034392
0.412161	0.925726	1.034392
0.057683	0.177530	1.428063
0.065924	0.202892	1.428063
0.074164	0.228253	1.485626
0.082405	0.253615	1.619980
0.090645	0.278976	1.806429
0.098886	0.304338	2.038177
0.107126	0.329699	2.317661
0.115367	0.355061	2.648094
0.123607	0.380422	3.021772
0.131848	0.405784	3.397983
0.140088	0.431145	2.049133
0.148329	0.456507	1.480354
0.156569	0.481868	1.194834
0.164810	0.507230	1.029306
0.173050	0.532591	0.923348
0.181291	0.557953	0.851607
0.189531	0.583314	0.802044
0.197772	0.608676	0.768261
0.206012	0.634037	0.746516
0.214252	0.659399	0.734447
0.222493	0.684760	0.730464
0.230733	0.710122	0.733455
0.238974	0.735483	0.742608
0.247214	0.760845	0.757318
0.255455	0.786206	0.777131
0.263695	0.811568	0.801698
0.271936	0.836929	0.830761
0.280176	0.862291	0.864129
0.288417	0.887652	0.901672
0.296657	0.913014	0.943314
0.304898	0.938375	0.989033
0.313138	0.963737	0.989033
0.038810	0.182588	1.428063
0.044355	0.208671	1.428063
0.049899	0.234755	1.485626
0.055443	0.260839	1.619980
0.060988	0.286923	1.806429
0.066532	0.313007	2.038177
0.072076	0.339091	2.317661
0.077621	0.365175	2.648094
0.083165	0.391259	3.021772
0.088709	0.417343	0.942478
0.094254	0.443427	0.942478
0.099798	0.469511	0.944934
0.105342	0.495595	0.888987
0.110887	0.521679	0.829204
0.116431	0.547763	0.778356
0.121976	0.573846	0.738421
0.127520	0.599930	0.708722
0.133064	0.626014	0.688089
0.138609	0.652098	0.675417
0.144153	0.678182	0.669776
0.149697	0.704266	0.670407
0.155242	0.730350	0.676694
0.160786	0.756434	0.688137
0.166330	0.782518	0.704327
0.171875	0.808602	0.724925
0.177419	0.834686	0.749654
0.182963	0.860770	0.778280
0.188508	0.886854	0.810613
0.194052	0.912938	0.846493
0.199596	0.939021	0.885787
0.205141	0.965105	0.928389
0.210685	0.991189	0.928389
0.019512	0.185644	0.000000
0.022300	0.212165	0.000000
0.025087	0.238685	0.000000
0.027875	0.265206	0.000000
0.030662	0.291726	0.000000
0.033450	0.318247	0.000000
0.036237	0.344768	0.000000
0.039024	0.371288	0.000000
0.041812	0.397809	0.000000
0.044599	0.424329	0.320422
0.047387	0.450850	0.320422
0.050174	0.477370	0.528986
0.052962	0.503891	0.603100
0.055749	0.530412	0.622148
0.058537	0.556932	0.619910
0.061324	0.583453	0.611013
0.064112	0.609973	0.601887
0.066899	0.636494	0.595354
0.069686	0.663015	0.592602
0.072474	0.689535	0.594058
0.075261	0.716056	0.599793
0.078049	0.742576	0.609715
0.080836	0.769097	0.623653
0.083624	0.795617	0.641410
0.086411	0.822138	0.662780
0.089199	0.848659	0.687562
0.091986	0.875179	0.715556
0.094774	0.901700	0.746572
0.097561	0.928220	0.780421
0.100349	0.954741	0.816913
0.103136	0.981261	0.855853
0.105923	1.007782	0.855853
0.000000	0.186667	0.000000
0.000000	0.213333	0.000000
0.000000	0.240000	0.000000
0.000000	0.266667	0.000000
0.000000	0.293333	0.000000
0.000000	0.320000	0.000000
0.000000	0.346667	0.000000
0.000000	0.373333	0.000000
0.000001	0.400000	0.000000
0.000001	0.426667	0.233567
0.000001	0.453333	0.233567
0.000001	0.480000	0.355978
0.000001	0.506667	0.427285
0.000001	0.533333	0.464544
0.000001	0.560000	0.482571
0.000001	0.586667	0.491005
0.000001	0.613333	0.495581
0.000001	0.640000	0.499576
0.000001	0.666667	0.504819
0.000001	0.693333	0.512299
0.000001	0.720000	0.522515
0.000001	0.746667	0.535686
0.000001	0.773333	0.551865
0.000001	0.800000	0.571004
0.000001	0.826667	0.592999
0.000001	0.853333	0.617708
0.000001	0.880000	0.644961
0.000001	0.906667	0.674569
0.000001	0.933333	0.706324
0.000001	0.960000	0.739995
0.000001	0.986667	0.775325
0.000001	1.013333	0.775325
-0.019512	0.185644	0.000000
-0.022299	0.212165	0.000000
-0.025086	0.238685	0.000000
-0.027874	0.265206	0.000000
-0.030661	0.291726	0.000000
-0.033449	0.318247	0.000000
-0.036236	0.344768	0.000000
-0.039023	0.371288	0.000000
-0.041811	0.397809	0.000000
-0.044598	0.424329	0.213100
-0.047386	0.450850	0.213100
-0.050173	0.477371	0.272132
-0.052960	0.503891	0.317889
-0.055748	0.530412	0.349487
-0.058535	0.556932	0.370547
-0.061323	0.583453	0.385068
-0.064110	0.609974	0.396228
-0.066897	0.636494	0.406260
-0.069685	0.663015	0.416641
-0.072472	0.689535	0.428297
-0.075259	0.716056	0.441781
-0.078047	0.742576	0.457394
-0.080834	0.769097	0.475271
-0.083622	0.795618	0.495434
-0.086409	0.822138	0.517829
-0.089196	0.848659	0.542346
-0.091984	0.875179	0.568835
-0.094771	0.901700	0.597113
-0.097559	0.928221	0.626964
-0.100346	0.954741	0.658140
-0.103133	0.981262	0.690361
-0.105921	1.007782	0.690361
-0.038810	0.182588	0.000000
-0.044354	0.208672	0.000000
-0.049898	0.234755	0.000000
-0.055443	0.260839	0.000000
-0.060987	0.286923	0.000000
-0.066531	0.313007	0.000000
-0.072076	0.339091	0.000000
-0.077620	0.365175	0.000000
-0.083164	0.391259	0.000000
-0.088708	0.417343	0.183339
-0.094253	0.443427	0.183339
-0.099797	0.469511	0.210314
-0.105341	0.495595	0.236398
-0.110885	0.521679	0.258436
-0.116430	0.547763	0.276344
-0.121974	0.573847	0.291228
-0.127518	0.599931	0.304422
-0.133063	0.626015	0.317096
-0.138607	0.652099	0.330148
-0.144151	0.678183	0.344213
-0.149695	0.704266	0.359707
-0.155240	0.730350	0.376876
-0.160784	0.756434	0.395839
-0.166328	0.782518	0.416623
-0.171872	0.808602	0.439184
-0.177417	0.834686	0.463422
-0.182961	0.860770	0.489197
-0.188505	0.886854	0.516333
-0.194050	0.912938	0.544618
-0.199594	0.939022	0.573813
-0.205138	0.965106	0.603645
-0.210682	0.991190	0.603645
-0.057683	0.177531	0.000000
-0.065923	0.202892	0.000000
-0.074164	0.228254	0.000000
-0.082404	0.253615	0.000000
-0.090645	0.278977	0.000000
-0.098885	0.304338	0.000000
-0.107125	0.329700	0.000000
-0.115366	0.355061	0.000000
-0.123606	0.380423	0.000000
-0.131847	0.405784	0.137927
-0.140087	0.431146	0.137927
-0.148327	0.456507	0.149698
-0.156568	0.481869	0.163938
-0.164808	0.507230	0.178355
-0.173049	0.532592	0.192147
-0.181289	0.557953	0.205352
-0.189529	0.583315	0.218371
-0.197770	0.608676	0.231694
-0.206010	0.634038	0.245765
-0.214251	0.659400	0.260930
-0.222491	0.684761	0.277429
-0.230732	0.710123	0.295407
-0.238972	0.735484	0.314926
-0.247212	0.760846	0.335983
-0.255453	0.786207	0.358518
-0.263693	0.811569	0.382433
-0.271934	0.836930	0.407588
-0.280174	0.862292	0.433817
-0.288414	0.887653	0.460923
-0.296655	0.913015	0.488687
-0.304895	0.938376	0.516864
-0.313136	0.963738	0.516864
-0.075924	0.170529	0.000000
-0.086770	0.194890	0.000000
-0.097616	0.219251	0.000000
-0.108463	0.243612	0.000000
-0.119309	0.267974	0.000000
-0.130155	0.292335	0.000000
-0.141002	0.316696	0.000000
-0.151848	0.341057	0.000000
-0.162694	0.365418	0.000000
-0.173540	0.389780	0.080553
-0.184387	0.414141	0.080553
-0.195233	0.438502	0.085290
-0.206079	0.462863	0.092984
-0.216925	0.487225	0.102360
-0.227772	0.511586	0.112755
-0.238618	0.535947	0.123953
-0.249464	0.560308	0.135985
-0.260310	0.584670	0.148997
-0.271157	0.609031	0.163154
-0.282003	0.633392	0.178597
-0.292849	0.657753	0.195424
-0.303696	0.682114	0.213680
-0.314542	0.706476	0.233367
-0.325388	0.730837	0.254441
-0.336234	0.755198	0.276824
-0.347081	0.779559	0.300407
-0.357927	0.803921	0.325054
-0.368773	0.828282	0.350608
-0.379619	0.852643	0.376892
-0.390466	0.877004	0.403710
-0.401312	0.901366	0.430856
-0.412158	0.925727	0.430856
-0.093333	0.161658	0.000000
-0.106666	0.184752	0.000000
-0.120000	0.207846	0.000000
-0.133333	0.230940	0.000000
-0.146666	0.254034	0.000000
-0.160000	0.277128	0.000000
-0.173333	0.300222	0.000000
-0.186666	0.323316	0.000000
-0.199999	0.346411	0.000000
-0.213333	0.369505	0.015184
-0.226666	0.392599	0.015184
-0.239999	0.415693	0.016845
-0.253333	0.438787	0.021085
-0.266666	0.461881	0.027359
-0.279999	0.484975	0.035311
-0.293332	0.508069	0.044761
-0.306666	0.531163	0.055649
-0.319999	0.554257	0.067977
-0.333332	0.577351	0.081769
-0.346666	0.600445	0.097043
-0.359999	0.623539	0.113796
-0.373332	0.646633	0.132004
-0.386665	0.669727	0.151612
-0.399999	0.692821	0.172546
-0.413332	0.715915	0.194705
-0.426665	0.739009	0.217974
-0.439999	0.762103	0.242219
-0.453332	0.785197	0.267293
-0.466665	0.808291	0.293038
-0.479999	0.831385	0.319286
-0.493332	0.854479	0.345863
-0.506665	0.877573	0.345863
-0.109720	0.151017	0.000000
-0.125394	0.172591	0.000000
-0.141068	0.194164	0.000000
-0.156742	0.215738	0.000000
-0.172417	0.237312	0.000000
-0.188091	0.258886	0.000000
-0.203765	0.280460	0.000000
-0.219439	0.302033	0.000000
-0.235113	0.323607	0.000000
-0.250788	0.345181	-0.055081
-0.266462	0.366755	-0.055081
-0.282136	0.388329	-0.054595
-0.297810	0.409902	-0.052150
-0.313485	0.431476	-0.047781
-0.329159	0.453050	-0.041549
-0.344833	0.474624	-0.033505
-0.360507	0.496198	-0.023690
-0.376182	0.517772	-0.012139
-0.391856	0.539345	0.001109
-0.407530	0.560919	0.016004
-0.423204	0.582493	0.032483
-0.438879	0.604067	0.050467
-0.454553	0.625641	0.069866
-0.470227	0.647214	0.090575
-0.485901	0.668788	0.112481
-0.501575	0.690362	0.135462
-0.517250	0.711936	0.159387
-0.532924	0.733510	0.184120
-0.548598	0.755084	0.209523
-0.564272	0.776657	0.235451
-0.579947	0.798231	0.261761
-0.595621	0.819805	0.261761
-0.124904	0.138721	0.000000
-0.142748	0.158538	0.000000
-0.160591	0.178355	0.000000
-0.178434	0.198172	0.000000
-0.196278	0.217990	0.000000
-0.214121	0.237807	0.000000
-0.231965	0.257624	0.000000
-0.249808	0.277441	0.000000
-0.267652	0.297258	0.000000
-0.285495	0.317076	-0.127815
-0.303339	0.336893	-0.127815
-0.321182	0.356710	-0.127709
-0.339025	0.376527	-0.126319
-0.356869	0.396345	-0.123277
-0.374712	0.416162	-0.118374
-0.392556	0.435979	-0.111513
-0.410399	0.455796	-0.102673
-0.428243	0.475614	-0.091888
-0.446086	0.495431	-0.079224
-0.463930	0.515248	-0.064773
-0.481773	0.535065	-0.048643
-0.499616	0.554882	-0.030948
-0.517460	0.574700	-0.011810
-0.535303	0.594517	0.008644
-0.553147	0.614334	0.030291
-0.570990	0.634151	0.053004
-0.588834	0.653969	0.076658
-0.606677	0.673786	0.101128
-0.624521	0.693603	0.126294
-0.642364	0.713420	0.152034
-0.660207	0.733238	0.178232
-0.678051	0.753055	0.178232
-0.138720	0.124905	0.000000
-0.158537	0.142748	0.000000
-0.178354	0.160592	0.000000
-0.198172	0.178435	0.000000
-0.217989	0.196279	0.000000
-0.237806	0.214122	0.000000
-0.257623	0.231966	0.000000
-0.277440	0.249809	0.000000
-0.297257	0.267653	0.000000
-0.317075	0.285496	-0.200933
-0.336892	0.303340	-0.200933
-0.356709	0.321183	-0.201156
-0.376526	0.339027	-0.200765
-0.396343	0.356870	-0.198991
-0.416160	0.374714	-0.195361
-0.435977	0.392558	-0.189631
-0.455795	0.410401	-0.181721
-0.475612	0.428245	-0.171661
-0.495429	0.446088	-0.159550
-0.515246	0.463932	-0.145518
-0.535063	0.481775	-0.129716
-0.554880	0.499619	-0.112297
-0.574698	0.517462	-0.093413
-0.594515	0.535306	-0.073206
-0.614332	0.553149	-0.051813
-0.634149	0.570993	-0.029362
-0.653966	0.588836	-0.005971
-0.673783	0.606680	0.018249
-0.693601	0.624523	0.043193
-0.713418	0.642367	0.068766
-0.733235	0.660210	0.094875
-0.753052	0.678054	0.094875
-0.151016	0.109720	0.000000
-0.172590	0.125395	0.000000
-0.194164	0.141069	0.000000
-0.215738	0.156743	0.000000
-0.237311	0.172418	0.000000
-0.258885	0.188092	0.000000
-0.280459	0.203766	0.000000
-0.302033	0.219440	0.000000
-0.323606	0.235115	0.000000
-0.345180	0.250789	-0.272375
-0.366754	0.266463	-0.272375
-0.388328	0.282138	-0.273602
-0.409901	0.297812	-0.274826
-0.431475	0.313486	-0.274778
-0.453049	0.329161	-0.272696
-0.474623	0.344835	-0.268213
-0.496196	0.360509	-0.261234
-0.517770	0.376184	-0.251831
-0.539344	0.391858	-0.240165
-0.560918	0.407532	-0.226438
-0.582491	0.423207	-0.210858
-0.604065	0.438881	-0.193627
-0.625639	0.454555	-0.174930
-0.647213	0.470230	-0.154932
-0.668786	0.485904	-0.133781
-0.690360	0.501578	-0.111603
-0.711934	0.517253	-0.088510
-0.733508	0.532927	-0.064598
-0.755081	0.548601	-0.039950
-0.776655	0.564275	-0.014638
-0.798229	0.579950	0.011278
-0.819803	0.595624	0.011278
-0.161658	0.093334	0.000000
-0.184752	0.106667	0.000000
-0.207846	0.120000	0.000000
-0.230940	0.133334	0.000000
-0.254034	0.146667	0.000000
-0.277128	0.160001	0.000000
-0.300222	0.173334	0.000000
-0.323316	0.186667	0.000000
-0.346410	0.200001	0.000000
-0.369504	0.213334	-0.339779
-0.392598	0.226668	-0.339779
-0.415692	0.240001	-0.343751
-0.438786	0.253334	-0.348094
-0.461880	0.266668	-0.350821
-0.484974	0.280001	-0.350874
-0.508068	0.293334	-0.347858
-0.531162	0.306668	-0.341780
-0.554256	0.320001	-0.332859
-0.577350	0.333335	-0.321401
-0.600444	0.346668	-0.307729
-0.623537	0.360001	-0.292145
-0.646631	0.373335	-0.274919
-0.669725	0.386668	-0.256278
-0.692819	0.400002	-0.236413
-0.715913	0.413335	-0.215481
-0.739007	0.426668	-0.193607
-0.762101	0.440002	-0.170893
-0.785195	0.453335	-0.147417
-0.808289	0.466668	-0.123237
-0.831383	0.480002	-0.098396
-0.854477	0.493335	-0.072921
-0.877571	0.506669	-0.072921
-0.170528	0.075925	0.000000
-0.194889	0.086771	0.000000
-0.219251	0.097617	0.000000
-0.243612	0.108464	0.000000
-0.267973	0.119310	0.000000
-0.292334	0.130156	0.000000
-0.316695	0.141003	0.000000
-0.341057	0.151849	0.000000
-0.365418	0.162695	0.000000
-0.389779	0.173542	-0.400133
-0.414140	0.184388	-0.400133
-0.438501	0.195235	-0.410572
-0.462863	0.206081	-0.420911
-0.487224	0.216927	-0.428162
-0.511585	0.227774	-0.431138
-0.535946	0.238620	-0.429712
-0.560307	0.249466	-0.424271
-0.584668	0.260313	-0.415384
-0.609030	0.271159	-0.403636
-0.633391	0.282006	-0.389548
-0.657752	0.292852	-0.373561
-0.682113	0.303698	-0.356025
-0.706474	0.314545	-0.337221
-0.730836	0.325391	-0.317361
-0.755197	0.336237	-0.296608
-0.779558	0.347084	-0.275084
-0.803919	0.357930	-0.252874
-0.828280	0.368776	-0.230033
-0.852642	0.379623	-0.206595
-0.877003	0.390469	-0.182567
-0.901364	0.401316	-0.157938
-0.925725	0.412162	-0.157938
-0.177530	0.057684	0.000000
-0.202892	0.065924	0.000000
-0.228253	0.074165	0.000000
-0.253615	0.082405	0.000000
-0.278976	0.090646	0.000000
-0.304338	0.098886	0.000000
-0.329699	0.107127	0.000000
-0.355061	0.115367	0.000000
-0.380422	0.123608	0.000000
-0.405784	0.131848	-0.449547
-0.431145	0.140089	-0.449547
-0.456507	0.148329	-0.474258
-0.481868	0.156570	-0.495586
-0.507230	0.164810	-0.509690
-0.532591	0.173051	-0.516110
-0.557953	0.181291	-0.515800
-0.583314	0.189532	-0.510084
-0.608676	0.197772	-0.500215
-0.634037	0.206013	-0.487226
-0.659399	0.214253	-0.471915
-0.684760	0.222494	-0.454880
-0.710122	0.230734	-0.436558
-0.735483	0.238975	-0.417264
-0.760845	0.247215	-0.397223
-0.786206	0.255456	-0.376588
-0.811568	0.263696	-0.355466
-0.836929	0.271937	-0.333920
-0.862291	0.280177	-0.311981
-0.887652	0.288418	-0.289652
-0.913014	0.296658	-0.266910
-0.938375	0.304899	-0.243706
-0.963737	0.313140	-0.243706
-0.182587	0.038811	0.000000
-0.208671	0.044355	0.000000
-0.234755	0.049899	0.000000
-0.260839	0.055444	0.000000
-0.286923	0.060988	0.000000
-0.313007	0.066533	0.000000
-0.339091	0.072077	0.000000
-0.365175	0.077621	0.000000
-0.391259	0.083166	0.000000
-0.417343	0.088710	-0.484323
-0.443427	0.094254	-0.484323
-0.469511	0.099799	-0.539569
-0.495595	0.105343	-0.579282
-0.521678	0.110888	-0.601868
-0.547762	0.116432	-0.610560
-0.573846	0.121976	-0.609197
-0.599930	0.127521	-0.600942
-0.626014	0.133065	-0.588099
-0.652098	0.138609	-0.572256
-0.678182	0.144154	-0.554482
-0.704266	0.149698	-0.535487
-0.730350	0.155243	-0.515735
-0.756434	0.160787	-0.495531
-0.782518	0.166331	-0.475070
-0.808602	0.171876	-0.454473
-0.834686	0.177420	-0.433809
-0.860769	0.182964	-0.413112
-0.886853	0.188509	-0.392383
-0.912937	0.194053	-0.371600
-0.939021	0.199598	-0.350715
-0.965105	0.205142	-0.329655
-0.991189	0.210686	-0.329655
-0.185644	0.019512	0.000000
-0.212165	0.022300	0.000000
-0.238685	0.025087	0.000000
-0.265206	0.027875	0.000000
-0.291726	0.030662	0.000000
-0.318247	0.033450	0.000000
-0.344767	0.036237	0.000000
-0.371288	0.039025	0.000000
-0.397809	0.041812	0.000000
-0.424329	0.044600	-0.510514
-0.450850	0.047387	-0.510514
-0.477370	0.050175	-0.626618
-0.503891	0.052962	-0.690034
-0.530412	0.055750	-0.716911
-0.556932	0.058537	-0.721566
-0.583453	0.061325	-0.713417
-0.609973	0.064112	-0.698135
-0.636494	0.066900	-0.679029
-0.663014	0.069687	-0.658003
-0.689535	0.072475	-0.636152
-0.716056	0.075262	-0.614099
-0.742576	0.078050	-0.592195
-0.769097	0.080837	-0.570633
-0.795617	0.083625	-0.549510
-0.822138	0.086412	-0.528870
-0.848658	0.089200	-0.508723
-0.875179	0.091987	-0.489057
-0.901700	0.094775	-0.469846
-0.928220	0.097562	-0.451049
-0.954741	0.100350	-0.432612
-0.981261	0.103137	-0.414461
-1.007782	0.105925	-0.414461
-0.186667	0.000000	0.000000
-0.213333	0.000001	0.000000
-0.240000	0.000001	0.000000
-0.266667	0.000001	0.000000
-0.293333	0.000001	0.000000
-0.320000	0.000001	0.000000
-0.346667	0.000001	0.000000
-0.373333	0.000001	0.000000
-0.400000	0.000001	0.000000
-0.426667	0.000001	-0.602200
-0.453333	0.000001	-0.602200
-0.480000	0.000001	-0.800487
-0.506667	0.000001	-0.864536
-0.533333	0.000001	-0.871915
-0.560000	0.000001	-0.855534
-0.586667	0.000002	-0.829635
-0.613333	0.000002	-0.800499
-0.640000	0.000002	-0.770920
-0.666667	0.000002	-0.742118
-0.693333	0.000002	-0.714592
-0.720000	0.000002	-0.688503
-0.746667	0.000002	-0.663860
-0.773333	0.000002	-0.640605
-0.800000	0.000002	-0.618659
-0.826667	0.000002	-0.597941
-0.853333	0.000002	-0.578373
-0.880000	0.000002	-0.559891
-0.906667	0.000002	-0.542441
-0.933333	0.000002	-0.525975
-0.960000	0.000003	-0.510453
-0.986667	0.000003	-0.495837
-1.013333	0.000003	-0.495837
-0.185644	-0.019511	-1.624938
-0.212165	-0.022299	-1.624938
-0.238685	-0.025086	-1.680496
-0.265206	-0.027874	-1.812976
-0.291727	-0.030661	-1.998157
-0.318247	-0.033448	-2.229370
-0.344768	-0.036236	-2.509263
-0.371288	-0.039023	-2.841555
-0.397809	-0.041810	-3.219684
-0.424329	-0.044598	0.000000
-0.450850	-0.047385	-1.220387
-0.477371	-0.050172	-1.209526
-0.503891	-0.052960	-1.143157
-0.530412	-0.055747	-1.071842
-0.556932	-0.058534	-1.007107
-0.583453	-0.061322	-0.950506
-0.609974	-0.064109	-0.901219
-0.636494	-0.066896	-0.858051
-0.663015	-0.069684	-0.819926
-0.689535	-0.072471	-0.785969
-0.716056	-0.075259	-0.755496
-0.742577	-0.078046	-0.727977
-0.769097	-0.080833	-0.703003
-0.795618	-0.083621	-0.680263
-0.822138	-0.086408	-0.659522
-0.848659	-0.089195	-0.640606
-0.875180	-0.091983	-0.623395
-0.901700	-0.094770	-0.607809
-0.928221	-0.097557	-0.593807
-0.954741	-0.100345	-0.581381
-0.981262	-0.103132	-0.570552
-1.007782	-0.105919	-0.570552
-0.182588	-0.038810	-1.624938
-0.208672	-0.044354	-1.624938
-0.234756	-0.049898	-1.680496
-0.260840	-0.055442	-1.812976
-0.286923	-0.060987	-1.998157
-0.313007	-0.066531	-2.229370
-0.339091	-0.072075	-2.509263
-0.365175	-0.077619	-2.841555
-0.391259	-0.083164	-3.219684
-0.417343	-0.088708	-3.605691
-0.443427	-0.094252	-2.285119
-0.469511	-0.099796	-1.722125
-0.495595	-0.105341	-1.433406
-0.521679	-0.110885	-1.259637
-0.547763	-0.116429	-1.141645
-0.573847	-0.121973	-1.054526
-0.599931	-0.127517	-0.986441
-0.626015	-0.133062	-0.931106
-0.652099	-0.138606	-0.884870
-0.678183	-0.144150	-0.845450
-0.704267	-0.149694	-0.811341
-0.730351	-0.155239	-0.781509
-0.756435	-0.160783	-0.755226
-0.782519	-0.166327	-0.731974
-0.808603	-0.171871	-0.711384
-0.834686	-0.177416	-0.693199
-0.860770	-0.182960	-0.677250
-0.886854	-0.188504	-0.663442
-0.912938	-0.194048	-0.651742
-0.939022	-0.199593	-0.642175
-0.965106	-0.205137	-0.634824
-0.991190	-0.210681	-0.634824
-0.177531	-0.057683	-1.586212
-0.202892	-0.065923	-1.586212
-0.228254	-0.074163	-1.638285
-0.253615	-0.082404	-1.747658
-0.278977	-0.090644	-1.893302
-0.304338	-0.098885	-2.062548
-0.329700	-0.107125	-2.243172
-0.355061	-0.115365	-2.413927
-0.380423	-0.123606	-2.529532
-0.405784	-0.131846	-2.492413
-0.431146	-0.140086	-2.094230
-0.456508	-0.148327	-1.756938
-0.481869	-0.156567	-1.513987
-0.507231	-0.164808	-1.340802
-0.532592	-0.173048	-1.213932
-0.557954	-0.181288	-1.117665
-0.583315	-0.189529	-1.042161
-0.608677	-0.197769	-0.981254
-0.634038	-0.206009	-0.930990
-0.659400	-0.214250	-0.888757
-0.684761	-0.222490	-0.852782
-0.710123	-0.230731	-0.821831
-0.735484	-0.238971	-0.795033
-0.760846	-0.247211	-0.771764
-0.786207	-0.255452	-0.751587
-0.811569	-0.263692	-0.734196
-0.836931	-0.271933	-0.719396
-0.862292	-0.280173	-0.707079
-0.887654	-0.288413	-0.697216
-0.913015	-0.296654	-0.689851
-0.938377	-0.304894	-0.685100
-0.963738	-0.313134	-0.685100
-0.170529	-0.075924	-1.466201
-0.194890	-0.086770	-1.466201
-0.219251	-0.097616	-1.533719
-0.243612	-0.108462	-1.631016
-0.267974	-0.119309	-1.744737
-0.292335	-0.130155	-1.863030
-0.316696	-0.141001	-1.971988
-0.341057	-0.151847	-2.051911
-0.365419	-0.162694	-2.074624
-0.389780	-0.173540	-2.006423
-0.414141	-0.184386	-1.831539
-0.438502	-0.195232	-1.641332
-0.462864	-0.206079	-1.473916
-0.487225	-0.216925	-1.336643
-0.511586	-0.227771	-1.226272
-0.535947	-0.238617	-1.137390
-0.560309	-0.249463	-1.065083
-0.584670	-0.260310	-1.005500
-0.609031	-0.271156	-0.955775
-0.633392	-0.282002	-0.913807
-0.657754	-0.292848	-0.878059
-0.682115	-0.303695	-0.847407
-0.706476	-0.314541	-0.821024
-0.730837	-0.325387	-0.798303
-0.755199	-0.336233	-0.778808
-0.779560	-0.347080	-0.762229
-0.803921	-0.357926	-0.748364
-0.828282	-0.368772	-0.737100
-0.852644	-0.379618	-0.728398
-0.877005	-0.390465	-0.722295
-0.901366	-0.401311	-0.718895
-0.925727	-0.412157	-0.718895
-0.161658	-0.093333	-1.301663
-0.184752	-0.106666	-1.301663
-0.207846	-0.119999	-1.392417
-0.230941	-0.133333	-1.486046
-0.254035	-0.146666	-1.578659
-0.277129	-0.159999	-1.663237
-0.300223	-0.173332	-1.730326
-0.323317	-0.186666	-1.768259
-0.346411	-0.199999	-1.764726
-0.369505	-0.213332	-1.711591
-0.392599	-0.226665	-1.614182
-0.415693	-0.239999	-1.499596
-0.438787	-0.253332	-1.387217
-0.461881	-0.266665	-1.285924
-0.484975	-0.279998	-1.198157
-0.508069	-0.293332	-1.123369
-0.531163	-0.306665	-1.059949
-0.554257	-0.319998	-1.006107
-0.577351	-0.333332	-0.960221
-0.600445	-0.346665	-0.920931
-0.623539	-0.359998	-0.887145
-0.646633	-0.373331	-0.858004
-0.669728	-0.386665	-0.832840
-0.692822	-0.399998	-0.811142
-0.715916	-0.413331	-0.792525
-0.739010	-0.426664	-0.776708
-0.762104	-0.439998	-0.763499
-0.785198	-0.453331	-0.752775
-0.808292	-0.466664	-0.744484
-0.831386	-0.479997	-0.738627
-0.854480	-0.493331	-0.735266
-0.877574	-0.506664	-0.735266
-0.151017	-0.109719	-1.127876
-0.172591	-0.125394	-1.127876
-0.194165	-0.141068	-1.238610
-0.215738	-0.156742	-1.332273
-0.237312	-0.172416	-1.412464
-0.258886	-0.188090	-1.477406
-0.280460	-0.203765	-1.522801
-0.302034	-0.219439	-1.543532
-0.323608	-0.235113	-1.535558
-0.345181	-0.250787	-1.498422
-0.366755	-0.266461	-1.437608
-0.388329	-0.282136	-1.364077
-0.409903	-0.297810	-1.287533
-0.431477	-0.313484	-1.214121
-0.453051	-0.329158	-1.146879
-0.474624	-0.344833	-1.086845
-0.496198	-0.360507	-1.033969
-0.517772	-0.376181	-0.987701
-0.539346	-0.391855	-0.947316
-0.560920	-0.407529	-0.912080
-0.582494	-0.423204	-0.881325
-0.604067	-0.438878	-0.854476
-0.625641	-0.454552	-0.831054
-0.647215	-0.470226	-0.810667
-0.668789	-0.485900	-0.793008
-0.690363	-0.501575	-0.777836
-0.711937	-0.517249	-0.764974
-0.733510	-0.532923	-0.754296
-0.755084	-0.548597	-0.745722
-0.776658	-0.564271	-0.739214
-0.798232	-0.579946	-0.734767
-0.819806	-0.595620	-0.734767
-0.138721	-0.124904	-0.968207
-0.158538	-0.142747	-0.968207
-0.178355	-0.160591	-1.089991
-0.198173	-0.178434	-1.183390
-0.217990	-0.196278	-1.256165
-0.237807	-0.214121	-1.310318
-0.257624	-0.231964	-1.345346
-0.277442	-0.249808	-1.360123
-0.297259	-0.267651	-1.354325
-0.317076	-0.285495	-1.329553
-0.336893	-0.303338	-1.289806
-0.356711	-0.321182	-1.240714
-0.376528	-0.339025	-1.187594
-0.396345	-0.356868	-1.134398
-0.416162	-0.374712	-1.083600
-0.435980	-0.392555	-1.036511
-0.455797	-0.410399	-0.993654
-0.475614	-0.428242	-0.955082
-0.495431	-0.446085	-0.920597
-0.515249	-0.463929	-0.889881
-0.535066	-0.481772	-0.862583
-0.554883	-0.499616	-0.838359
-0.574700	-0.517459	-0.816893
-0.594518	-0.535303	-0.797908
-0.614335	-0.553146	-0.781169
-0.634152	-0.570989	-0.766477
-0.653969	-0.588833	-0.753670
-0.673787	-0.606676	-0.742619
-0.693604	-0.624520	-0.733218
-0.713421	-0.642363	-0.725386
-0.733238	-0.660206	-0.719056
-0.753056	-0.678050	-0.719056
-0.124905	-0.138720	-0.833649
-0.142748	-0.158537	-0.833649
-0.160592	-0.178354	-0.956635
-0.178435	-0.198171	-1.047296
-0.196279	-0.217988	-1.114614
-0.214123	-0.237806	-1.162548
-0.231966	-0.257623	-1.192772
-0.249810	-0.277440	-1.206235
-0.267653	-0.297257	-1.204151
-0.285497	-0.317074	-1.188545
-0.303340	-0.336891	-1.162341
-0.321184	-0.356708	-1.128951
-0.339027	-0.376526	-1.091603
-0.356871	-0.396343	-1.052899
-0.374715	-0.416160	-1.014683
-0.392558	-0.435977	-0.978130
-0.410402	-0.455794	-0.943894
-0.428245	-0.475611	-0.912273
-0.446089	-0.495428	-0.883329
-0.463932	-0.515246	-0.856988
-0.481776	-0.535063	-0.833101
-0.499619	-0.554880	-0.811484
-0.517463	-0.574697	-0.791943
-0.535306	-0.594514	-0.774289
-0.553150	-0.614331	-0.758345
-0.570994	-0.634148	-0.743949
-0.588837	-0.653965	-0.730952
-0.606681	-0.673783	-0.719220
-0.624524	-0.693600	-0.708629
-0.642368	-0.713417	-0.699061
-0.660211	-0.733234	-0.690398
-0.678055	-0.753051	-0.690398
-0.109720	-0.151016	-0.726204
-0.125395	-0.172590	-0.726204
-0.141069	-0.194164	-0.842335
-0.156743	-0.215737	-0.927269
-0.172418	-0.237311	-0.989286
-0.188092	-0.258885	-1.032861
-0.203767	-0.280459	-1.060580
-0.219441	-0.302032	-1.074277
-0.235115	-0.323606	-1.075691
-0.250790	-0.345180	-1.066784
-0.266464	-0.366753	-1.049782
-0.282138	-0.388327	-1.026998
-0.297813	-0.409901	-1.000576
-0.313487	-0.431475	-0.972304
-0.329161	-0.453048	-0.943546
-0.344836	-0.474622	-0.915260
-0.360510	-0.496196	-0.888065
-0.376184	-0.517770	-0.862322
-0.391859	-0.539343	-0.838204
-0.407533	-0.560917	-0.815760
-0.423207	-0.582491	-0.794956
-0.438882	-0.604065	-0.775707
-0.454556	-0.625638	-0.757898
-0.470230	-0.647212	-0.741403
-0.485905	-0.668786	-0.726086
-0.501579	-0.690359	-0.711810
-0.517253	-0.711933	-0.698439
-0.532928	-0.733507	-0.685837
-0.548602	-0.755081	-0.673864
-0.564277	-0.776654	-0.662378
-0.579951	-0.798228	-0.651228
-0.595625	-0.819802	-0.651228
-0.093334	-0.161658	-0.642736
-0.106667	-0.184752	-0.642736
-0.120001	-0.207846	-0.746693
-0.133334	-0.230940	-0.823426
-0.146668	-0.254034	-0.879575
-0.160001	-0.277128	-0.919229
-0.173334	-0.300222	-0.945087
-0.186668	-0.323315	-0.959177
-0.200001	-0.346409	-0.963287
-0.213335	-0.369503	-0.959161
-0.226668	-0.392597	-0.948543
-0.240001	-0.415691	-0.933113
-0.253335	-0.438785	-0.914395
-0.266668	-0.461879	-0.893673
-0.280002	-0.484973	-0.871966
-0.293335	-0.508067	-0.850034
-0.306669	-0.531161	-0.828408
-0.320002	-0.554255	-0.807436
-0.333335	-0.577349	-0.787321
-0.346669	-0.600443	-0.768162
-0.360002	-0.623537	-0.749982
-0.373336	-0.646631	-0.732752
-0.386669	-0.669725	-0.716404
-0.400002	-0.692819	-0.700848
-0.413336	-0.715913	-0.685979
-0.426669	-0.739007	-0.671676
-0.440003	-0.762101	-0.657812
-0.453336	-0.785195	-0.644250
-0.466670	-0.808289	-0.630845
-0.480003	-0.831383	-0.617440
-0.493336	-0.854477	-0.603868
-0.506670	-0.877571	-0.603868
-0.075925	-0.170528	-0.577943
-0.086771	-0.194889	-0.577943
-0.097618	-0.219251	-0.667038
-0.108464	-0.243612	-0.734041
-0.119310	-0.267973	-0.783704
-0.130157	-0.292334	-0.819306
-0.141003	-0.316695	-0.843220
-0.151850	-0.341056	-0.857312
-0.162696	-0.365418	-0.863192
-0.173542	-0.389779	-0.862337
-0.184389	-0.414140	-0.856125
-0.195235	-0.438501	-0.845830
-0.206082	-0.462862	-0.832576
-0.216928	-0.487223	-0.817319
-0.227774	-0.511585	-0.800832
-0.238621	-0.535946	-0.783711
-0.249467	-0.560307	-0.766391
-0.260314	-0.584668	-0.749179
-0.271160	-0.609029	-0.732268
-0.282006	-0.633390	-0.715768
-0.292853	-0.657752	-0.699725
-0.303699	-0.682113	-0.684134
-0.314546	-0.706474	-0.668953
-0.325392	-0.730835	-0.654114
-0.336238	-0.755196	-0.639527
-0.347085	-0.779558	-0.625085
-0.357931	-0.803919	-0.610666
-0.368778	-0.828280	-0.596138
-0.379624	-0.852641	-0.581353
-0.390470	-0.877002	-0.566151
-0.401317	-0.901363	-0.550357
-0.412163	-0.925725	-0.550357
-0.057684	-0.177530	-0.526217
-0.065924	-0.202892	-0.526217
-0.074165	-0.228253	-0.599826
-0.082405	-0.253615	-0.656541
-0.090646	-0.278976	-0.699377
-0.098887	-0.304338	-0.730694
-0.107127	-0.329699	-0.752362
-0.115368	-0.355061	-0.765923
-0.123608	-0.380422	-0.772718
-0.131849	-0.405784	-0.773948
-0.140089	-0.431145	-0.770699
-0.148330	-0.456507	-0.763948
-0.156570	-0.481868	-0.754548
-0.164811	-0.507230	-0.743222
-0.173051	-0.532591	-0.730559
-0.181292	-0.557952	-0.717026
-0.189533	-0.583314	-0.702974
-0.197773	-0.608675	-0.688653
-0.206014	-0.634037	-0.674234
-0.214254	-0.659398	-0.659818
-0.222495	-0.684760	-0.645451
-0.230735	-0.710121	-0.631138
-0.238976	-0.735483	-0.616847
-0.247216	-0.760844	-0.602520
-0.255457	-0.786206	-0.588078
-0.263698	-0.811567	-0.573422
-0.271938	-0.836929	-0.558436
-0.280179	-0.862290	-0.542991
-0.288419	-0.887652	-0.526942
-0.296660	-0.913013	-0.510133
-0.304900	-0.938375	-0.492391
-0.313141	-0.963736	-0.492391
-0.038811	-0.182587	-0.482618
-0.044355	-0.208671	-0.482618
-0.049900	-0.234755	-0.541513
-0.055444	-0.260839	-0.588172
-0.060989	-0.286923	-0.624202
-0.066533	-0.313007	-0.651118
-0.072077	-0.339091	-0.670261
-0.077622	-0.365175	-0.682810
-0.083166	-0.391259	-0.689814
-0.088711	-0.417343	-0.692214
-0.094255	-0.443427	-0.690854
-0.099799	-0.469510	-0.686483
-0.105344	-0.495594	-0.679751
-0.110888	-0.521678	-0.671208
-0.116433	-0.547762	-0.661305
-0.121977	-0.573846	-0.650404
-0.127521	-0.599930	-0.638780
-0.133066	-0.626014	-0.626633
-0.138610	-0.652098	-0.614102
-0.144155	-0.678182	-0.601270
-0.149699	-0.704266	-0.588176
-0.155244	-0.730350	-0.574821
-0.160788	-0.756434	-0.561178
-0.166332	-0.782517	-0.547193
-0.171877	-0.808601	-0.532790
-0.177421	-0.834685	-0.517877
-0.182966	-0.860769	-0.502344
-0.188510	-0.886853	-0.486067
-0.194054	-0.912937	-0.468907
-0.199599	-0.939021	-0.450714
-0.205143	-0.965105	-0.431322
-0.210688	-0.991189	-0.431322
-0.019513	-0.185644	-0.443243
-0.022300	-0.212165	-0.443243
-0.025088	-0.238685	-0.489009
-0.027875	-0.265206	-0.526390
-0.030663	-0.291726	-0.555956
-0.033450	-0.318247	-0.578534
-0.036238	-0.344767	-0.594994
-0.039025	-0.371288	-0.606173
-0.041813	-0.397809	-0.612849
-0.044600	-0.424329	-0.615733
-0.047388	-0.450850	-0.615465
-0.050176	-0.477370	-0.612612
-0.052963	-0.503891	-0.607666
-0.055751	-0.530411	-0.601044
-0.058538	-0.556932	-0.593089
-0.061326	-0.583453	-0.584076
-0.064113	-0.609973	-0.574215
-0.066901	-0.636494	-0.563663
-0.069688	-0.663014	-0.552524
-0.072476	-0.689535	-0.540861
-0.075263	-0.716055	-0.528701
-0.078051	-0.742576	-0.516038
-0.080838	-0.769097	-0.502843
-0.083626	-0.795617	-0.489063
-0.086413	-0.822138	-0.474624
-0.089201	-0.848658	-0.459438
-0.091988	-0.875179	-0.443401
-0.094776	-0.901699	-0.426394
-0.097564	-0.928220	-0.408287
-0.100351	-0.954741	-0.388937
-0.103139	-0.981261	-0.368189
-0.105926	-1.007782	-0.368189
-0.000001	-0.186667	-0.405272
-0.000001	-0.213333	-0.405272
-0.000001	-0.240000	-0.439860
-0.000001	-0.266667	-0.469054
-0.000001	-0.293333	-0.492724
-0.000001	-0.320000	-0.511189
-0.000001	-0.346667	-0.524942
-0.000001	-0.373333	-0.534533
-0.000002	-0.400000	-0.540505
-0.000002	-0.426667	-0.543375
-0.000002	-0.453333	-0.543614
-0.000002	-0.480000	-0.541643
-0.000002	-0.506667	-0.537828
-0.000002	-0.533333	-0.532478
-0.000002	-0.560000	-0.525852
-0.000002	-0.586667	-0.518152
-0.000002	-0.613333	-0.509536
-0.000003	-0.640000	-0.500119
-0.000003	-0.666667	-0.489975
-0.000003	-0.693333	-0.479147
-0.000003	-0.720000	-0.467647
-0.000003	-0.746667	-0.455462
-0.000003	-0.773333	-0.442557
-0.000003	-0.800000	-0.428877
-0.000003	-0.826667	-0.414353
-0.000003	-0.853333	-0.398897
-0.000004	-0.880000	-0.382411
-0.000004	-0.906667	-0.364782
-0.000004	-0.933333	-0.345889
-0.000004	-0.960000	-0.325597
-0.000004	-0.986667	-0.303763
-0.000004	-1.013333	-0.303763
0.019511	-0.185644	-0.366845
0.022299	-0.212165	-0.366845
0.025086	-0.238685	-0.392267
0.027873	-0.265206	-0.414482
0.030660	-0.291727	-0.432948
0.033448	-0.318247	-0.447640
0.036235	-0.344768	-0.458776
0.039022	-0.371288	-0.466679
0.041810	-0.397809	-0.471707
0.044597	-0.424330	-0.474218
0.047384	-0.450850	-0.474545
0.050172	-0.477371	-0.472991
0.052959	-0.503891	-0.469821
0.055746	-0.530412	-0.465261
0.058534	-0.556932	-0.459495
0.061321	-0.583453	-0.452671
0.064108	-0.609974	-0.444899
0.066896	-0.636494	-0.436260
0.069683	-0.663015	-0.426800
0.072470	-0.689535	-0.416543
0.075258	-0.716056	-0.405488
0.078045	-0.742577	-0.393612
0.080832	-0.769097	-0.380876
0.083620	-0.795618	-0.367223
0.086407	-0.822138	-0.352583
0.089194	-0.848659	-0.336873
0.091981	-0.875180	-0.319998
0.094769	-0.901700	-0.301852
0.097556	-0.928221	-0.282320
0.100343	-0.954741	-0.261279
0.103131	-0.981262	-0.238596
0.105918	-1.007783	-0.238596
0.038809	-0.182588	-0.326881
0.044354	-0.208672	-0.326881
0.049898	-0.234756	-0.345015
0.055442	-0.260840	-0.361443
0.060986	-0.286924	-0.375428
0.066530	-0.313008	-0.386745
0.072075	-0.339091	-0.395427
0.077619	-0.365175	-0.401634
0.083163	-0.391259	-0.405583
0.088707	-0.417343	-0.407506
0.094251	-0.443427	-0.407629
0.099796	-0.469511	-0.406160
0.105340	-0.495595	-0.403283
0.110884	-0.521679	-0.399154
0.116428	-0.547763	-0.393900
0.121972	-0.573847	-0.387621
0.127517	-0.599931	-0.380391
0.133061	-0.626015	-0.372255
0.138605	-0.652099	-0.363242
0.144149	-0.678183	-0.353354
0.149693	-0.704267	-0.342578
0.155238	-0.730351	-0.330884
0.160782	-0.756435	-0.318227
0.166326	-0.782519	-0.304549
0.171870	-0.808603	-0.289778
0.177415	-0.834687	-0.273836
0.182959	-0.860771	-0.256630
0.188503	-0.886855	-0.238061
0.194047	-0.912939	-0.218021
0.199591	-0.939023	-0.196396
0.205136	-0.965106	-0.173063
0.210680	-0.991190	-0.173063
0.057682	-0.177531	-0.284894
0.065923	-0.202892	-0.284894
0.074163	-0.228254	-0.297375
0.082403	-0.253615	-0.309095
0.090644	-0.278977	-0.319286
0.098884	-0.304339	-0.327632
0.107124	-0.329700	-0.334059
0.115365	-0.355062	-0.338620
0.123605	-0.380423	-0.341428
0.131846	-0.405785	-0.342623
0.140086	-0.431146	-0.342345
0.148326	-0.456508	-0.340729
0.156567	-0.481869	-0.337893
0.164807	-0.507231	-0.333937
0.173047	-0.532592	-0.328940
0.181288	-0.557954	-0.322964
0.189528	-0.583315	-0.316047
0.197768	-0.608677	-0.308213
0.206009	-0.634039	-0.299466
0.214249	-0.659400	-0.289795
0.222489	-0.684762	-0.279175
0.230730	-0.710123	-0.267569
0.238970	-0.735485	-0.254927
0.247210	-0.760846	-0.241188
0.255451	-0.786208	-0.226282
0.263691	-0.811569	-0.210131
0.271931	-0.836931	-0.192647
0.280172	-0.862292	-0.173737
0.288412	-0.887654	-0.153300
0.296652	-0.913016	-0.131228
0.304893	-0.938377	-0.107408
0.313133	-0.963739	-0.107408
0.075923	-0.170529	-0.240837
0.086770	-0.194890	-0.240837
0.097616	-0.219251	-0.248997
0.108462	-0.243613	-0.256919
0.119308	-0.267974	-0.263914
0.130154	-0.292335	-0.269658
0.141001	-0.316696	-0.274033
0.151847	-0.341058	-0.277025
0.162693	-0.365419	-0.278680
0.173539	-0.389780	-0.279067
0.184385	-0.414141	-0.278263
0.195232	-0.438503	-0.276344
0.206078	-0.462864	-0.273374
0.216924	-0.487225	-0.269409
0.227770	-0.511586	-0.264488
0.238617	-0.535948	-0.258639
0.249463	-0.560309	-0.251873
0.260309	-0.584670	-0.244192
0.271155	-0.609031	-0.235581
0.282001	-0.633393	-0.226017
0.292848	-0.657754	-0.215465
0.303694	-0.682115	-0.203880
0.314540	-0.706477	-0.191207
0.325386	-0.730838	-0.177385
0.336232	-0.755199	-0.162344
0.347079	-0.779560	-0.146007
0.357925	-0.803922	-0.128291
0.368771	-0.828283	-0.109107
0.379617	-0.852644	-0.088359
0.390463	-0.877005	-0.065948
0.401310	-0.901367	-0.041770
0.412156	-0.925728	-0.041770
0.093333	-0.161658	-0.194966
0.106666	-0.184753	-0.194966
0.119999	-0.207847	-0.199817
0.133332	-0.230941	-0.204646
0.146666	-0.254035	-0.208920
0.159999	-0.277129	-0.212369
0.173332	-0.300223	-0.214868
0.186665	-0.323317	-0.216374
0.199998	-0.346411	-0.216887
0.213332	-0.369505	-0.216427
0.226665	-0.392599	-0.215023
0.239998	-0.415693	-0.212700
0.253331	-0.438787	-0.209483
0.266665	-0.461881	-0.205387
0.279998	-0.484975	-0.200419
0.293331	-0.508070	-0.194578
0.306664	-0.531164	-0.187851
0.319998	-0.554258	-0.180220
0.333331	-0.577352	-0.171656
0.346664	-0.600446	-0.162123
0.359997	-0.623540	-0.151576
0.373330	-0.646634	-0.139965
0.386664	-0.669728	-0.127232
0.399997	-0.692822	-0.113314
0.413330	-0.715916	-0.098140
0.426663	-0.739010	-0.081637
0.439997	-0.762104	-0.063723
0.453330	-0.785198	-0.044316
0.466663	-0.808292	-0.023324
0.479996	-0.831387	-0.000655
0.493330	-0.854481	0.023787
0.506663	-0.877575	0.023787
0.109719	-0.151017	-0.147738
0.125393	-0.172591	-0.147738
0.141068	-0.194165	-0.149963
0.156742	-0.215739	-0.152186
0.172416	-0.237312	-0.154074
0.188090	-0.258886	-0.155446
0.203764	-0.280460	-0.156202
0.219438	-0.302034	-0.156291
0.235113	-0.323608	-0.155683
0.250787	-0.345182	-0.154362
0.266461	-0.366756	-0.152317
0.282135	-0.388329	-0.149535
0.297809	-0.409903	-0.146003
0.313484	-0.431477	-0.141703
0.329158	-0.453051	-0.136613
0.344832	-0.474625	-0.130706
0.360506	-0.496199	-0.123949
0.376180	-0.517773	-0.116304
0.391854	-0.539346	-0.107730
0.407529	-0.560920	-0.098178
0.423203	-0.582494	-0.087598
0.438877	-0.604068	-0.075932
0.454551	-0.625642	-0.063120
0.470225	-0.647216	-0.049097
0.485899	-0.668790	-0.033793
0.501574	-0.690363	-0.017137
0.517248	-0.711937	0.000950
0.532922	-0.733511	0.020546
0.548596	-0.755085	0.041737
0.564270	-0.776659	0.064608
0.579945	-0.798233	0.089252
0.595619	-0.819807	0.089252
0.124904	-0.138721	-0.099737
0.142747	-0.158538	-0.099737
0.160591	-0.178355	-0.099695
0.178434	-0.198173	-0.099567
0.196277	-0.217990	-0.099248
0.214121	-0.237807	-0.098664
0.231964	-0.257625	-0.097754
0.249807	-0.277442	-0.096468
0.267651	-0.297259	-0.094757
0.285494	-0.317076	-0.092576
0.303338	-0.336894	-0.089877
0.321181	-0.356711	-0.086613
0.339024	-0.376528	-0.082738
0.356868	-0.396346	-0.078202
0.374711	-0.416163	-0.072956
0.392555	-0.435980	-0.066948
0.410398	-0.455797	-0.060127
0.428241	-0.475615	-0.052437
0.446085	-0.495432	-0.043824
0.463928	-0.515249	-0.034230
0.481772	-0.535066	-0.023596
0.499615	-0.554884	-0.011859
0.517458	-0.574701	0.001043
0.535302	-0.594518	0.015176
0.553145	-0.614336	0.030609
0.570989	-0.634153	0.047412
0.588832	-0.653970	0.065659
0.606675	-0.673787	0.085426
0.624519	-0.693605	0.106792
0.642362	-0.713422	0.129837
0.660205	-0.733239	0.154646
0.678049	-0.753057	0.154646
0.138720	-0.124905	-0.051606
0.158537	-0.142749	-0.051606
0.178354	-0.160592	-0.049331
0.198171	-0.178436	-0.046878
0.217988	-0.196279	-0.044371
0.237805	-0.214123	-0.041845
0.257622	-0.231966	-0.039282
0.277440	-0.249810	-0.036633
0.297257	-0.267654	-0.033831
0.317074	-0.285497	-0.030798
0.336891	-0.303341	-0.027454
0.356708	-0.321184	-0.023716
0.376525	-0.339028	-0.019503
0.396342	-0.356872	-0.014735
0.416159	-0.374715	-0.009336
0.435976	-0.392559	-0.003229
0.455794	-0.410402	0.003656
0.475611	-0.428246	0.011392
0.495428	-0.446089	0.020046
0.515245	-0.463933	0.029686
0.535062	-0.481777	0.040378
0.554879	-0.499620	0.052189
0.574696	-0.517464	0.065185
0.594513	-0.535307	0.079431
0.614330	-0.553151	0.094996
0.634148	-0.570994	0.111948
0.653965	-0.588838	0.130356
0.673782	-0.606682	0.150292
0.693599	-0.624525	0.171829
0.713416	-0.642369	0.195042
0.733233	-0.660212	0.220010
0.753050	-0.678056	0.220010
0.151016	-0.109721	-0.004000
0.172590	-0.125395	-0.004000
0.194163	-0.141069	0.000801
0.215737	-0.156744	0.005790
0.237311	-0.172418	0.010628
0.258885	-0.188093	0.015186
0.280458	-0.203767	0.019452
0.302032	-0.219441	0.023484
0.323606	-0.235116	0.027375
0.345179	-0.250790	0.031240
0.366753	-0.266464	0.035199
0.388327	-0.282139	0.039375
0.409901	-0.297813	0.043884
0.431474	-0.313488	0.048842
0.453048	-0.329162	0.054355
0.474622	-0.344836	0.060523
0.496195	-0.360511	0.067439
0.517769	-0.376185	0.075192
0.539343	-0.391859	0.083863
0.560917	-0.407534	0.093531
0.582490	-0.423208	0.104269
0.604064	-0.438883	0.116147
0.625638	-0.454557	0.129234
0.647211	-0.470231	0.143596
0.668785	-0.485906	0.159300
0.690359	-0.501580	0.176410
0.711932	-0.517254	0.194992
0.733506	-0.532929	0.215113
0.755080	-0.548603	0.236841
0.776654	-0.564278	0.260243
0.798227	-0.579952	0.285392
0.819801	-0.595626	0.285392
0.161658	-0.093334	0.042473
0.184752	-0.106668	0.042473
0.207846	-0.120001	0.050424
0.230939	-0.133334	0.058390
0.254033	-0.146668	0.065861
0.277127	-0.160001	0.072643
0.300221	-0.173335	0.078721
0.323315	-0.186668	0.084181
0.346409	-0.200002	0.089162
0.369503	-0.213335	0.093825
0.392597	-0.226669	0.098342
0.415691	-0.240002	0.102883
0.438785	-0.253335	0.107611
0.461879	-0.266669	0.112677
0.484973	-0.280002	0.118222
0.508067	-0.293336	0.124374
0.531161	-0.306669	0.131253
0.554255	-0.320003	0.138962
0.577349	-0.333336	0.147600
0.600443	-0.346670	0.157256
0.623537	-0.360003	0.168009
0.646630	-0.373336	0.179935
0.669724	-0.386670	0.193105
0.692818	-0.400003	0.207584
0.715912	-0.413337	0.223437
0.739006	-0.426670	0.240725
0.762100	-0.440004	0.259510
0.785194	-0.453337	0.279851
0.808288	-0.466671	0.301809
0.831382	-0.480004	0.325447
0.854476	-0.493337	0.350826
0.877570	-0.506671	0.350826
0.170528	-0.075925	0.087312
0.194889	-0.086771	0.087312
0.219250	-0.097618	0.099372
0.243612	-0.108464	0.110988
0.267973	-0.119311	0.121540
0.292334	-0.130157	0.130827
0.316695	-0.141004	0.138872
0.341056	-0.151850	0.145822
0.365417	-0.162696	0.151882
0.389779	-0.173543	0.157285
0.414140	-0.184389	0.162267
0.438501	-0.195236	0.167059
0.462862	-0.206082	0.171877
0.487223	-0.216929	0.176919
0.511584	-0.227775	0.182368
0.535945	-0.238621	0.188385
0.560307	-0.249468	0.195114
0.584668	-0.260314	0.202683
0.609029	-0.271161	0.211207
0.633390	-0.282007	0.220783
0.657751	-0.292854	0.231503
0.682112	-0.303700	0.243445
0.706474	-0.314547	0.256682
0.730835	-0.325393	0.271278
0.755196	-0.336239	0.287296
0.779557	-0.347086	0.304791
0.803918	-0.357932	0.323819
0.828279	-0.368779	0.344434
0.852641	-0.379625	0.366687
0.877002	-0.390472	0.390634
0.901363	-0.401318	0.416327
0.925724	-0.412164	0.416327
0.177530	-0.057684	0.130198
0.202892	-0.065925	0.130198
0.228253	-0.074165	0.147665
0.253615	-0.082406	0.163815
0.278976	-0.090646	0.178028
0.304338	-0.098887	0.190171
0.329699	-0.107128	0.200366
0.355061	-0.115368	0.208863
0.380422	-0.123609	0.215969
0.405783	-0.131849	0.222012
0.431145	-0.140090	0.227314
0.456506	-0.148330	0.232183
0.481868	-0.156571	0.236903
0.507229	-0.164812	0.241730
0.532591	-0.173052	0.246895
0.557952	-0.181293	0.252600
0.583314	-0.189533	0.259020
0.608675	-0.197774	0.266309
0.634037	-0.206015	0.274598
0.659398	-0.214255	0.284001
0.684760	-0.222496	0.294616
0.710121	-0.230736	0.306525
0.735483	-0.238977	0.319803
0.760844	-0.247217	0.334513
0.786205	-0.255458	0.350712
0.811567	-0.263699	0.368452
0.836928	-0.271939	0.387781
0.862290	-0.280180	0.408743
0.887651	-0.288420	0.431382
0.913013	-0.296661	0.455741
0.938374	-0.304901	0.481864
0.963736	-0.313142	0.481864
0.182587	-0.038811	0.171100
0.208671	-0.044356	0.171100
0.234755	-0.049900	0.195591
0.260839	-0.055444	0.217346
0.286923	-0.060989	0.235897
0.313007	-0.066533	0.251291
0.339091	-0.072078	0.263821
0.365175	-0.077622	0.273895
0.391259	-0.083167	0.281965
0.417343	-0.088711	0.288484
0.443426	-0.094256	0.293889
0.469510	-0.099800	0.298584
0.495594	-0.105344	0.302938
0.521678	-0.110889	0.307280
0.547762	-0.116433	0.311900
0.573846	-0.121978	0.317048
0.599930	-0.127522	0.322938
0.626014	-0.133067	0.329753
0.652098	-0.138611	0.337644
0.678182	-0.144156	0.346741
0.704266	-0.149700	0.357149
0.730349	-0.155244	0.368957
0.756433	-0.160789	0.382238
0.782517	-0.166333	0.397053
0.808601	-0.171878	0.413455
0.834685	-0.177422	0.431486
0.860769	-0.182967	0.451187
0.886853	-0.188511	0.472592
0.912937	-0.194056	0.495733
0.939021	-0.199600	0.520641
0.965105	-0.205144	0.547348
0.991188	-0.210689	0.547348
0.185644	-0.019513	0.210403
0.212165	-0.022301	0.210403
0.238685	-0.025088	0.243809
0.265206	-0.027876	0.272372
0.291726	-0.030663	0.295990
0.318247	-0.033451	0.315028
0.344767	-0.036238	0.330045
0.371288	-0.039026	0.341671
0.397809	-0.041813	0.350548
0.424329	-0.044601	0.357291
0.450850	-0.047389	0.362481
0.477370	-0.050176	0.366647
0.503891	-0.052964	0.370264
0.530411	-0.055751	0.373751
0.556932	-0.058539	0.377470
0.583453	-0.061326	0.381731
0.609973	-0.064114	0.386794
0.636494	-0.066902	0.392875
0.663014	-0.069689	0.400150
0.689535	-0.072477	0.408764
0.716055	-0.075264	0.418831
0.742576	-0.078052	0.430443
0.769097	-0.080839	0.443672
0.795617	-0.083627	0.458576
0.822138	-0.086414	0.475198
0.848658	-0.089202	0.493575
0.875179	-0.091990	0.513734
0.901699	-0.094777	0.535698
0.928220	-0.097565	0.559485
0.954740	-0.100352	0.585113
0.981261	-0.103140	0.612599
1.007782	-0.105927	0.612599
0.186667	-0.000001	0.249079
0.213333	-0.000001	0.249079
0.240000	-0.000001	0.293457
0.266667	-0.000001	0.330072
0.293333	-0.000002	0.359468
0.320000	-0.000002	0.382496
0.346667	-0.000002	0.400081
0.373333	-0.000002	0.413144
0.400000	-0.000002	0.422561
0.426667	-0.000002	0.429156
0.453333	-0.000002	0.433683
0.480000	-0.000003	0.436828
0.506667	-0.000003	0.439201
0.533333	-0.000003	0.441331
0.560000	-0.000003	0.443674
0.586667	-0.000003	0.446611
0.613333	-0.000003	0.450455
0.640000	-0.000003	0.455463
0.666667	-0.000004	0.461836
0.693333	-0.000004	0.469736
0.720000	-0.000004	0.479285
0.746667	-0.000004	0.490575
0.773333	-0.000004	0.503678
0.800000	-0.000004	0.518641
0.826667	-0.000004	0.535502
0.853333	-0.000005	0.554282
0.880000	-0.000005	0.574998
0.906667	-0.000005	0.597657
0.933333	-0.000005	0.622263
0.960000	-0.000005	0.648817
0.986667	-0.000005	0.677318
1.013333	-0.000005	0.677318
