time = 7.032	Re = 90	40	80
0
0.208544	0.024683	0.000570	1
0.228406	0.027034	0.005179	2
0.248267	0.029384	0.013572	3
0.268128	0.031735	0.024963	4
0.287990	0.034086	0.039031	5
0.307851	0.036437	0.055527	6
0.327713	0.038787	0.074068	7
0.347574	0.041138	0.094100	8
0.367435	0.043489	0.114896	9
0.387297	0.045840	0.135553	10
0.407158	0.048190	0.154973	11
0.427019	0.050541	0.171840	12
0.446881	0.052892	0.184604	13
0.466742	0.055243	0.191506	14
0.486604	0.057593	0.190730	15
0.506465	0.059944	0.180827	16
0.526326	0.062295	0.161744	17
0.546188	0.064646	0.137078	18
0.566049	0.066996	0.118644	19
0.585910	0.069347	0.135024	20
0.605772	0.071698	0.245527	21
0.625633	0.074048	0.562964	22
0.645495	0.076399	1.312877	23
0.665356	0.078750	3.060886	24
0.685217	0.081101	4.984432	25
0.705079	0.083451	6.122180	26
0.724940	0.085802	6.657795	27
0.744801	0.088153	6.738824	28
0.764663	0.090504	6.519463	29
0.784524	0.092854	6.146657	30
0.804385	0.095205	5.734841	31
0.824247	0.097556	5.360857	32
0.844108	0.099907	5.066454	33
0.863970	0.102257	4.861451	34
0.883831	0.104608	4.735143	35
0.903692	0.106959	4.667515	36
0.923554	0.109310	4.631171	37
0.943415	0.111660	4.590686	38
0.963276	0.114011	4.508693	39
0.983138	0.116362	4.351490	40
1
0.205965	0.040969	0.001917	1
0.225581	0.044871	0.010257	2
0.245196	0.048773	0.020738	3
0.264812	0.052674	0.031680	4
0.284428	0.056576	0.042483	5
0.304043	0.060478	0.052844	6
0.323659	0.064380	0.062442	7
0.343275	0.068282	0.070834	8
0.362891	0.072183	0.077453	9
0.382506	0.076085	0.081648	10
0.402122	0.079987	0.082751	11
0.421738	0.083889	0.080182	12
0.441353	0.087791	0.073618	13
0.460969	0.091692	0.063270	14
0.480585	0.095594	0.050329	15
0.500201	0.099496	0.037657	16
0.519816	0.103398	0.030825	17
0.539432	0.107300	0.039638	18
0.559048	0.111201	0.080360	19
0.578663	0.115103	0.178319	20
0.598279	0.119005	0.374066	21
0.617895	0.122907	0.736480	22
0.637510	0.126809	1.376962	23
0.657126	0.130710	2.387167	24
0.676742	0.134612	3.581638	25
0.696358	0.138514	4.665315	26
0.715973	0.142416	5.486916	27
0.735589	0.146318	5.993556	28
0.755205	0.150219	6.202582	29
0.774820	0.154121	6.177484	30
0.794436	0.158023	6.001048	31
0.814052	0.161925	5.752892	32
0.833668	0.165827	5.494806	33
0.853283	0.169728	5.264427	34
0.872899	0.173630	5.077051	35
0.892515	0.177532	4.931353	36
0.912130	0.181434	4.813980	37
0.931746	0.185336	4.703752	38
0.951362	0.189237	4.578356	39
0.970977	0.193139	4.422831	40
2
0.202116	0.057002	0.003500	1
0.221365	0.062431	0.014629	2
0.240614	0.067860	0.025802	3
0.259863	0.073289	0.035448	4
0.279112	0.078718	0.043336	5
0.298361	0.084146	0.049383	6
0.317610	0.089575	0.053442	7
0.336859	0.095004	0.055289	8
0.356108	0.100433	0.054666	9
0.375358	0.105862	0.051363	10
0.394607	0.111290	0.045332	11
0.413856	0.116719	0.036826	12
0.433105	0.122148	0.026595	13
0.452354	0.127577	0.016132	14
0.471603	0.133006	0.007999	15
0.490852	0.138435	0.006261	16
0.510101	0.143863	0.017092	17
0.529350	0.149292	0.049700	18
0.548600	0.154721	0.117525	19
0.567849	0.160150	0.240479	20
0.587098	0.165579	0.449487	21
0.606347	0.171007	0.789964	22
0.625596	0.176436	1.311844	23
0.644845	0.181865	2.024539	24
0.664094	0.187294	2.873061	25
0.683343	0.192723	3.756830	26
0.702592	0.198151	4.566418	27
0.721841	0.203580	5.218312	28
0.741091	0.209009	5.667220	29
0.760340	0.214438	5.908473	30
0.779589	0.219867	5.970617	31
0.798838	0.225295	5.901495	32
0.818087	0.230724	5.753047	33
0.837336	0.236153	5.569497	34
0.856585	0.241582	5.381332	35
0.875834	0.247011	5.204536	36
0.895083	0.252439	5.043024	37
0.914333	0.257868	4.893354	38
0.933582	0.263297	4.751834	39
0.952831	0.268726	4.624068	40
3
0.197020	0.072685	0.004810	1
0.215784	0.079607	0.016698	2
0.234548	0.086529	0.027400	3
0.253312	0.093452	0.035670	4
0.272076	0.100374	0.041703	5
0.290839	0.107296	0.045627	6
0.309603	0.114219	0.047407	7
0.328367	0.121141	0.046916	8
0.347131	0.128063	0.044035	9
0.365895	0.134986	0.038760	10
0.384658	0.141908	0.031320	11
0.403422	0.148830	0.022319	12
0.422186	0.155753	0.012901	13
0.440950	0.162675	0.004948	14
0.459714	0.169597	0.001341	15
0.478478	0.176520	0.006309	16
0.497241	0.183442	0.025956	17
0.516005	0.190364	0.069017	18
0.534769	0.197287	0.147400	19
0.553533	0.204209	0.278426	20
0.572297	0.211131	0.485681	21
0.591061	0.218054	0.798090	22
0.609824	0.224976	1.236965	23
0.628588	0.231898	1.799361	24
0.647352	0.238821	2.467010	25
0.666116	0.245743	3.196973	26
0.684880	0.252665	3.926184	27
0.703644	0.259588	4.590185	28
0.722407	0.266510	5.135883	29
0.741171	0.273432	5.531146	30
0.759935	0.280355	5.768739	31
0.778699	0.287277	5.863680	32
0.797463	0.294199	5.845612	33
0.816227	0.301122	5.749464	34
0.834990	0.308044	5.607653	35
0.853754	0.314966	5.445677	36
0.872518	0.321889	5.281498	37
0.891282	0.328811	5.128442	38
0.910046	0.335733	5.001298	39
0.928810	0.342656	4.925505	40
4
0.190710	0.087918	0.005675	1
0.208873	0.096292	0.016104	2
0.227036	0.104665	0.025485	3
0.245199	0.113038	0.032803	4
0.263362	0.121411	0.038336	5
0.281524	0.129784	0.042171	6
0.299687	0.138158	0.044166	7
0.317850	0.146531	0.044075	8
0.336013	0.154904	0.041671	9
0.354176	0.163277	0.036881	10
0.372339	0.171650	0.029911	11
0.390502	0.180024	0.021408	12
0.408664	0.188397	0.012633	13
0.426827	0.196770	0.005679	14
0.444990	0.205143	0.003725	15
0.463153	0.213516	0.011361	16
0.481316	0.221889	0.034993	17
0.499479	0.230263	0.083190	18
0.517642	0.238636	0.167236	19
0.535805	0.247009	0.301731	20
0.553967	0.255382	0.504185	21
0.572130	0.263755	0.792849	22
0.590293	0.272129	1.175703	23
0.608456	0.280502	1.651014	24
0.626619	0.288875	2.212665	25
0.644782	0.297248	2.837241	26
0.662945	0.305621	3.487506	27
0.681107	0.313995	4.119042	28
0.699270	0.322368	4.687434	29
0.717433	0.330741	5.156024	30
0.735596	0.339114	5.502150	31
0.753759	0.347487	5.719979	32
0.771922	0.355860	5.819241	33
0.790085	0.364234	5.820803	34
0.808248	0.372607	5.751086	35
0.826410	0.380980	5.637456	36
0.844573	0.389353	5.506053	37
0.862736	0.397726	5.382800	38
0.880899	0.406100	5.297745	39
0.899062	0.414473	5.292846	40
5
0.183224	0.102610	0.006147	1
0.200674	0.112383	0.013682	2
0.218124	0.122155	0.021376	3
0.235574	0.131928	0.028328	4
0.253024	0.141700	0.034511	5
0.270474	0.151472	0.039678	6
0.287924	0.161245	0.043368	7
0.305374	0.171017	0.045038	8
0.322824	0.180790	0.044198	9
0.340274	0.190562	0.040563	10
0.357723	0.200335	0.034211	11
0.375173	0.210107	0.025775	12
0.392623	0.219879	0.016658	13
0.410073	0.229652	0.009273	14
0.427523	0.239424	0.007277	15
0.444973	0.249197	0.015813	16
0.462423	0.258969	0.041691	17
0.479873	0.268741	0.093405	18
0.497323	0.278514	0.181395	19
0.514773	0.288286	0.317809	20
0.532223	0.298059	0.515695	21
0.549673	0.307831	0.785929	22
0.567123	0.317604	1.131214	23
0.584572	0.327376	1.553143	24
0.602022	0.337148	2.047621	25
0.619472	0.346921	2.599770	26
0.636922	0.356693	3.185929	27
0.654372	0.366466	3.775439	28
0.671822	0.376238	4.334139	29
0.689272	0.386010	4.829214	30
0.706722	0.395783	5.234388	31
0.724172	0.405555	5.534040	32
0.741622	0.415328	5.725117	33
0.759072	0.425100	5.816489	34
0.776522	0.434873	5.826459	35
0.793972	0.444645	5.779750	36
0.811421	0.454417	5.705426	37
0.828871	0.464190	5.636888	38
0.846321	0.473962	5.614611	39
0.863771	0.483735	5.692083	40
6
0.174609	0.116670	0.006359	1
0.191238	0.127781	0.010858	2
0.207867	0.138892	0.017104	3
0.224497	0.150004	0.024222	4
0.241126	0.161115	0.031696	5
0.257756	0.172227	0.038805	6
0.274385	0.183338	0.044684	7
0.291014	0.194449	0.048437	8
0.307644	0.205561	0.049280	9
0.324273	0.216672	0.046701	10
0.340903	0.227784	0.040663	11
0.357532	0.238895	0.031824	12
0.374161	0.250006	0.021793	13
0.390791	0.261118	0.013367	14
0.407420	0.272229	0.010732	15
0.424050	0.283341	0.019571	16
0.440679	0.294452	0.047018	17
0.457308	0.305563	0.101480	18
0.473938	0.316675	0.192572	19
0.490567	0.327786	0.330589	20
0.507197	0.338898	0.525056	21
0.523826	0.350009	0.781750	22
0.540455	0.361120	1.104150	23
0.557085	0.372232	1.492683	24
0.573714	0.383343	1.943060	25
0.590344	0.394455	2.444866	26
0.606973	0.405566	2.981623	27
0.623602	0.416677	3.531335	28
0.640232	0.427789	4.068096	29
0.656861	0.438900	4.564870	30
0.673491	0.450012	4.997092	31
0.690120	0.461123	5.346352	32
0.706749	0.472234	5.603266	33
0.723379	0.483346	5.768880	34
0.740008	0.494457	5.854541	35
0.756638	0.505569	5.880779	36
0.773267	0.516680	5.876154	37
0.789896	0.527791	5.877071	38
0.806526	0.538903	5.929430	39
0.823155	0.550014	6.092754	40
7
0.164917	0.130010	0.006437	1
0.180623	0.142392	0.009014	2
0.196329	0.154773	0.014577	3
0.212036	0.167155	0.022229	4
0.227742	0.179537	0.031051	5
0.243448	0.191919	0.039941	6
0.259155	0.204301	0.047709	7
0.274861	0.216683	0.053182	8
0.290567	0.229065	0.055342	9
0.306274	0.241446	0.053512	10
0.321980	0.253828	0.047570	11
0.337686	0.266210	0.038218	12
0.353393	0.278592	0.027245	13
0.369099	0.290974	0.017775	14
0.384805	0.303356	0.014427	15
0.400512	0.315738	0.023320	16
0.416218	0.328120	0.051871	17
0.431925	0.340501	0.108497	18
0.447631	0.352883	0.202235	19
0.463337	0.365265	0.341905	20
0.479044	0.377647	0.534517	21
0.494750	0.390029	0.784759	22
0.510456	0.402411	1.094681	23
0.526163	0.414793	1.463099	24
0.541869	0.427175	1.885337	25
0.557575	0.439556	2.352722	26
0.573282	0.451938	2.852480	27
0.588988	0.464320	3.367937	28
0.604694	0.476702	3.879274	29
0.620401	0.489084	4.365028	30
0.636107	0.501466	4.804377	31
0.651813	0.513848	5.179915	32
0.667520	0.526229	5.480402	33
0.683226	0.538611	5.702922	34
0.698932	0.550993	5.854110	35
0.714639	0.563375	5.950495	36
0.730345	0.575757	6.018370	37
0.746051	0.588139	6.093889	38
0.761758	0.600521	6.224083	39
0.777464	0.612903	6.469418	40
8
0.154208	0.142548	0.006460	1
0.168894	0.156124	0.009016	2
0.183581	0.169700	0.014927	3
0.198267	0.183276	0.023261	4
0.212954	0.196852	0.032999	5
0.227640	0.210428	0.042934	6
0.242327	0.224004	0.051763	7
0.257013	0.237580	0.058200	8
0.271699	0.251156	0.061119	9
0.286386	0.264732	0.059748	10
0.301072	0.278308	0.053905	11
0.315759	0.291884	0.044288	12
0.330445	0.305460	0.032760	13
0.345132	0.319036	0.022611	14
0.359818	0.332612	0.018716	15
0.374505	0.346188	0.027504	16
0.389191	0.359764	0.056685	17
0.403878	0.373340	0.114850	18
0.418564	0.386916	0.210896	19
0.433251	0.400492	0.352980	20
0.447937	0.414068	0.547305	21
0.462623	0.427644	0.797344	22
0.477310	0.441220	1.103572	23
0.491996	0.454796	1.463157	24
0.506683	0.468372	1.870151	25
0.521369	0.481948	2.315795	26
0.536056	0.495524	2.788842	27
0.550742	0.509100	3.275811	28
0.565429	0.522676	3.761359	29
0.580115	0.536252	4.228995	30
0.594802	0.549828	4.662347	31
0.609488	0.563404	5.046982	32
0.624174	0.576980	5.372597	33
0.638861	0.590556	5.635183	34
0.653547	0.604132	5.838827	35
0.668234	0.617708	5.996909	36
0.682920	0.631284	6.132783	37
0.697607	0.644860	6.280223	38
0.712293	0.658436	6.484082	39
0.726980	0.672012	6.801529	40
9
0.142548	0.154208	0.006445	1
0.156124	0.168894	0.010943	2
0.169700	0.183581	0.018126	3
0.183276	0.198267	0.027057	4
0.196852	0.212953	0.036987	5
0.210428	0.227640	0.046932	6
0.224004	0.242326	0.055741	7
0.237580	0.257013	0.062220	8
0.251156	0.271699	0.065283	9
0.264732	0.286386	0.064148	10
0.278309	0.301072	0.058584	11
0.291885	0.315758	0.049202	12
0.305461	0.330445	0.037780	13
0.319037	0.345131	0.027558	14
0.332613	0.359818	0.023449	15
0.346189	0.374504	0.032062	16
0.359765	0.389191	0.061450	17
0.373341	0.403877	0.120672	18
0.386917	0.418564	0.219101	19
0.400493	0.433250	0.365212	20
0.414069	0.447936	0.565255	21
0.427645	0.462623	0.822076	22
0.441221	0.477309	1.134443	23
0.454797	0.491996	1.497032	24
0.468373	0.506682	1.901220	25
0.481949	0.521369	2.336450	26
0.495525	0.536055	2.791384	27
0.509101	0.550742	3.254389	28
0.522677	0.565428	3.713692	29
0.536253	0.580114	4.157484	30
0.549829	0.594801	4.574284	31
0.563405	0.609487	4.953809	32
0.576981	0.624174	5.288427	33
0.590557	0.638860	5.574972	34
0.604133	0.653547	5.816620	35
0.617709	0.668233	6.024494	36
0.631285	0.682919	6.218827	37
0.644861	0.697606	6.429670	38
0.658437	0.712292	6.697278	39
0.672013	0.726979	7.072189	40
10
0.130010	0.164916	0.006327	1
0.142392	0.180623	0.014014	2
0.154774	0.196329	0.022937	3
0.167156	0.212035	0.032195	4
0.179537	0.227742	0.041556	5
0.191919	0.243448	0.050494	6
0.204301	0.259154	0.058221	7
0.216683	0.274861	0.063821	8
0.229065	0.290567	0.066404	9
0.241447	0.306273	0.065289	10
0.253829	0.321980	0.060229	11
0.266211	0.337686	0.051701	12
0.278593	0.353392	0.041241	13
0.290974	0.369099	0.031802	14
0.303356	0.384805	0.028066	15
0.315738	0.400511	0.036625	16
0.328120	0.416218	0.065891	17
0.340502	0.431924	0.125748	18
0.352884	0.447630	0.226858	19
0.365266	0.463337	0.379242	20
0.377648	0.479043	0.590422	21
0.390030	0.494749	0.863375	22
0.402411	0.510456	1.194967	23
0.414793	0.526162	1.575790	24
0.427175	0.541868	1.991810	25
0.439557	0.557575	2.428155	26
0.451939	0.573281	2.871995	27
0.464321	0.588987	3.312854	28
0.476703	0.604694	3.742548	29
0.489085	0.620400	4.154518	30
0.501467	0.636106	4.543068	31
0.513848	0.651813	4.903145	32
0.526230	0.667519	5.230979	33
0.538612	0.683225	5.525444	34
0.550994	0.698932	5.789809	35
0.563376	0.714638	6.033496	36
0.575758	0.730344	6.273493	37
0.588140	0.746051	6.535174	38
0.600522	0.761757	6.852364	39
0.612904	0.777463	7.266357	40
11
0.116670	0.174609	0.005960	1
0.127781	0.191238	0.016764	2
0.138893	0.207867	0.027246	3
0.150004	0.224497	0.036517	4
0.161116	0.241126	0.044818	5
0.172227	0.257755	0.052097	6
0.183338	0.274385	0.057997	7
0.194450	0.291014	0.061989	8
0.205561	0.307644	0.063501	9
0.216673	0.324273	0.062070	10
0.227784	0.340902	0.057528	11
0.238895	0.357532	0.050250	12
0.250007	0.374161	0.041479	13
0.261118	0.390791	0.033710	14
0.272230	0.407420	0.031136	15
0.283341	0.424049	0.040056	16
0.294453	0.440679	0.069122	17
0.305564	0.457308	0.129294	18
0.316675	0.473937	0.233416	19
0.327787	0.490567	0.394758	20
0.338898	0.507196	0.624365	21
0.350010	0.523826	0.927256	22
0.361121	0.540455	1.298346	23
0.372233	0.557084	1.721118	24
0.383344	0.573714	2.170194	25
0.394455	0.590343	2.621602	26
0.405567	0.606972	3.059373	27
0.416678	0.623602	3.474259	28
0.427790	0.640231	3.863561	29
0.438901	0.656861	4.228567	30
0.450012	0.673490	4.571578	31
0.461124	0.690119	4.894296	32
0.472235	0.706749	5.197729	33
0.483347	0.723378	5.483279	34
0.494458	0.740008	5.754521	35
0.505570	0.756637	6.019103	36
0.516681	0.773266	6.290309	37
0.527792	0.789896	6.587856	38
0.538904	0.806525	6.937539	39
0.550015	0.823154	7.369139	40
12
0.102611	0.183224	0.005155	1
0.112383	0.200674	0.017551	2
0.122156	0.218124	0.028821	3
0.131928	0.235574	0.037921	4
0.141700	0.253024	0.045201	5
0.151473	0.270474	0.050858	6
0.161245	0.287924	0.054855	7
0.171018	0.305373	0.057005	8
0.180790	0.322823	0.057072	9
0.190563	0.340273	0.054875	10
0.200335	0.357723	0.050432	11
0.210107	0.375173	0.044144	12
0.219880	0.392623	0.037066	13
0.229652	0.410073	0.031273	14
0.239425	0.427523	0.030362	15
0.249197	0.444973	0.040078	16
0.258970	0.462423	0.069015	17
0.268742	0.479873	0.129123	18
0.278515	0.497322	0.236136	19
0.288287	0.514772	0.408807	20
0.298059	0.532222	0.665940	21
0.307832	0.549672	1.020006	22
0.317604	0.567122	1.465987	23
0.327377	0.584572	1.973421	24
0.337149	0.602022	2.493893	25
0.346922	0.619472	2.981095	26
0.356694	0.636922	3.410918	27
0.366467	0.654372	3.780616	28
0.376239	0.671822	4.101280	29
0.386011	0.689271	4.388962	30
0.395784	0.706721	4.658149	31
0.405556	0.724171	4.919006	32
0.415329	0.741621	5.177403	33
0.425101	0.759071	5.436554	34
0.434874	0.776521	5.699346	35
0.444646	0.793971	5.970614	36
0.454418	0.811421	6.258837	37
0.464191	0.828871	6.576748	38
0.473963	0.846321	6.940332	39
0.483736	0.863771	7.365302	40
13
0.087919	0.190710	0.003807	1
0.096292	0.208873	0.015364	2
0.104665	0.227036	0.026363	3
0.113038	0.245199	0.035342	4
0.121412	0.263361	0.042286	5
0.129785	0.281524	0.047304	6
0.138158	0.299687	0.050426	7
0.146531	0.317850	0.051598	8
0.154904	0.336013	0.050734	9
0.163278	0.354176	0.047813	10
0.171651	0.372339	0.042987	11
0.180024	0.390501	0.036742	12
0.188397	0.408664	0.030108	13
0.196770	0.426827	0.024971	14
0.205144	0.444990	0.024539	15
0.213517	0.463153	0.034040	16
0.221890	0.481316	0.061763	17
0.230263	0.499479	0.120320	18
0.238637	0.517641	0.228254	19
0.247010	0.535804	0.411783	20
0.255383	0.553967	0.704269	21
0.263756	0.572130	1.139479	22
0.272129	0.590293	1.724140	23
0.280503	0.608456	2.413806	24
0.288876	0.626619	3.087580	25
0.297249	0.644781	3.633620	26
0.305622	0.662944	4.023939	27
0.313995	0.681107	4.288573	28
0.322369	0.699270	4.476095	29
0.330742	0.717433	4.630555	30
0.339115	0.735596	4.783024	31
0.347488	0.753759	4.951380	32
0.355862	0.771921	5.143471	33
0.364235	0.790084	5.361090	34
0.372608	0.808247	5.603616	35
0.380981	0.826410	5.870828	36
0.389354	0.844573	6.164568	37
0.397728	0.862736	6.488882	38
0.406101	0.880898	6.848005	39
0.414474	0.899061	7.241180	40
14
0.072685	0.197020	0.002097	1
0.079607	0.215784	0.010634	2
0.086530	0.234548	0.020364	3
0.093452	0.253312	0.029427	4
0.100374	0.272075	0.037278	5
0.107297	0.290839	0.043744	6
0.114219	0.309603	0.048668	7
0.121141	0.328367	0.051812	8
0.128064	0.347131	0.052886	9
0.134986	0.365894	0.051628	10
0.141908	0.384658	0.047926	11
0.148831	0.403422	0.041980	12
0.155753	0.422186	0.034535	13
0.162675	0.440950	0.027198	14
0.169598	0.459714	0.022912	15
0.176520	0.478477	0.026668	16
0.183443	0.497241	0.046658	17
0.190365	0.516005	0.096126	18
0.197287	0.534769	0.195950	19
0.204210	0.553533	0.379734	20
0.211132	0.572296	0.701286	21
0.218054	0.591060	1.239433	22
0.224977	0.609824	2.074174	23
0.231899	0.628588	3.202481	24
0.238821	0.647352	4.229201	25
0.245744	0.666116	4.803511	26
0.252666	0.684879	5.009753	27
0.259589	0.703643	5.014039	28
0.266511	0.722407	4.947256	29
0.273433	0.741171	4.888871	30
0.280356	0.759935	4.878609	31
0.287278	0.778699	4.930957	32
0.294200	0.797462	5.046283	33
0.301123	0.816226	5.218204	34
0.308045	0.834990	5.438185	35
0.314967	0.853754	5.698153	36
0.321890	0.872518	5.991424	37
0.328812	0.891281	6.311815	38
0.335734	0.910045	6.650306	39
0.342657	0.928809	6.988238	40
15
0.057003	0.202116	0.000629	1
0.062432	0.221365	0.005313	2
0.067860	0.240614	0.012963	3
0.073289	0.259863	0.022277	4
0.078718	0.279112	0.032700	5
0.084147	0.298361	0.043876	6
0.089576	0.317610	0.055364	7
0.095005	0.336859	0.066570	8
0.100433	0.356108	0.076756	9
0.105862	0.375357	0.085065	10
0.111291	0.394607	0.090582	11
0.116720	0.413856	0.092440	12
0.122149	0.433105	0.090018	13
0.127578	0.452354	0.083279	14
0.133006	0.471603	0.073327	15
0.138435	0.490852	0.063307	16
0.143864	0.510101	0.059865	17
0.149293	0.529350	0.075578	18
0.154722	0.548599	0.133088	19
0.160150	0.567848	0.272161	20
0.165579	0.587098	0.565004	21
0.171008	0.606347	1.150146	22
0.176437	0.625596	2.297194	23
0.181866	0.644845	4.688386	24
0.187295	0.664094	6.512880	25
0.192723	0.683343	6.622434	26
0.198152	0.702592	6.191219	27
0.203581	0.721841	5.679406	28
0.209010	0.741090	5.250795	29
0.214439	0.760339	4.954476	30
0.219868	0.779589	4.793816	31
0.225296	0.798838	4.754906	32
0.230725	0.818087	4.818549	33
0.236154	0.837336	4.965175	34
0.241583	0.856585	5.176709	35
0.247012	0.875834	5.436945	36
0.252441	0.895083	5.730716	37
0.257869	0.914332	6.041509	38
0.263298	0.933581	6.346741	39
0.268727	0.952830	6.609760	40
16
0.040969	0.205965	0.000057	1
0.044871	0.225581	0.001455	2
0.048773	0.245196	0.006484	3
0.052675	0.264812	0.016477	4
0.056577	0.284428	0.031780	5
0.060478	0.304043	0.052077	6
0.064380	0.323659	0.076798	7
0.068282	0.343275	0.105276	8
0.072184	0.362890	0.136754	9
0.076086	0.382506	0.170293	10
0.079987	0.402122	0.204660	11
0.083889	0.421738	0.238200	12
0.087791	0.441353	0.268727	13
0.091693	0.460969	0.293459	14
0.095595	0.480585	0.309078	15
0.099497	0.500200	0.312055	16
0.103398	0.519816	0.299497	17
0.107300	0.539432	0.271039	18
0.111202	0.559047	0.232873	19
0.115104	0.578663	0.206603	20
0.119006	0.598279	0.251228	21
0.122908	0.617895	0.529024	22
0.126809	0.637510	1.534840	23
0.130711	0.657126	7.727997	24
0.134613	0.676742	9.239782	25
0.138515	0.696357	7.198900	26
0.142417	0.715973	6.097132	27
0.146319	0.735589	5.348276	28
0.150220	0.755204	4.843769	29
0.154122	0.774820	4.533931	30
0.158024	0.794436	4.381916	31
0.161926	0.814052	4.358224	32
0.165828	0.833667	4.438537	33
0.169730	0.853283	4.601830	34
0.173631	0.872899	4.828887	35
0.177533	0.892514	5.100933	36
0.181435	0.912130	5.397757	37
0.185337	0.931746	5.694548	38
0.189239	0.951362	5.956591	39
0.193141	0.970977	6.131242	40
17
0.081102	0.685217	18.083721	25
0.083452	0.705079	9.813672	26
0.085803	0.724940	6.500481	27
0.088154	0.744801	5.056358	28
0.090505	0.764663	4.379506	29
0.092856	0.784524	4.061837	30
0.095206	0.804385	3.942969	31
0.097557	0.824247	3.954210	32
0.099908	0.844108	4.061616	33
0.102259	0.863969	4.243649	34
0.104609	0.883831	4.482078	35
0.106960	0.903692	4.757575	36
0.109311	0.923554	5.046537	37
0.111662	0.943415	5.317411	38
0.114012	0.963276	5.525589	39
0.116363	0.983138	5.606908	40
18
0.027090	0.689468	21.117517	25
0.027875	0.709453	12.549939	26
0.028661	0.729437	8.296246	27
0.029446	0.749422	6.064004	28
0.030231	0.769406	4.876075	29
0.031016	0.789391	4.257427	30
0.031801	0.809375	3.965981	31
0.032587	0.829360	3.875930	32
0.033372	0.849345	3.920055	33
0.034157	0.869329	4.057760	34
0.034942	0.889314	4.260360	35
0.035728	0.909298	4.501927	36
0.036513	0.929283	4.752965	37
0.037298	0.949268	4.975305	38
0.038083	0.969252	5.117381	39
0.038868	0.989237	5.110462	40
19
-0.027088	0.689468	14.042445	25
-0.027874	0.709453	10.277607	26
-0.028659	0.729437	8.157160	27
-0.029444	0.749422	6.667440	28
-0.030229	0.769406	5.602650	29
-0.031014	0.789391	4.879732	30
-0.031799	0.809376	4.424016	31
-0.032585	0.829360	4.176599	32
-0.033370	0.849345	4.091196	33
-0.034155	0.869329	4.122849	34
-0.034940	0.889314	4.236126	35
-0.035725	0.909298	4.398953	36
-0.036510	0.929283	4.576266	37
-0.037296	0.949268	4.725182	38
-0.038081	0.969252	4.791921	39
-0.038866	0.989237	4.711607	40
20
-0.024683	0.208544	0.000013	1
-0.027033	0.228406	0.000790	2
-0.029384	0.248267	0.004072	3
-0.031735	0.268129	0.011244	4
-0.034085	0.287990	0.023154	5
-0.036436	0.307851	0.040284	6
-0.038787	0.327713	0.062966	7
-0.041138	0.347574	0.091480	8
-0.043488	0.367435	0.126059	9
-0.045839	0.387297	0.166859	10
-0.048190	0.407158	0.213916	11
-0.050540	0.427020	0.267109	12
-0.052891	0.446881	0.326114	13
-0.055242	0.466742	0.390320	14
-0.057593	0.486604	0.458665	15
-0.059943	0.506465	0.529266	16
-0.062294	0.526326	0.598631	17
-0.064645	0.546188	0.660152	18
-0.066996	0.566049	0.701562	19
-0.069346	0.585910	0.702302	20
-0.071697	0.605772	0.638540	21
-0.074048	0.625633	0.535066	22
-0.076398	0.645495	0.728044	23
-0.078749	0.665356	4.632667	24
-0.081100	0.685217	7.440341	25
-0.083451	0.705079	7.751516	26
-0.085801	0.724940	7.548868	27
-0.088152	0.744801	6.980719	28
-0.090503	0.764663	6.291603	29
-0.092853	0.784524	5.646717	30
-0.095204	0.804386	5.121396	31
-0.097555	0.824247	4.745123	32
-0.099906	0.844108	4.519556	33
-0.102256	0.863970	4.417358	34
-0.104607	0.883831	4.408113	35
-0.106958	0.903692	4.460759	36
-0.109308	0.923554	4.538559	37
-0.111659	0.943415	4.597685	38
-0.114010	0.963277	4.587986	39
-0.116361	0.983138	4.456039	40
21
-0.040969	0.205965	0.000378	1
-0.044870	0.225581	0.003316	2
-0.048772	0.245196	0.008716	3
-0.052674	0.264812	0.016315	4
-0.056576	0.284428	0.026148	5
-0.060478	0.304044	0.038272	6
-0.064379	0.323659	0.052614	7
-0.068281	0.343275	0.068916	8
-0.072183	0.362891	0.086716	9
-0.076085	0.382506	0.105313	10
-0.079986	0.402122	0.123735	11
-0.083888	0.421738	0.140710	12
-0.087790	0.441354	0.154639	13
-0.091692	0.460969	0.163629	14
-0.095594	0.480585	0.165634	15
-0.099495	0.500201	0.158889	16
-0.103397	0.519816	0.142941	17
-0.107299	0.539432	0.120918	18
-0.111201	0.559048	0.104140	19
-0.115102	0.578663	0.120760	20
-0.119004	0.598279	0.229931	21
-0.122906	0.617895	0.544808	22
-0.126808	0.637511	1.291766	23
-0.130710	0.657126	3.037705	24
-0.134611	0.676742	4.973035	25
-0.138513	0.696358	6.126381	26
-0.142415	0.715973	6.672373	27
-0.146317	0.735589	6.755873	28
-0.150218	0.755205	6.531902	29
-0.154120	0.774821	6.149747	30
-0.158022	0.794436	5.727222	31
-0.161924	0.814052	5.344613	32
-0.165826	0.833668	5.045450	33
-0.169727	0.853283	4.838916	34
-0.173629	0.872899	4.715359	35
-0.177531	0.892515	4.655024	36
-0.181433	0.912131	4.627662	37
-0.185334	0.931746	4.595661	38
-0.189236	0.951362	4.518731	39
-0.193138	0.970978	4.360017	40
22
-0.057002	0.202116	0.001214	1
-0.062431	0.221365	0.006324	2
-0.067860	0.240614	0.012868	3
-0.073289	0.259863	0.020089	4
-0.078717	0.279112	0.027760	5
-0.084146	0.298361	0.035724	6
-0.089575	0.317610	0.043720	7
-0.095004	0.336859	0.051328	8
-0.100432	0.356109	0.057965	9
-0.105861	0.375358	0.062914	10
-0.111290	0.394607	0.065386	11
-0.116719	0.413856	0.064617	12
-0.122148	0.433105	0.060039	13
-0.127576	0.452354	0.051567	14
-0.133005	0.471603	0.040056	15
-0.138434	0.490852	0.028020	16
-0.143863	0.510101	0.020703	17
-0.149291	0.529351	0.027681	18
-0.154720	0.548600	0.065196	19
-0.160149	0.567849	0.159078	20
-0.165578	0.587098	0.350754	21
-0.171007	0.606347	0.710577	22
-0.176435	0.625596	1.350959	23
-0.181864	0.644845	2.365065	24
-0.187293	0.664094	3.571205	25
-0.192722	0.683344	4.668634	26
-0.198150	0.702593	5.501309	27
-0.203579	0.721842	6.013711	28
-0.209008	0.741091	6.222614	29
-0.214437	0.760340	6.192532	30
-0.219866	0.779589	6.008378	31
-0.225294	0.798838	5.752228	32
-0.230723	0.818087	5.487727	33
-0.236152	0.837336	5.253370	34
-0.241581	0.856586	5.065158	35
-0.247009	0.875835	4.921682	36
-0.252438	0.895084	4.808090	37
-0.257867	0.914333	4.701303	38
-0.263296	0.933582	4.576752	39
-0.268725	0.952831	4.417171	40
23
-0.072684	0.197020	0.002101	1
-0.079607	0.215784	0.008538	2
-0.086529	0.234548	0.015257	3
-0.093451	0.253312	0.021635	4
-0.100374	0.272076	0.027595	5
-0.107296	0.290839	0.032998	6
-0.114218	0.309603	0.037564	7
-0.121140	0.328367	0.040891	8
-0.128063	0.347131	0.042493	9
-0.134985	0.365895	0.041881	10
-0.141907	0.384659	0.038669	11
-0.148830	0.403423	0.032728	12
-0.155752	0.422186	0.024395	13
-0.162674	0.440950	0.014754	14
-0.169597	0.459714	0.006015	15
-0.176519	0.478478	0.002009	16
-0.183441	0.497242	0.008879	17
-0.190364	0.516006	0.036096	18
-0.197286	0.534769	0.097919	19
-0.204208	0.553533	0.215362	20
-0.211130	0.572297	0.420884	21
-0.218053	0.591061	0.761566	22
-0.224975	0.609825	1.287111	23
-0.231897	0.628589	2.007482	24
-0.238820	0.647352	2.869713	25
-0.245742	0.666116	3.767914	26
-0.252664	0.684880	4.589402	27
-0.259587	0.703644	5.248568	28
-0.266509	0.722408	5.699378	29
-0.273431	0.741172	5.937642	30
-0.280354	0.759935	5.993309	31
-0.287276	0.778699	5.916077	32
-0.294198	0.797463	5.759643	33
-0.301121	0.816227	5.569511	34
-0.308043	0.834991	5.376922	35
-0.314965	0.853755	5.197874	36
-0.321887	0.872518	5.035440	37
-0.328810	0.891282	4.884768	38
-0.335732	0.910046	4.740401	39
-0.342654	0.928810	4.606077	40
24
-0.087918	0.190710	0.002699	1
-0.096291	0.208873	0.009029	2
-0.104665	0.227036	0.015234	3
-0.113038	0.245199	0.020928	4
-0.121411	0.263362	0.026204	5
-0.129784	0.281525	0.030955	6
-0.138157	0.299687	0.034878	7
-0.146530	0.317850	0.037536	8
-0.154904	0.336013	0.038433	9
-0.163277	0.354176	0.037115	10
-0.171650	0.372339	0.033291	11
-0.180023	0.390502	0.027008	12
-0.188396	0.408665	0.018862	13
-0.196769	0.426828	0.010279	14
-0.205143	0.444991	0.003866	15
-0.213516	0.463153	0.003865	16
-0.221889	0.481316	0.016772	17
-0.230262	0.499479	0.052154	18
-0.238635	0.517642	0.123344	19
-0.247008	0.535805	0.249253	20
-0.255382	0.553968	0.455103	21
-0.263755	0.572131	0.770960	22
-0.272128	0.590294	1.216817	23
-0.280501	0.608456	1.790979	24
-0.288874	0.626619	2.475497	25
-0.297247	0.644782	3.221941	26
-0.305620	0.662945	3.964557	27
-0.313994	0.681108	4.637052	28
-0.322367	0.699271	5.185586	29
-0.330740	0.717434	5.578327	30
-0.339113	0.735597	5.809170	31
-0.347486	0.753759	5.894749	32
-0.355859	0.771922	5.866408	33
-0.364233	0.790085	5.760503	34
-0.372606	0.808248	5.610367	35
-0.380979	0.826411	5.441752	36
-0.389352	0.844574	5.272169	37
-0.397725	0.862737	5.113910	38
-0.406098	0.880900	4.980310	39
-0.414472	0.899062	4.895074	40
25
-0.102610	0.183224	0.002949	1
-0.112383	0.200674	0.007908	2
-0.122155	0.218124	0.013257	3
-0.131927	0.235574	0.018753	4
-0.141700	0.253024	0.024445	5
-0.151472	0.270474	0.030120	6
-0.161245	0.287924	0.035328	7
-0.171017	0.305374	0.039457	8
-0.180789	0.322824	0.041814	9
-0.190562	0.340274	0.041744	10
-0.200334	0.357724	0.038779	11
-0.210106	0.375174	0.032855	12
-0.219879	0.392624	0.024576	13
-0.229651	0.410074	0.015554	14
-0.239424	0.427523	0.008807	15
-0.249196	0.444973	0.009215	16
-0.258968	0.462423	0.024015	17
-0.268741	0.479873	0.063234	18
-0.278513	0.497323	0.139873	19
-0.288286	0.514773	0.270491	20
-0.298058	0.532223	0.474279	21
-0.307830	0.549673	0.769623	22
-0.317603	0.567123	1.163244	23
-0.327375	0.584573	1.656096	24
-0.337148	0.602023	2.238366	25
-0.346920	0.619473	2.882354	26
-0.356692	0.636923	3.548135	27
-0.366465	0.654373	4.189408	28
-0.376237	0.671823	4.760956	29
-0.386010	0.689273	5.226373	30
-0.395782	0.706722	5.564112	31
-0.405554	0.724172	5.769986	32
-0.415327	0.741622	5.855529	33
-0.425099	0.759072	5.843216	34
-0.434872	0.776522	5.760610	35
-0.444644	0.793972	5.635584	36
-0.454416	0.811422	5.494102	37
-0.464189	0.828872	5.361276	38
-0.473961	0.846322	5.265796	39
-0.483734	0.863772	5.247724	40
26
-0.116669	0.174609	0.002971	1
-0.127781	0.191238	0.006136	2
-0.138892	0.207868	0.010699	3
-0.150004	0.224497	0.016466	4
-0.161115	0.241126	0.023270	5
-0.172226	0.257756	0.030670	6
-0.183338	0.274385	0.037980	7
-0.194449	0.291015	0.044324	8
-0.205560	0.307644	0.048719	9
-0.216672	0.324274	0.050213	10
-0.227783	0.340903	0.048082	11
-0.238895	0.357532	0.042101	12
-0.250006	0.374162	0.032897	13
-0.261117	0.390791	0.022355	14
-0.272229	0.407421	0.014054	15
-0.283340	0.424050	0.013669	16
-0.294451	0.440679	0.029228	17
-0.305563	0.457309	0.071077	18
-0.316674	0.473938	0.151888	19
-0.327786	0.490568	0.286171	20
-0.338897	0.507197	0.488357	21
-0.350008	0.523826	0.768473	22
-0.361120	0.540456	1.131763	23
-0.372231	0.557085	1.577566	24
-0.383342	0.573715	2.097464	25
-0.394454	0.590344	2.673025	26
-0.405565	0.606974	3.277458	27
-0.416677	0.623603	3.877955	28
-0.427788	0.640232	4.439457	29
-0.438899	0.656862	4.929480	30
-0.450011	0.673491	5.323054	31
-0.461122	0.690121	5.606476	32
-0.472233	0.706750	5.778800	33
-0.483345	0.723379	5.850815	34
-0.494456	0.740009	5.842251	35
-0.505568	0.756638	5.778583	36
-0.516679	0.773268	5.688877	37
-0.527790	0.789897	5.605778	38
-0.538902	0.806527	5.568256	39
-0.550013	0.823156	5.627416	40
27
-0.130009	0.164917	0.002930	1
-0.142391	0.180623	0.004892	2
-0.154773	0.196330	0.009112	3
-0.167155	0.212036	0.015402	4
-0.179537	0.227742	0.023394	5
-0.191919	0.243449	0.032446	6
-0.204301	0.259155	0.041664	7
-0.216682	0.274861	0.049942	8
-0.229064	0.290568	0.056048	9
-0.241446	0.306274	0.058778	10
-0.253828	0.321980	0.057193	11
-0.266210	0.337687	0.050952	12
-0.278592	0.353393	0.040723	13
-0.290973	0.369100	0.028655	14
-0.303355	0.384806	0.018831	15
-0.315737	0.400512	0.017601	16
-0.328119	0.416219	0.033661	17
-0.340501	0.431925	0.077757	18
-0.352883	0.447631	0.162205	19
-0.365265	0.463338	0.299918	20
-0.377646	0.479044	0.501838	21
-0.390028	0.494750	0.775509	22
-0.402410	0.510457	1.123794	23
-0.414792	0.526163	1.543801	24
-0.427174	0.541869	2.026757	25
-0.439556	0.557576	2.557729	26
-0.451937	0.573282	3.116355	27
-0.464319	0.588989	3.678104	28
-0.476701	0.604695	4.216172	29
-0.489083	0.620401	4.704156	30
-0.501465	0.636108	5.119297	31
-0.513847	0.651814	5.445676	32
-0.526229	0.667520	5.676575	33
-0.538610	0.683227	5.815421	34
-0.550992	0.698933	5.875331	35
-0.563374	0.714639	5.877794	36
-0.575756	0.730346	5.851415	37
-0.588138	0.746052	5.831697	38
-0.600520	0.761759	5.862596	39
-0.612902	0.777465	6.000368	40
28
-0.142548	0.154208	0.002939	1
-0.156124	0.168894	0.004953	2
-0.169700	0.183581	0.009441	3
-0.183276	0.198267	0.016233	4
-0.196852	0.212954	0.024938	5
-0.210428	0.227640	0.034878	6
-0.224004	0.242327	0.045098	7
-0.237580	0.257013	0.054408	8
-0.251156	0.271700	0.061468	9
-0.264732	0.286386	0.064947	10
-0.278308	0.301073	0.063787	11
-0.291884	0.315759	0.057560	12
-0.305460	0.330446	0.046922	13
-0.319036	0.345132	0.034130	14
-0.332612	0.359819	0.023526	15
-0.346188	0.374505	0.021867	16
-0.359764	0.389192	0.038328	17
-0.373340	0.403878	0.084106	18
-0.386916	0.418565	0.171667	19
-0.400492	0.433251	0.313351	20
-0.414068	0.447938	0.519190	21
-0.427644	0.462624	0.795004	22
-0.441220	0.477310	1.141329	23
-0.454796	0.491997	1.552752	24
-0.468372	0.506683	2.018449	25
-0.481948	0.521370	2.523318	26
-0.495523	0.536056	3.049397	27
-0.509099	0.550743	3.577058	28
-0.522675	0.565429	4.085899	29
-0.536251	0.580116	4.555891	30
-0.549827	0.594802	4.969018	31
-0.563403	0.609489	5.311399	32
-0.576979	0.624175	5.575366	33
-0.590555	0.638862	5.761016	34
-0.604131	0.653548	5.877100	35
-0.617707	0.668235	5.941186	36
-0.631283	0.682921	5.979456	37
-0.644859	0.697608	6.026726	38
-0.658435	0.712294	6.127275	39
-0.672011	0.726981	6.336919	40
29
-0.154207	0.142548	0.003003	1
-0.168894	0.156125	0.006319	2
-0.183580	0.169701	0.011567	3
-0.198267	0.183277	0.018610	4
-0.212953	0.196853	0.027253	5
-0.227640	0.210429	0.036978	6
-0.242326	0.224005	0.046959	7
-0.257012	0.237581	0.056114	8
-0.271699	0.251157	0.063182	9
-0.286385	0.264733	0.066881	10
-0.301072	0.278309	0.066147	11
-0.315758	0.291885	0.060490	12
-0.330445	0.305461	0.050455	13
-0.345131	0.319037	0.038167	14
-0.359817	0.332613	0.027883	15
-0.374504	0.346189	0.026422	16
-0.389190	0.359765	0.043273	17
-0.403877	0.373341	0.090259	18
-0.418563	0.386917	0.180747	19
-0.433249	0.400493	0.328007	20
-0.447936	0.414069	0.542802	21
-0.462622	0.427645	0.830732	22
-0.477309	0.441221	1.190157	23
-0.491995	0.454797	1.611557	24
-0.506682	0.468374	2.079294	25
-0.521368	0.481950	2.574564	26
-0.536054	0.495526	3.078752	27
-0.550741	0.509102	3.575393	28
-0.565427	0.522678	4.049799	29
-0.580114	0.536254	4.488781	30
-0.594800	0.549830	4.880570	31
-0.609487	0.563406	5.216007	32
-0.624173	0.576982	5.489858	33
-0.638859	0.590558	5.701855	34
-0.653546	0.604134	5.858371	35
-0.668232	0.617710	5.973609	36
-0.682919	0.631286	6.070278	37
-0.697605	0.644862	6.179960	38
-0.712292	0.658438	6.343470	39
-0.726978	0.672014	6.611337	40
30
-0.164916	0.130010	0.003013	1
-0.180623	0.142392	0.008190	2
-0.196329	0.154774	0.014318	3
-0.212035	0.167156	0.021272	4
-0.227742	0.179538	0.029122	5
-0.243448	0.191920	0.037613	6
-0.259154	0.204302	0.046178	7
-0.274860	0.216683	0.053996	8
-0.290567	0.229065	0.060072	9
-0.306273	0.241447	0.063350	10
-0.321979	0.253829	0.062916	11
-0.337686	0.266211	0.058298	12
-0.353392	0.278593	0.049882	13
-0.369098	0.290975	0.039454	14
-0.384805	0.303357	0.030825	15
-0.400511	0.315739	0.030447	16
-0.416217	0.328121	0.047832	17
-0.431924	0.340503	0.095567	18
-0.447630	0.352884	0.188812	19
-0.463336	0.365266	0.343706	20
-0.479043	0.377648	0.574311	21
-0.494749	0.390030	0.888289	22
-0.510455	0.402412	1.282262	23
-0.526161	0.414794	1.739240	24
-0.541868	0.427176	2.233473	25
-0.557574	0.439558	2.736787	26
-0.573280	0.451940	3.226464	27
-0.588987	0.464322	3.689512	28
-0.604693	0.476704	4.118381	29
-0.620399	0.489086	4.509248	30
-0.636106	0.501467	4.858324	31
-0.651812	0.513849	5.163381	32
-0.667518	0.526231	5.424472	33
-0.683225	0.538613	5.642359	34
-0.698931	0.550995	5.822066	35
-0.714637	0.563377	5.974672	36
-0.730344	0.575759	6.118599	37
-0.746050	0.588141	6.280244	38
-0.761756	0.600523	6.493896	39
-0.777462	0.612905	6.800745	40
31
-0.174608	0.116670	0.002786	1
-0.191238	0.127782	0.009317	2
-0.207867	0.138893	0.016009	3
-0.224496	0.150004	0.022623	4
-0.241126	0.161116	0.029344	5
-0.257755	0.172227	0.036108	6
-0.274385	0.183339	0.042601	7
-0.291014	0.194450	0.048309	8
-0.307643	0.205562	0.052581	9
-0.324273	0.216673	0.054709	10
-0.340902	0.227785	0.054074	11
-0.357531	0.238896	0.050364	12
-0.374161	0.250007	0.043899	13
-0.390790	0.261119	0.036111	14
-0.407420	0.272230	0.030169	15
-0.424049	0.283342	0.031776	16
-0.440678	0.294453	0.050028	17
-0.457308	0.305565	0.098093	18
-0.473937	0.316676	0.193582	19
-0.490566	0.327787	0.357782	20
-0.507196	0.338899	0.612450	21
-0.523825	0.350010	0.972942	22
-0.540454	0.361122	1.437294	23
-0.557084	0.372233	1.974386	24
-0.573713	0.383345	2.534814	25
-0.590343	0.394456	3.069129	26
-0.606972	0.405568	3.545344	27
-0.623601	0.416679	3.957524	28
-0.640231	0.427790	4.313031	29
-0.656860	0.438902	4.624071	30
-0.673489	0.450013	4.900032	31
-0.690119	0.461125	5.147809	32
-0.706748	0.472236	5.372425	33
-0.723378	0.483348	5.575920	34
-0.740007	0.494459	5.761711	35
-0.756636	0.505571	5.937103	36
-0.773266	0.516682	6.115069	37
-0.789895	0.527793	6.314969	38
-0.806524	0.538905	6.561888	39
-0.823154	0.550016	6.884056	40
32
-0.183224	0.102611	0.002178	1
-0.200674	0.112383	0.008691	2
-0.218124	0.122156	0.015343	3
-0.235574	0.131928	0.021591	4
-0.253024	0.141701	0.027455	5
-0.270473	0.151473	0.032883	6
-0.287923	0.161246	0.037680	7
-0.305373	0.171018	0.041527	8
-0.322823	0.180791	0.044012	9
-0.340273	0.190563	0.044710	10
-0.357723	0.200336	0.043281	11
-0.375173	0.210108	0.039638	12
-0.392623	0.219880	0.034189	13
-0.410073	0.229653	0.028204	14
-0.427523	0.239425	0.024370	15
-0.444972	0.249198	0.027605	16
-0.462422	0.258970	0.046237	17
-0.479872	0.268743	0.093511	18
-0.497322	0.278515	0.189254	19
-0.514772	0.288288	0.361701	20
-0.532222	0.298060	0.646984	21
-0.549672	0.307833	1.082155	22
-0.567122	0.317605	1.678846	23
-0.584572	0.327378	2.394090	24
-0.602021	0.337150	3.104960	25
-0.619471	0.346922	3.695328	26
-0.636921	0.356695	4.129661	27
-0.654371	0.366467	4.433312	28
-0.671821	0.376240	4.651747	29
-0.689271	0.386012	4.826377	30
-0.706721	0.395785	4.985392	31
-0.724171	0.405557	5.144326	32
-0.741621	0.415330	5.309479	33
-0.759071	0.425102	5.481539	34
-0.776520	0.434875	5.659967	35
-0.793970	0.444647	5.846357	36
-0.811420	0.454420	6.046470	37
-0.828870	0.464192	6.270678	38
-0.846320	0.473964	6.532373	39
-0.863770	0.483737	6.843481	40
33
-0.190710	0.087919	0.001251	1
-0.208873	0.096292	0.006278	2
-0.227036	0.104665	0.012249	3
-0.245198	0.113039	0.018301	4
-0.263361	0.121412	0.024176	5
-0.281524	0.129785	0.029729	6
-0.299687	0.138158	0.034742	7
-0.317850	0.146532	0.038885	8
-0.336013	0.154905	0.041732	9
-0.354175	0.163278	0.042819	10
-0.372338	0.171651	0.041747	11
-0.390501	0.180025	0.038329	12
-0.408664	0.188398	0.032827	13
-0.426827	0.196771	0.026282	14
-0.444990	0.205144	0.021030	15
-0.463153	0.213518	0.021474	16
-0.481315	0.221891	0.035339	17
-0.499478	0.230264	0.075682	18
-0.517641	0.238637	0.163821	19
-0.535804	0.247010	0.334415	20
-0.553967	0.255384	0.643240	21
-0.572130	0.263757	1.172953	22
-0.590292	0.272130	2.008372	23
-0.608455	0.280503	3.153843	24
-0.626618	0.288877	4.216940	25
-0.644781	0.297250	4.837820	26
-0.662944	0.305623	5.088923	27
-0.681107	0.313996	5.130508	28
-0.699270	0.322370	5.091536	29
-0.717432	0.330743	5.050679	30
-0.735595	0.339116	5.046605	31
-0.753758	0.347489	5.092343	32
-0.771921	0.355863	5.186699	33
-0.790084	0.364236	5.322054	34
-0.808247	0.372609	5.489621	35
-0.826409	0.380982	5.682667	36
-0.844572	0.389355	5.897948	37
-0.862735	0.397729	6.135217	38
-0.880898	0.406102	6.394261	39
-0.899061	0.414475	6.668469	40
34
-0.197020	0.072685	0.000386	1
-0.215784	0.079607	0.003216	2
-0.234548	0.086530	0.007955	3
-0.253311	0.093452	0.014009	4
-0.272075	0.100375	0.021187	5
-0.290839	0.107297	0.029367	6
-0.309603	0.114219	0.038319	7
-0.328367	0.121142	0.047645	8
-0.347130	0.128064	0.056766	9
-0.365894	0.134987	0.064927	10
-0.384658	0.141909	0.071228	11
-0.403422	0.148831	0.074715	12
-0.422186	0.155754	0.074549	13
-0.440950	0.162676	0.070328	14
-0.459713	0.169598	0.062625	15
-0.478477	0.176521	0.053886	16
-0.497241	0.183443	0.049905	17
-0.516005	0.190366	0.062310	18
-0.534769	0.197288	0.112846	19
-0.553532	0.204210	0.240769	20
-0.572296	0.211133	0.518298	21
-0.591060	0.218055	1.085495	22
-0.609824	0.224978	2.216938	23
-0.628588	0.231900	4.597963	24
-0.647351	0.238822	6.462160	25
-0.666115	0.245745	6.633410	26
-0.684879	0.252667	6.252278	27
-0.703643	0.259589	5.775853	28
-0.722407	0.266512	5.370884	29
-0.741171	0.273434	5.088733	30
-0.759934	0.280357	4.933282	31
-0.778698	0.287279	4.889770	32
-0.797462	0.294201	4.937485	33
-0.816226	0.301124	5.055442	34
-0.834990	0.308046	5.224995	35
-0.853753	0.314969	5.430879	36
-0.872517	0.321891	5.660927	37
-0.891281	0.328813	5.904106	38
-0.910045	0.335736	6.146106	39
-0.928809	0.342658	6.361440	40
35
-0.202115	0.057003	0.000035	1
-0.221365	0.062432	0.000893	2
-0.240614	0.067861	0.004014	3
-0.259863	0.073290	0.010392	4
-0.279112	0.078718	0.020540	5
-0.298361	0.084147	0.034629	6
-0.317610	0.089576	0.052668	7
-0.336859	0.095005	0.074555	8
-0.356108	0.100434	0.100039	9
-0.375357	0.105863	0.128625	10
-0.394606	0.111292	0.159466	11
-0.413855	0.116720	0.191223	12
-0.433105	0.122149	0.221946	13
-0.452354	0.127578	0.248977	14
-0.471603	0.133007	0.268975	15
-0.490852	0.138436	0.278171	16
-0.510101	0.143865	0.273146	17
-0.529350	0.149294	0.252615	18
-0.548599	0.154722	0.221295	19
-0.567848	0.160151	0.198561	20
-0.587097	0.165580	0.240086	21
-0.606346	0.171009	0.502758	22
-0.625595	0.176438	1.471364	23
-0.644845	0.181867	7.566155	24
-0.664094	0.187296	9.181328	25
-0.683343	0.192724	7.236024	26
-0.702592	0.198153	6.172525	27
-0.721841	0.203582	5.443995	28
-0.741090	0.209011	4.951924	29
-0.760339	0.214440	4.649511	30
-0.779588	0.219869	4.499919	31
-0.798837	0.225298	4.472279	32
-0.818086	0.230726	4.540378	33
-0.837335	0.236155	4.681476	34
-0.856585	0.241584	4.875472	35
-0.875834	0.247013	5.104163	36
-0.895083	0.252442	5.349906	37
-0.914332	0.257871	5.592876	38
-0.933581	0.263299	5.805987	39
-0.952830	0.268728	5.946767	40
36
-0.676742	0.134614	17.859067	25
-0.696357	0.138516	9.778670	26
-0.715973	0.142418	6.543558	27
-0.735589	0.146320	5.131801	28
-0.755204	0.150221	4.469267	29
-0.774820	0.154123	4.158406	30
-0.794436	0.158025	4.041700	31
-0.814051	0.161927	4.050190	32
-0.833667	0.165829	4.148553	33
-0.853283	0.169731	4.313756	34
-0.872898	0.173633	4.526671	35
-0.892514	0.177534	4.768326	36
-0.912130	0.181436	5.017307	37
-0.931746	0.185338	5.246499	38
-0.951361	0.189240	5.418159	39
-0.970977	0.193142	5.477124	40
37
-0.685217	0.081103	20.978218	25
-0.705078	0.083453	12.472330	26
-0.724940	0.085804	8.274973	27
-0.744801	0.088155	6.084076	28
-0.764662	0.090506	4.922699	29
-0.784524	0.092857	4.320907	30
-0.804385	0.095207	4.038707	31
-0.824247	0.097558	3.951004	32
-0.844108	0.099909	3.990706	33
-0.863969	0.102260	4.116966	34
-0.883831	0.104611	4.300843	35
-0.903692	0.106961	4.516930	36
-0.923553	0.109312	4.737734	37
-0.943415	0.111663	4.929001	38
-0.963276	0.114014	5.045126	39
-0.983137	0.116365	5.024959	40
38
-0.689468	0.027091	14.011653	25
-0.709453	0.027876	10.229528	26
-0.729437	0.028662	8.121034	27
-0.749422	0.029447	6.655542	28
-0.769406	0.030232	5.614170	29
-0.789391	0.031017	4.911574	30
-0.809375	0.031803	4.470465	31
-0.829360	0.032588	4.229974	32
-0.849345	0.033373	4.144432	33
-0.869329	0.034158	4.169711	34
-0.889314	0.034944	4.270371	35
-0.909298	0.035729	4.414947	36
-0.929283	0.036514	4.570412	37
-0.949267	0.037299	4.697298	38
-0.969252	0.038085	4.746776	39
-0.989237	0.038870	4.659964	40
39
-0.209838	-0.008244	0.000018	1
-0.229823	-0.009029	0.001191	2
-0.249807	-0.009814	0.006189	3
-0.269792	-0.010599	0.016923	4
-0.289776	-0.011385	0.034198	5
-0.309761	-0.012170	0.058042	6
-0.329746	-0.012955	0.088163	7
-0.349730	-0.013740	0.124193	8
-0.369715	-0.014525	0.165761	9
-0.389699	-0.015310	0.212498	10
-0.409684	-0.016095	0.264019	11
-0.429669	-0.016881	0.319900	12
-0.449653	-0.017666	0.379644	13
-0.469638	-0.018451	0.442608	14
-0.489622	-0.019236	0.507834	15
-0.509607	-0.020021	0.573661	16
-0.529591	-0.020806	0.636932	17
-0.549576	-0.021591	0.691456	18
-0.569561	-0.022377	0.725463	19
-0.589545	-0.023162	0.718978	20
-0.609530	-0.023947	0.648984	21
-0.629514	-0.024732	0.541512	22
-0.649499	-0.025517	0.735032	23
-0.669484	-0.026302	4.649747	24
-0.689468	-0.027087	7.439706	25
-0.709453	-0.027873	7.730122	26
-0.729437	-0.028658	7.522360	27
-0.749422	-0.029443	6.961438	28
-0.769406	-0.030228	6.285786	29
-0.789391	-0.031013	5.656934	30
-0.809376	-0.031798	5.146179	31
-0.829360	-0.032583	4.778755	32
-0.849345	-0.033369	4.555870	33
-0.869329	-0.034154	4.451792	34
-0.889314	-0.034939	4.435353	35
-0.909299	-0.035724	4.475529	36
-0.929283	-0.036509	4.538467	37
-0.949268	-0.037294	4.583043	38
-0.969252	-0.038079	4.562968	39
-0.989237	-0.038865	4.429269	40
40
-0.208544	-0.024682	0.000570	1
-0.228406	-0.027033	0.005179	2
-0.248267	-0.029384	0.013573	3
-0.268129	-0.031734	0.024963	4
-0.287990	-0.034085	0.039031	5
-0.307851	-0.036436	0.055527	6
-0.327713	-0.038786	0.074069	7
-0.347574	-0.041137	0.094101	8
-0.367435	-0.043488	0.114897	9
-0.387297	-0.045839	0.135554	10
-0.407158	-0.048189	0.154974	11
-0.427020	-0.050540	0.171842	12
-0.446881	-0.052891	0.184605	13
-0.466742	-0.055241	0.191508	14
-0.486604	-0.057592	0.190732	15
-0.506465	-0.059943	0.180828	16
-0.526326	-0.062293	0.161745	17
-0.546188	-0.064644	0.137079	18
-0.566049	-0.066995	0.118645	19
-0.585911	-0.069345	0.135025	20
-0.605772	-0.071696	0.245526	21
-0.625633	-0.074047	0.562962	22
-0.645495	-0.076398	1.312874	23
-0.665356	-0.078748	3.060884	24
-0.685217	-0.081099	4.984433	25
-0.705079	-0.083450	6.122186	26
-0.724940	-0.085800	6.657804	27
-0.744802	-0.088151	6.738834	28
-0.764663	-0.090502	6.519472	29
-0.784524	-0.092852	6.146663	30
-0.804386	-0.095203	5.734844	31
-0.824247	-0.097554	5.360856	32
-0.844108	-0.099904	5.066449	33
-0.863970	-0.102255	4.861444	34
-0.883831	-0.104606	4.735133	35
-0.903693	-0.106957	4.667505	36
-0.923554	-0.109307	4.631161	37
-0.943415	-0.111658	4.590679	38
-0.963277	-0.114009	4.508692	39
-0.983138	-0.116359	4.351504	40
41
-0.205965	-0.040968	0.001917	1
-0.225581	-0.044870	0.010257	2
-0.245196	-0.048772	0.020738	3
-0.264812	-0.052674	0.031681	4
-0.284428	-0.056575	0.042483	5
-0.304044	-0.060477	0.052844	6
-0.323659	-0.064379	0.062442	7
-0.343275	-0.068281	0.070834	8
-0.362891	-0.072182	0.077453	9
-0.382506	-0.076084	0.081648	10
-0.402122	-0.079986	0.082751	11
-0.421738	-0.083888	0.080182	12
-0.441354	-0.087789	0.073618	13
-0.460969	-0.091691	0.063270	14
-0.480585	-0.095593	0.050329	15
-0.500201	-0.099495	0.037657	16
-0.519816	-0.103396	0.030825	17
-0.539432	-0.107298	0.039637	18
-0.559048	-0.111200	0.080359	19
-0.578664	-0.115102	0.178317	20
-0.598279	-0.119003	0.374064	21
-0.617895	-0.122905	0.736478	22
-0.637511	-0.126807	1.376959	23
-0.657127	-0.130709	2.387165	24
-0.676742	-0.134610	3.581637	25
-0.696358	-0.138512	4.665317	26
-0.715974	-0.142414	5.486921	27
-0.735589	-0.146316	5.993564	28
-0.755205	-0.150217	6.202590	29
-0.774821	-0.154119	6.177490	30
-0.794437	-0.158021	6.001050	31
-0.814052	-0.161923	5.752891	32
-0.833668	-0.165824	5.494800	33
-0.853284	-0.169726	5.264418	34
-0.872899	-0.173628	5.077039	35
-0.892515	-0.177530	4.931340	36
-0.912131	-0.181431	4.813968	37
-0.931747	-0.185333	4.703742	38
-0.951362	-0.189235	4.578355	39
-0.970978	-0.193137	4.422848	40
42
-0.202116	-0.057002	0.003500	1
-0.221365	-0.062431	0.014629	2
-0.240614	-0.067859	0.025802	3
-0.259863	-0.073288	0.035448	4
-0.279112	-0.078717	0.043337	5
-0.298361	-0.084146	0.049383	6
-0.317610	-0.089574	0.053442	7
-0.336860	-0.095003	0.055289	8
-0.356109	-0.100432	0.054666	9
-0.375358	-0.105861	0.051363	10
-0.394607	-0.111289	0.045332	11
-0.413856	-0.116718	0.036826	12
-0.433105	-0.122147	0.026595	13
-0.452354	-0.127576	0.016132	14
-0.471603	-0.133004	0.007999	15
-0.490853	-0.138433	0.006260	16
-0.510102	-0.143862	0.017092	17
-0.529351	-0.149291	0.049699	18
-0.548600	-0.154719	0.117524	19
-0.567849	-0.160148	0.240478	20
-0.587098	-0.165577	0.449486	21
-0.606347	-0.171006	0.789963	22
-0.625596	-0.176434	1.311843	23
-0.644846	-0.181863	2.024539	24
-0.664095	-0.187292	2.873062	25
-0.683344	-0.192721	3.756834	26
-0.702593	-0.198150	4.566424	27
-0.721842	-0.203578	5.218320	28
-0.741091	-0.209007	5.667228	29
-0.760340	-0.214436	5.908480	30
-0.779589	-0.219865	5.970620	31
-0.798838	-0.225293	5.901494	32
-0.818088	-0.230722	5.753041	33
-0.837337	-0.236151	5.569487	34
-0.856586	-0.241580	5.381319	35
-0.875835	-0.247008	5.204522	36
-0.895084	-0.252437	5.043011	37
-0.914333	-0.257866	4.893345	38
-0.933582	-0.263295	4.751833	39
-0.952831	-0.268723	4.624079	40
43
-0.197020	-0.072684	0.004810	1
-0.215784	-0.079606	0.016698	2
-0.234548	-0.086529	0.027400	3
-0.253312	-0.093451	0.035670	4
-0.272076	-0.100373	0.041703	5
-0.290840	-0.107295	0.045627	6
-0.309603	-0.114218	0.047407	7
-0.328367	-0.121140	0.046916	8
-0.347131	-0.128062	0.044035	9
-0.365895	-0.134985	0.038760	10
-0.384659	-0.141907	0.031321	11
-0.403423	-0.148829	0.022320	12
-0.422187	-0.155751	0.012901	13
-0.440950	-0.162674	0.004948	14
-0.459714	-0.169596	0.001341	15
-0.478478	-0.176518	0.006309	16
-0.497242	-0.183441	0.025956	17
-0.516006	-0.190363	0.069016	18
-0.534770	-0.197285	0.147400	19
-0.553533	-0.204207	0.278425	20
-0.572297	-0.211130	0.485680	21
-0.591061	-0.218052	0.798089	22
-0.609825	-0.224974	1.236964	23
-0.628589	-0.231897	1.799361	24
-0.647353	-0.238819	2.467012	25
-0.666117	-0.245741	3.196977	26
-0.684880	-0.252663	3.926190	27
-0.703644	-0.259586	4.590192	28
-0.722408	-0.266508	5.135891	29
-0.741172	-0.273430	5.531153	30
-0.759936	-0.280353	5.768743	31
-0.778700	-0.287275	5.863680	32
-0.797464	-0.294197	5.845607	33
-0.816227	-0.301119	5.749456	34
-0.834991	-0.308042	5.607642	35
-0.853755	-0.314964	5.445664	36
-0.872519	-0.321886	5.281486	37
-0.891283	-0.328809	5.128433	38
-0.910047	-0.335731	5.001295	39
-0.928810	-0.342653	4.925509	40
44
-0.190710	-0.087918	0.005675	1
-0.208873	-0.096291	0.016104	2
-0.227036	-0.104664	0.025485	3
-0.245199	-0.113037	0.032803	4
-0.263362	-0.121411	0.038336	5
-0.281525	-0.129784	0.042171	6
-0.299688	-0.138157	0.044167	7
-0.317851	-0.146530	0.044075	8
-0.336013	-0.154903	0.041672	9
-0.354176	-0.163276	0.036881	10
-0.372339	-0.171649	0.029911	11
-0.390502	-0.180023	0.021408	12
-0.408665	-0.188396	0.012633	13
-0.426828	-0.196769	0.005679	14
-0.444991	-0.205142	0.003725	15
-0.463154	-0.213515	0.011361	16
-0.481317	-0.221888	0.034992	17
-0.499479	-0.230261	0.083190	18
-0.517642	-0.238634	0.167235	19
-0.535805	-0.247008	0.301731	20
-0.553968	-0.255381	0.504184	21
-0.572131	-0.263754	0.792849	22
-0.590294	-0.272127	1.175703	23
-0.608457	-0.280500	1.651015	24
-0.626620	-0.288873	2.212667	25
-0.644783	-0.297246	2.837245	26
-0.662945	-0.305620	3.487511	27
-0.681108	-0.313993	4.119048	28
-0.699271	-0.322366	4.687440	29
-0.717434	-0.330739	5.156030	30
-0.735597	-0.339112	5.502153	31
-0.753760	-0.347485	5.719979	32
-0.771923	-0.355858	5.819238	33
-0.790086	-0.364232	5.820796	34
-0.808249	-0.372605	5.751077	35
-0.826411	-0.380978	5.637446	36
-0.844574	-0.389351	5.506044	37
-0.862737	-0.397724	5.382792	38
-0.880900	-0.406097	5.297741	39
-0.899063	-0.414470	5.292844	40
45
-0.183224	-0.102610	0.006147	1
-0.200674	-0.112382	0.013682	2
-0.218124	-0.122155	0.021376	3
-0.235574	-0.131927	0.028328	4
-0.253024	-0.141699	0.034511	5
-0.270474	-0.151472	0.039678	6
-0.287924	-0.161244	0.043368	7
-0.305374	-0.171016	0.045038	8
-0.322824	-0.180789	0.044198	9
-0.340274	-0.190561	0.040563	10
-0.357724	-0.200334	0.034211	11
-0.375174	-0.210106	0.025775	12
-0.392624	-0.219878	0.016659	13
-0.410074	-0.229651	0.009273	14
-0.427524	-0.239423	0.007277	15
-0.444974	-0.249195	0.015813	16
-0.462424	-0.258968	0.041691	17
-0.479874	-0.268740	0.093405	18
-0.497324	-0.278513	0.181395	19
-0.514774	-0.288285	0.317808	20
-0.532223	-0.298057	0.515695	21
-0.549673	-0.307830	0.785929	22
-0.567123	-0.317602	1.131215	23
-0.584573	-0.327374	1.553145	24
-0.602023	-0.337147	2.047623	25
-0.619473	-0.346919	2.599773	26
-0.636923	-0.356692	3.185934	27
-0.654373	-0.366464	3.775444	28
-0.671823	-0.376236	4.334144	29
-0.689273	-0.386009	4.829219	30
-0.706723	-0.395781	5.234391	31
-0.724173	-0.405553	5.534041	32
-0.741623	-0.415326	5.725115	33
-0.759073	-0.425098	5.816485	34
-0.776523	-0.434871	5.826453	35
-0.793973	-0.444643	5.779742	36
-0.811423	-0.454415	5.705418	37
-0.828873	-0.464188	5.636881	38
-0.846323	-0.473960	5.614606	39
-0.863773	-0.483732	5.692078	40
46
-0.174609	-0.116669	0.006359	1
-0.191238	-0.127781	0.010858	2
-0.207868	-0.138892	0.017104	3
-0.224497	-0.150003	0.024222	4
-0.241127	-0.161115	0.031696	5
-0.257756	-0.172226	0.038805	6
-0.274386	-0.183337	0.044684	7
-0.291015	-0.194449	0.048437	8
-0.307644	-0.205560	0.049280	9
-0.324274	-0.216671	0.046701	10
-0.340903	-0.227783	0.040663	11
-0.357533	-0.238894	0.031825	12
-0.374162	-0.250005	0.021793	13
-0.390792	-0.261117	0.013367	14
-0.407421	-0.272228	0.010732	15
-0.424050	-0.283339	0.019571	16
-0.440680	-0.294451	0.047018	17
-0.457309	-0.305562	0.101480	18
-0.473939	-0.316674	0.192572	19
-0.490568	-0.327785	0.330589	20
-0.507198	-0.338896	0.525056	21
-0.523827	-0.350008	0.781750	22
-0.540456	-0.361119	1.104151	23
-0.557086	-0.372230	1.492684	24
-0.573715	-0.383342	1.943062	25
-0.590345	-0.394453	2.444868	26
-0.606974	-0.405564	2.981627	27
-0.623604	-0.416676	3.531339	28
-0.640233	-0.427787	4.068100	29
-0.656862	-0.438898	4.564874	30
-0.673492	-0.450010	4.997095	31
-0.690121	-0.461121	5.346353	32
-0.706751	-0.472232	5.603265	33
-0.723380	-0.483344	5.768877	34
-0.740010	-0.494455	5.854536	35
-0.756639	-0.505567	5.880774	36
-0.773268	-0.516678	5.876148	37
-0.789898	-0.527789	5.877065	38
-0.806527	-0.538901	5.929423	39
-0.823157	-0.550012	6.092747	40
47
-0.164917	-0.130009	0.006437	1
-0.180623	-0.142391	0.009014	2
-0.196330	-0.154773	0.014577	3
-0.212036	-0.167155	0.022229	4
-0.227742	-0.179537	0.031051	5
-0.243449	-0.191918	0.039941	6
-0.259155	-0.204300	0.047709	7
-0.274862	-0.216682	0.053182	8
-0.290568	-0.229064	0.055343	9
-0.306274	-0.241446	0.053512	10
-0.321981	-0.253827	0.047571	11
-0.337687	-0.266209	0.038218	12
-0.353394	-0.278591	0.027245	13
-0.369100	-0.290973	0.017775	14
-0.384806	-0.303355	0.014427	15
-0.400513	-0.315737	0.023320	16
-0.416219	-0.328118	0.051871	17
-0.431925	-0.340500	0.108497	18
-0.447632	-0.352882	0.202235	19
-0.463338	-0.365264	0.341905	20
-0.479045	-0.377646	0.534517	21
-0.494751	-0.390028	0.784760	22
-0.510457	-0.402409	1.094682	23
-0.526164	-0.414791	1.463100	24
-0.541870	-0.427173	1.885339	25
-0.557576	-0.439555	2.352725	26
-0.573283	-0.451937	2.852482	27
-0.588989	-0.464319	3.367940	28
-0.604696	-0.476700	3.879277	29
-0.620402	-0.489082	4.365031	30
-0.636108	-0.501464	4.804379	31
-0.651815	-0.513846	5.179917	32
-0.667521	-0.526228	5.480403	33
-0.683227	-0.538610	5.702921	34
-0.698934	-0.550991	5.854108	35
-0.714640	-0.563373	5.950491	36
-0.730347	-0.575755	6.018365	37
-0.746053	-0.588137	6.093883	38
-0.761759	-0.600519	6.224077	39
-0.777466	-0.612901	6.469410	40
48
-0.154208	-0.142548	0.006460	1
-0.168895	-0.156124	0.009016	2
-0.183581	-0.169700	0.014927	3
-0.198268	-0.183276	0.023261	4
-0.212954	-0.196852	0.032999	5
-0.227641	-0.210427	0.042934	6
-0.242327	-0.224003	0.051763	7
-0.257014	-0.237579	0.058200	8
-0.271700	-0.251155	0.061119	9
-0.286387	-0.264731	0.059748	10
-0.301073	-0.278307	0.053905	11
-0.315760	-0.291883	0.044288	12
-0.330446	-0.305459	0.032760	13
-0.345133	-0.319035	0.022611	14
-0.359819	-0.332611	0.018716	15
-0.374506	-0.346187	0.027504	16
-0.389192	-0.359763	0.056685	17
-0.403879	-0.373339	0.114850	18
-0.418565	-0.386915	0.210896	19
-0.433252	-0.400491	0.352980	20
-0.447938	-0.414067	0.547305	21
-0.462625	-0.427643	0.797345	22
-0.477311	-0.441219	1.103572	23
-0.491998	-0.454795	1.463158	24
-0.506684	-0.468371	1.870153	25
-0.521371	-0.481947	2.315797	26
-0.536057	-0.495523	2.788844	27
-0.550744	-0.509099	3.275814	28
-0.565430	-0.522675	3.761362	29
-0.580117	-0.536251	4.228998	30
-0.594803	-0.549827	4.662349	31
-0.609490	-0.563403	5.046984	32
-0.624176	-0.576979	5.372598	33
-0.638863	-0.590555	5.635183	34
-0.653549	-0.604131	5.838826	35
-0.668236	-0.617706	5.996907	36
-0.682922	-0.631282	6.132780	37
-0.697609	-0.644858	6.280218	38
-0.712295	-0.658434	6.484076	39
-0.726981	-0.672010	6.801521	40
49
-0.142549	-0.154207	0.006445	1
-0.156125	-0.168894	0.010943	2
-0.169701	-0.183580	0.018126	3
-0.183277	-0.198266	0.027057	4
-0.196853	-0.212953	0.036987	5
-0.210429	-0.227639	0.046932	6
-0.224005	-0.242326	0.055741	7
-0.237581	-0.257012	0.062220	8
-0.251157	-0.271698	0.065283	9
-0.264733	-0.286385	0.064148	10
-0.278309	-0.301071	0.058584	11
-0.291885	-0.315758	0.049202	12
-0.305461	-0.330444	0.037780	13
-0.319038	-0.345131	0.027558	14
-0.332614	-0.359817	0.023449	15
-0.346190	-0.374503	0.032062	16
-0.359766	-0.389190	0.061450	17
-0.373342	-0.403876	0.120672	18
-0.386918	-0.418563	0.219101	19
-0.400494	-0.433249	0.365213	20
-0.414070	-0.447935	0.565255	21
-0.427646	-0.462622	0.822076	22
-0.441222	-0.477308	1.134444	23
-0.454798	-0.491995	1.497033	24
-0.468374	-0.506681	1.901221	25
-0.481950	-0.521367	2.336451	26
-0.495526	-0.536054	2.791386	27
-0.509102	-0.550740	3.254391	28
-0.522678	-0.565427	3.713694	29
-0.536255	-0.580113	4.157487	30
-0.549831	-0.594799	4.574286	31
-0.563407	-0.609486	4.953811	32
-0.576983	-0.624172	5.288428	33
-0.590559	-0.638859	5.574972	34
-0.604135	-0.653545	5.816619	35
-0.617711	-0.668231	6.024492	36
-0.631287	-0.682918	6.218824	37
-0.644863	-0.697604	6.429666	38
-0.658439	-0.712291	6.697272	39
-0.672015	-0.726977	7.072182	40
50
-0.130010	-0.164916	0.006327	1
-0.142392	-0.180622	0.014014	2
-0.154774	-0.196329	0.022937	3
-0.167156	-0.212035	0.032195	4
-0.179538	-0.227741	0.041556	5
-0.191920	-0.243448	0.050495	6
-0.204302	-0.259154	0.058221	7
-0.216684	-0.274860	0.063821	8
-0.229066	-0.290566	0.066405	9
-0.241448	-0.306273	0.065289	10
-0.253830	-0.321979	0.060229	11
-0.266212	-0.337685	0.051701	12
-0.278593	-0.353392	0.041241	13
-0.290975	-0.369098	0.031802	14
-0.303357	-0.384804	0.028066	15
-0.315739	-0.400511	0.036625	16
-0.328121	-0.416217	0.065891	17
-0.340503	-0.431923	0.125748	18
-0.352885	-0.447629	0.226858	19
-0.365267	-0.463336	0.379242	20
-0.377649	-0.479042	0.590423	21
-0.390031	-0.494748	0.863376	22
-0.402413	-0.510455	1.194968	23
-0.414795	-0.526161	1.575791	24
-0.427177	-0.541867	1.991811	25
-0.439559	-0.557574	2.428157	26
-0.451941	-0.573280	2.871996	27
-0.464322	-0.588986	3.312856	28
-0.476704	-0.604692	3.742550	29
-0.489086	-0.620399	4.154520	30
-0.501468	-0.636105	4.543070	31
-0.513850	-0.651811	4.903147	32
-0.526232	-0.667518	5.230981	33
-0.538614	-0.683224	5.525445	34
-0.550996	-0.698930	5.789809	35
-0.563378	-0.714636	6.033495	36
-0.575760	-0.730343	6.273491	37
-0.588142	-0.746049	6.535170	38
-0.600524	-0.761755	6.852359	39
-0.612906	-0.777462	7.266350	40
51
-0.116670	-0.174608	0.005960	1
-0.127782	-0.191238	0.016764	2
-0.138893	-0.207867	0.027246	3
-0.150005	-0.224496	0.036517	4
-0.161116	-0.241126	0.044818	5
-0.172228	-0.257755	0.052097	6
-0.183339	-0.274384	0.057998	7
-0.194451	-0.291014	0.061990	8
-0.205562	-0.307643	0.063502	9
-0.216674	-0.324272	0.062070	10
-0.227785	-0.340902	0.057528	11
-0.238896	-0.357531	0.050251	12
-0.250008	-0.374160	0.041479	13
-0.261119	-0.390790	0.033710	14
-0.272231	-0.407419	0.031136	15
-0.283342	-0.424049	0.040056	16
-0.294454	-0.440678	0.069122	17
-0.305565	-0.457307	0.129294	18
-0.316677	-0.473937	0.233416	19
-0.327788	-0.490566	0.394758	20
-0.338900	-0.507195	0.624365	21
-0.350011	-0.523825	0.927256	22
-0.361123	-0.540454	1.298347	23
-0.372234	-0.557083	1.721119	24
-0.383345	-0.573713	2.170195	25
-0.394457	-0.590342	2.621604	26
-0.405568	-0.606971	3.059375	27
-0.416680	-0.623601	3.474261	28
-0.427791	-0.640230	3.863563	29
-0.438903	-0.656859	4.228569	30
-0.450014	-0.673489	4.571580	31
-0.461126	-0.690118	4.894298	32
-0.472237	-0.706748	5.197730	33
-0.483349	-0.723377	5.483280	34
-0.494460	-0.740006	5.754521	35
-0.505572	-0.756636	6.019102	36
-0.516683	-0.773265	6.290307	37
-0.527794	-0.789894	6.587853	38
-0.538906	-0.806524	6.937535	39
-0.550017	-0.823153	7.369134	40
52
-0.102611	-0.183224	0.005155	1
-0.112384	-0.200674	0.017551	2
-0.122156	-0.218124	0.028822	3
-0.131929	-0.235573	0.037921	4
-0.141701	-0.253023	0.045201	5
-0.151474	-0.270473	0.050858	6
-0.161246	-0.287923	0.054855	7
-0.171019	-0.305373	0.057005	8
-0.180791	-0.322823	0.057072	9
-0.190563	-0.340273	0.054875	10
-0.200336	-0.357723	0.050432	11
-0.210108	-0.375173	0.044144	12
-0.219881	-0.392622	0.037066	13
-0.229653	-0.410072	0.031274	14
-0.239426	-0.427522	0.030362	15
-0.249198	-0.444972	0.040078	16
-0.258971	-0.462422	0.069015	17
-0.268743	-0.479872	0.129123	18
-0.278516	-0.497322	0.236136	19
-0.288288	-0.514772	0.408807	20
-0.298061	-0.532222	0.665940	21
-0.307833	-0.549671	1.020006	22
-0.317606	-0.567121	1.465987	23
-0.327378	-0.584571	1.973422	24
-0.337151	-0.602021	2.493894	25
-0.346923	-0.619471	2.981096	26
-0.356696	-0.636921	3.410919	27
-0.366468	-0.654371	3.780617	28
-0.376241	-0.671821	4.101281	29
-0.386013	-0.689270	4.388964	30
-0.395786	-0.706720	4.658150	31
-0.405558	-0.724170	4.919008	32
-0.415331	-0.741620	5.177404	33
-0.425103	-0.759070	5.436555	34
-0.434876	-0.776520	5.699346	35
-0.444648	-0.793970	5.970614	36
-0.454421	-0.811420	6.258835	37
-0.464193	-0.828870	6.576746	38
-0.473966	-0.846319	6.940328	39
-0.483738	-0.863769	7.365298	40
53
-0.087919	-0.190710	0.003807	1
-0.096292	-0.208873	0.015364	2
-0.104666	-0.227035	0.026363	3
-0.113039	-0.245198	0.035342	4
-0.121412	-0.263361	0.042286	5
-0.129786	-0.281524	0.047304	6
-0.138159	-0.299687	0.050426	7
-0.146532	-0.317850	0.051598	8
-0.154905	-0.336012	0.050734	9
-0.163279	-0.354175	0.047813	10
-0.171652	-0.372338	0.042987	11
-0.180025	-0.390501	0.036742	12
-0.188398	-0.408664	0.030109	13
-0.196772	-0.426827	0.024971	14
-0.205145	-0.444989	0.024539	15
-0.213518	-0.463152	0.034040	16
-0.221891	-0.481315	0.061763	17
-0.230265	-0.499478	0.120320	18
-0.238638	-0.517641	0.228254	19
-0.247011	-0.535804	0.411783	20
-0.255384	-0.553966	0.704269	21
-0.263758	-0.572129	1.139479	22
-0.272131	-0.590292	1.724140	23
-0.280504	-0.608455	2.413806	24
-0.288877	-0.626618	3.087580	25
-0.297251	-0.644781	3.633621	26
-0.305624	-0.662943	4.023940	27
-0.313997	-0.681106	4.288574	28
-0.322371	-0.699269	4.476097	29
-0.330744	-0.717432	4.630556	30
-0.339117	-0.735595	4.783025	31
-0.347490	-0.753758	4.951381	32
-0.355864	-0.771920	5.143472	33
-0.364237	-0.790083	5.361091	34
-0.372610	-0.808246	5.603617	35
-0.380983	-0.826409	5.870827	36
-0.389357	-0.844572	6.164567	37
-0.397730	-0.862735	6.488880	38
-0.406103	-0.880897	6.848002	39
-0.414476	-0.899060	7.241177	40
54
-0.072685	-0.197020	0.002097	1
-0.079608	-0.215784	0.010634	2
-0.086530	-0.234548	0.020364	3
-0.093453	-0.253311	0.029428	4
-0.100375	-0.272075	0.037278	5
-0.107297	-0.290839	0.043745	6
-0.114220	-0.309603	0.048668	7
-0.121142	-0.328367	0.051812	8
-0.128065	-0.347130	0.052886	9
-0.134987	-0.365894	0.051628	10
-0.141909	-0.384658	0.047926	11
-0.148832	-0.403422	0.041980	12
-0.155754	-0.422186	0.034535	13
-0.162677	-0.440949	0.027198	14
-0.169599	-0.459713	0.022912	15
-0.176521	-0.478477	0.026668	16
-0.183444	-0.497241	0.046658	17
-0.190366	-0.516005	0.096126	18
-0.197289	-0.534768	0.195950	19
-0.204211	-0.553532	0.379734	20
-0.211134	-0.572296	0.701286	21
-0.218056	-0.591060	1.239434	22
-0.224978	-0.609824	2.074174	23
-0.231901	-0.628587	3.202482	24
-0.238823	-0.647351	4.229202	25
-0.245746	-0.666115	4.803511	26
-0.252668	-0.684879	5.009754	27
-0.259590	-0.703643	5.014040	28
-0.266513	-0.722406	4.947257	29
-0.273435	-0.741170	4.888872	30
-0.280358	-0.759934	4.878610	31
-0.287280	-0.778698	4.930958	32
-0.294202	-0.797462	5.046284	33
-0.301125	-0.816225	5.218204	34
-0.308047	-0.834989	5.438186	35
-0.314970	-0.853753	5.698152	36
-0.321892	-0.872517	5.991423	37
-0.328814	-0.891281	6.311814	38
-0.335737	-0.910044	6.650303	39
-0.342659	-0.928808	6.988235	40
55
-0.057003	-0.202115	0.000629	1
-0.062432	-0.221364	0.005313	2
-0.067861	-0.240614	0.012963	3
-0.073290	-0.259863	0.022278	4
-0.078719	-0.279112	0.032700	5
-0.084148	-0.298361	0.043876	6
-0.089577	-0.317610	0.055364	7
-0.095005	-0.336859	0.066570	8
-0.100434	-0.356108	0.076756	9
-0.105863	-0.375357	0.085066	10
-0.111292	-0.394606	0.090582	11
-0.116721	-0.413855	0.092440	12
-0.122150	-0.433104	0.090018	13
-0.127579	-0.452353	0.083279	14
-0.133008	-0.471603	0.073327	15
-0.138436	-0.490852	0.063307	16
-0.143865	-0.510101	0.059865	17
-0.149294	-0.529350	0.075578	18
-0.154723	-0.548599	0.133088	19
-0.160152	-0.567848	0.272161	20
-0.165581	-0.587097	0.565005	21
-0.171010	-0.606346	1.150146	22
-0.176439	-0.625595	2.297194	23
-0.181868	-0.644844	4.688386	24
-0.187296	-0.664093	6.512881	25
-0.192725	-0.683342	6.622435	26
-0.198154	-0.702592	6.191219	27
-0.203583	-0.721841	5.679407	28
-0.209012	-0.741090	5.250796	29
-0.214441	-0.760339	4.954477	30
-0.219870	-0.779588	4.793817	31
-0.225299	-0.798837	4.754907	32
-0.230727	-0.818086	4.818550	33
-0.236156	-0.837335	4.965176	34
-0.241585	-0.856584	5.176710	35
-0.247014	-0.875833	5.436945	36
-0.252443	-0.895082	5.730716	37
-0.257872	-0.914332	6.041508	38
-0.263301	-0.933581	6.346739	39
-0.268730	-0.952830	6.609759	40
56
-0.040970	-0.205965	0.000057	1
-0.044872	-0.225580	0.001455	2
-0.048774	-0.245196	0.006484	3
-0.052675	-0.264812	0.016477	4
-0.056577	-0.284428	0.031780	5
-0.060479	-0.304043	0.052078	6
-0.064381	-0.323659	0.076798	7
-0.068283	-0.343275	0.105276	8
-0.072185	-0.362890	0.136754	9
-0.076087	-0.382506	0.170293	10
-0.079989	-0.402122	0.204660	11
-0.083890	-0.421737	0.238201	12
-0.087792	-0.441353	0.268728	13
-0.091694	-0.460969	0.293459	14
-0.095596	-0.480584	0.309078	15
-0.099498	-0.500200	0.312055	16
-0.103400	-0.519816	0.299497	17
-0.107302	-0.539431	0.271039	18
-0.111204	-0.559047	0.232873	19
-0.115105	-0.578663	0.206604	20
-0.119007	-0.598279	0.251228	21
-0.122909	-0.617894	0.529024	22
-0.126811	-0.637510	1.534840	23
-0.130713	-0.657126	7.727997	24
-0.134615	-0.676741	9.239782	25
-0.138517	-0.696357	7.198901	26
-0.142419	-0.715973	6.097133	27
-0.146321	-0.735588	5.348277	28
-0.150222	-0.755204	4.843770	29
-0.154124	-0.774820	4.533932	30
-0.158026	-0.794435	4.381916	31
-0.161928	-0.814051	4.358225	32
-0.165830	-0.833667	4.438537	33
-0.169732	-0.853283	4.601830	34
-0.173634	-0.872898	4.828888	35
-0.177536	-0.892514	5.100933	36
-0.181437	-0.912130	5.397756	37
-0.185339	-0.931745	5.694547	38
-0.189241	-0.951361	5.956590	39
-0.193143	-0.970977	6.131240	40
57
-0.081103	-0.685217	18.083719	25
-0.083454	-0.705078	9.813672	26
-0.085805	-0.724940	6.500482	27
-0.088156	-0.744801	5.056359	28
-0.090507	-0.764662	4.379506	29
-0.092858	-0.784524	4.061838	30
-0.095208	-0.804385	3.942970	31
-0.097559	-0.824246	3.954210	32
-0.099910	-0.844108	4.061617	33
-0.102261	-0.863969	4.243650	34
-0.104612	-0.883831	4.482078	35
-0.106963	-0.903692	4.757575	36
-0.109313	-0.923553	5.046537	37
-0.111664	-0.943415	5.317411	38
-0.114015	-0.963276	5.525588	39
-0.116366	-0.983137	5.606908	40
58
-0.027092	-0.689468	21.117516	25
-0.027877	-0.709453	12.549939	26
-0.028663	-0.729437	8.296246	27
-0.029448	-0.749422	6.064004	28
-0.030233	-0.769406	4.876075	29
-0.031018	-0.789391	4.257428	30
-0.031804	-0.809375	3.965982	31
-0.032589	-0.829360	3.875931	32
-0.033374	-0.849345	3.920055	33
-0.034159	-0.869329	4.057760	34
-0.034945	-0.889314	4.260360	35
-0.035730	-0.909298	4.501927	36
-0.036515	-0.929283	4.752965	37
-0.037301	-0.949267	4.975305	38
-0.038086	-0.969252	5.117380	39
-0.038871	-0.989237	5.110462	40
59
0.027087	-0.689468	14.042445	25
0.027872	-0.709453	10.277607	26
0.028657	-0.729437	8.157160	27
0.029442	-0.749422	6.667440	28
0.030227	-0.769406	5.602650	29
0.031012	-0.789391	4.879732	30
0.031797	-0.809376	4.424016	31
0.032582	-0.829360	4.176599	32
0.033367	-0.849345	4.091196	33
0.034153	-0.869329	4.122849	34
0.034938	-0.889314	4.236126	35
0.035723	-0.909299	4.398953	36
0.036508	-0.929283	4.576266	37
0.037293	-0.949268	4.725182	38
0.038078	-0.969252	4.791921	39
0.038863	-0.989237	4.711607	40
60
0.024682	-0.208544	0.000013	1
0.027033	-0.228406	0.000790	2
0.029383	-0.248267	0.004072	3
0.031734	-0.268129	0.011244	4
0.034085	-0.287990	0.023154	5
0.036435	-0.307851	0.040284	6
0.038786	-0.327713	0.062966	7
0.041137	-0.347574	0.091480	8
0.043487	-0.367436	0.126059	9
0.045838	-0.387297	0.166859	10
0.048189	-0.407158	0.213916	11
0.050539	-0.427020	0.267109	12
0.052890	-0.446881	0.326114	13
0.055241	-0.466742	0.390320	14
0.057591	-0.486604	0.458665	15
0.059942	-0.506465	0.529266	16
0.062293	-0.526327	0.598631	17
0.064643	-0.546188	0.660152	18
0.066994	-0.566049	0.701562	19
0.069345	-0.585911	0.702302	20
0.071695	-0.605772	0.638540	21
0.074046	-0.625633	0.535066	22
0.076397	-0.645495	0.728044	23
0.078747	-0.665356	4.632667	24
0.081098	-0.685218	7.440341	25
0.083449	-0.705079	7.751516	26
0.085799	-0.724940	7.548868	27
0.088150	-0.744802	6.980719	28
0.090501	-0.764663	6.291603	29
0.092851	-0.784524	5.646717	30
0.095202	-0.804386	5.121396	31
0.097553	-0.824247	4.745124	32
0.099903	-0.844109	4.519556	33
0.102254	-0.863970	4.417358	34
0.104605	-0.883831	4.408113	35
0.106955	-0.903693	4.460759	36
0.109306	-0.923554	4.538559	37
0.111657	-0.943415	4.597685	38
0.114007	-0.963277	4.587986	39
0.116358	-0.983138	4.456039	40
61
0.040968	-0.205965	0.000378	1
0.044870	-0.225581	0.003316	2
0.048772	-0.245197	0.008716	3
0.052673	-0.264812	0.016315	4
0.056575	-0.284428	0.026148	5
0.060477	-0.304044	0.038272	6
0.064378	-0.323659	0.052614	7
0.068280	-0.343275	0.068916	8
0.072182	-0.362891	0.086716	9
0.076084	-0.382507	0.105313	10
0.079985	-0.402122	0.123735	11
0.083887	-0.421738	0.140710	12
0.087789	-0.441354	0.154639	13
0.091691	-0.460969	0.163629	14
0.095592	-0.480585	0.165634	15
0.099494	-0.500201	0.158889	16
0.103396	-0.519817	0.142941	17
0.107297	-0.539432	0.120918	18
0.111199	-0.559048	0.104140	19
0.115101	-0.578664	0.120760	20
0.119003	-0.598280	0.229931	21
0.122904	-0.617895	0.544808	22
0.126806	-0.637511	1.291766	23
0.130708	-0.657127	3.037705	24
0.134610	-0.676742	4.973035	25
0.138511	-0.696358	6.126381	26
0.142413	-0.715974	6.672373	27
0.146315	-0.735590	6.755873	28
0.150216	-0.755205	6.531902	29
0.154118	-0.774821	6.149747	30
0.158020	-0.794437	5.727222	31
0.161922	-0.814052	5.344613	32
0.165823	-0.833668	5.045450	33
0.169725	-0.853284	4.838917	34
0.173627	-0.872900	4.715359	35
0.177528	-0.892515	4.655024	36
0.181430	-0.912131	4.627662	37
0.185332	-0.931747	4.595661	38
0.189234	-0.951363	4.518731	39
0.193135	-0.970978	4.360017	40
62
0.057002	-0.202116	0.001214	1
0.062430	-0.221365	0.006324	2
0.067859	-0.240614	0.012868	3
0.073288	-0.259863	0.020089	4
0.078717	-0.279112	0.027760	5
0.084145	-0.298361	0.035724	6
0.089574	-0.317611	0.043720	7
0.095003	-0.336860	0.051328	8
0.100431	-0.356109	0.057965	9
0.105860	-0.375358	0.062914	10
0.111289	-0.394607	0.065386	11
0.116718	-0.413856	0.064617	12
0.122146	-0.433105	0.060039	13
0.127575	-0.452354	0.051567	14
0.133004	-0.471604	0.040056	15
0.138433	-0.490853	0.028020	16
0.143861	-0.510102	0.020703	17
0.149290	-0.529351	0.027681	18
0.154719	-0.548600	0.065196	19
0.160147	-0.567849	0.159078	20
0.165576	-0.587098	0.350754	21
0.171005	-0.606348	0.710577	22
0.176434	-0.625597	1.350959	23
0.181862	-0.644846	2.365065	24
0.187291	-0.664095	3.571205	25
0.192720	-0.683344	4.668634	26
0.198149	-0.702593	5.501309	27
0.203577	-0.721842	6.013711	28
0.209006	-0.741091	6.222614	29
0.214435	-0.760341	6.192532	30
0.219863	-0.779590	6.008378	31
0.225292	-0.798839	5.752228	32
0.230721	-0.818088	5.487727	33
0.236150	-0.837337	5.253370	34
0.241578	-0.856586	5.065158	35
0.247007	-0.875835	4.921683	36
0.252436	-0.895084	4.808090	37
0.257865	-0.914334	4.701304	38
0.263293	-0.933583	4.576752	39
0.268722	-0.952832	4.417172	40
63
0.072684	-0.197020	0.002101	1
0.079606	-0.215784	0.008538	2
0.086528	-0.234548	0.015257	3
0.093451	-0.253312	0.021635	4
0.100373	-0.272076	0.027595	5
0.107295	-0.290840	0.032998	6
0.114217	-0.309604	0.037564	7
0.121140	-0.328367	0.040891	8
0.128062	-0.347131	0.042493	9
0.134984	-0.365895	0.041881	10
0.141906	-0.384659	0.038669	11
0.148829	-0.403423	0.032728	12
0.155751	-0.422187	0.024395	13
0.162673	-0.440951	0.014754	14
0.169595	-0.459714	0.006015	15
0.176518	-0.478478	0.002009	16
0.183440	-0.497242	0.008879	17
0.190362	-0.516006	0.036096	18
0.197284	-0.534770	0.097919	19
0.204207	-0.553534	0.215362	20
0.211129	-0.572298	0.420884	21
0.218051	-0.591061	0.761566	22
0.224973	-0.609825	1.287111	23
0.231896	-0.628589	2.007482	24
0.238818	-0.647353	2.869712	25
0.245740	-0.666117	3.767914	26
0.252663	-0.684881	4.589402	27
0.259585	-0.703645	5.248568	28
0.266507	-0.722408	5.699378	29
0.273429	-0.741172	5.937642	30
0.280352	-0.759936	5.993309	31
0.287274	-0.778700	5.916077	32
0.294196	-0.797464	5.759643	33
0.301118	-0.816228	5.569511	34
0.308041	-0.834992	5.376922	35
0.314963	-0.853755	5.197874	36
0.321885	-0.872519	5.035440	37
0.328807	-0.891283	4.884769	38
0.335730	-0.910047	4.740401	39
0.342652	-0.928811	4.606077	40
64
0.087918	-0.190710	0.002699	1
0.096291	-0.208873	0.009029	2
0.104664	-0.227036	0.015234	3
0.113037	-0.245199	0.020928	4
0.121410	-0.263362	0.026204	5
0.129783	-0.281525	0.030955	6
0.138156	-0.299688	0.034878	7
0.146530	-0.317851	0.037536	8
0.154903	-0.336014	0.038433	9
0.163276	-0.354177	0.037115	10
0.171649	-0.372339	0.033291	11
0.180022	-0.390502	0.027008	12
0.188395	-0.408665	0.018862	13
0.196768	-0.426828	0.010279	14
0.205141	-0.444991	0.003866	15
0.213514	-0.463154	0.003865	16
0.221888	-0.481317	0.016772	17
0.230261	-0.499480	0.052154	18
0.238634	-0.517643	0.123344	19
0.247007	-0.535806	0.249253	20
0.255380	-0.553968	0.455103	21
0.263753	-0.572131	0.770960	22
0.272126	-0.590294	1.216817	23
0.280499	-0.608457	1.790979	24
0.288872	-0.626620	2.475497	25
0.297246	-0.644783	3.221940	26
0.305619	-0.662946	3.964557	27
0.313992	-0.681109	4.637052	28
0.322365	-0.699272	5.185586	29
0.330738	-0.717435	5.578327	30
0.339111	-0.735597	5.809170	31
0.347484	-0.753760	5.894749	32
0.355857	-0.771923	5.866408	33
0.364231	-0.790086	5.760503	34
0.372604	-0.808249	5.610367	35
0.380977	-0.826412	5.441752	36
0.389350	-0.844575	5.272169	37
0.397723	-0.862738	5.113910	38
0.406096	-0.880901	4.980311	39
0.414469	-0.899064	4.895075	40
65
0.102610	-0.183225	0.002949	1
0.112382	-0.200675	0.007908	2
0.122154	-0.218125	0.013257	3
0.131927	-0.235575	0.018753	4
0.141699	-0.253024	0.024445	5
0.151471	-0.270474	0.030120	6
0.161244	-0.287924	0.035328	7
0.171016	-0.305374	0.039457	8
0.180788	-0.322824	0.041814	9
0.190561	-0.340274	0.041744	10
0.200333	-0.357724	0.038779	11
0.210105	-0.375174	0.032855	12
0.219878	-0.392624	0.024576	13
0.229650	-0.410074	0.015554	14
0.239423	-0.427524	0.008807	15
0.249195	-0.444974	0.009215	16
0.258967	-0.462424	0.024015	17
0.268740	-0.479874	0.063234	18
0.278512	-0.497324	0.139873	19
0.288284	-0.514774	0.270491	20
0.298057	-0.532224	0.474279	21
0.307829	-0.549674	0.769623	22
0.317601	-0.567124	1.163244	23
0.327374	-0.584574	1.656096	24
0.337146	-0.602024	2.238366	25
0.346918	-0.619474	2.882354	26
0.356691	-0.636924	3.548135	27
0.366463	-0.654374	4.189408	28
0.376235	-0.671824	4.760956	29
0.386008	-0.689274	5.226373	30
0.395780	-0.706724	5.564112	31
0.405552	-0.724173	5.769986	32
0.415325	-0.741623	5.855529	33
0.425097	-0.759073	5.843216	34
0.434869	-0.776523	5.760610	35
0.444642	-0.793973	5.635584	36
0.454414	-0.811423	5.494102	37
0.464187	-0.828873	5.361276	38
0.473959	-0.846323	5.265796	39
0.483731	-0.863773	5.247725	40
66
0.116669	-0.174609	0.002971	1
0.127780	-0.191239	0.006136	2
0.138892	-0.207868	0.010699	3
0.150003	-0.224497	0.016466	4
0.161114	-0.241127	0.023270	5
0.172226	-0.257756	0.030670	6
0.183337	-0.274386	0.037980	7
0.194448	-0.291015	0.044324	8
0.205560	-0.307645	0.048719	9
0.216671	-0.324274	0.050213	10
0.227782	-0.340904	0.048082	11
0.238894	-0.357533	0.042101	12
0.250005	-0.374162	0.032897	13
0.261116	-0.390792	0.022355	14
0.272228	-0.407421	0.014054	15
0.283339	-0.424051	0.013669	16
0.294450	-0.440680	0.029228	17
0.305562	-0.457310	0.071077	18
0.316673	-0.473939	0.151888	19
0.327784	-0.490569	0.286171	20
0.338896	-0.507198	0.488357	21
0.350007	-0.523827	0.768473	22
0.361118	-0.540457	1.131763	23
0.372230	-0.557086	1.577566	24
0.383341	-0.573716	2.097464	25
0.394452	-0.590345	2.673025	26
0.405564	-0.606975	3.277458	27
0.416675	-0.623604	3.877955	28
0.427786	-0.640234	4.439457	29
0.438898	-0.656863	4.929480	30
0.450009	-0.673492	5.323054	31
0.461120	-0.690122	5.606476	32
0.472232	-0.706751	5.778800	33
0.483343	-0.723381	5.850815	34
0.494454	-0.740010	5.842251	35
0.505566	-0.756640	5.778583	36
0.516677	-0.773269	5.688877	37
0.527788	-0.789898	5.605778	38
0.538900	-0.806528	5.568256	39
0.550011	-0.823157	5.627416	40
67
0.130009	-0.164917	0.002930	1
0.142391	-0.180624	0.004892	2
0.154773	-0.196330	0.009112	3
0.167154	-0.212036	0.015402	4
0.179536	-0.227743	0.023394	5
0.191918	-0.243449	0.032446	6
0.204300	-0.259156	0.041664	7
0.216682	-0.274862	0.049942	8
0.229063	-0.290568	0.056048	9
0.241445	-0.306275	0.058778	10
0.253827	-0.321981	0.057193	11
0.266209	-0.337687	0.050952	12
0.278591	-0.353394	0.040723	13
0.290972	-0.369100	0.028655	14
0.303354	-0.384807	0.018831	15
0.315736	-0.400513	0.017601	16
0.328118	-0.416219	0.033661	17
0.340500	-0.431926	0.077757	18
0.352882	-0.447632	0.162205	19
0.365263	-0.463339	0.299918	20
0.377645	-0.479045	0.501838	21
0.390027	-0.494751	0.775509	22
0.402409	-0.510458	1.123794	23
0.414791	-0.526164	1.543801	24
0.427172	-0.541871	2.026757	25
0.439554	-0.557577	2.557729	26
0.451936	-0.573283	3.116355	27
0.464318	-0.588990	3.678104	28
0.476700	-0.604696	4.216172	29
0.489081	-0.620403	4.704156	30
0.501463	-0.636109	5.119297	31
0.513845	-0.651815	5.445676	32
0.526227	-0.667522	5.676575	33
0.538609	-0.683228	5.815421	34
0.550990	-0.698935	5.875331	35
0.563372	-0.714641	5.877794	36
0.575754	-0.730347	5.851415	37
0.588136	-0.746054	5.831698	38
0.600518	-0.761760	5.862596	39
0.612899	-0.777467	6.000368	40
68
0.142547	-0.154208	0.002939	1
0.156123	-0.168895	0.004953	2
0.169699	-0.183581	0.009441	3
0.183275	-0.198268	0.016233	4
0.196851	-0.212954	0.024938	5
0.210427	-0.227641	0.034878	6
0.224003	-0.242327	0.045098	7
0.237579	-0.257014	0.054408	8
0.251155	-0.271700	0.061468	9
0.264731	-0.286387	0.064947	10
0.278307	-0.301074	0.063787	11
0.291883	-0.315760	0.057560	12
0.305459	-0.330447	0.046922	13
0.319035	-0.345133	0.034130	14
0.332611	-0.359820	0.023526	15
0.346187	-0.374506	0.021867	16
0.359763	-0.389193	0.038328	17
0.373339	-0.403879	0.084106	18
0.386914	-0.418566	0.171667	19
0.400490	-0.433252	0.313351	20
0.414066	-0.447939	0.519190	21
0.427642	-0.462625	0.795004	22
0.441218	-0.477312	1.141329	23
0.454794	-0.491998	1.552752	24
0.468370	-0.506685	2.018449	25
0.481946	-0.521371	2.523318	26
0.495522	-0.536058	3.049397	27
0.509098	-0.550744	3.577058	28
0.522674	-0.565431	4.085899	29
0.536250	-0.580117	4.555891	30
0.549826	-0.594804	4.969018	31
0.563402	-0.609490	5.311399	32
0.576978	-0.624177	5.575366	33
0.590554	-0.638863	5.761016	34
0.604130	-0.653550	5.877100	35
0.617706	-0.668236	5.941186	36
0.631282	-0.682923	5.979456	37
0.644857	-0.697609	6.026726	38
0.658433	-0.712296	6.127275	39
0.672009	-0.726982	6.336919	40
69
0.154207	-0.142549	0.003003	1
0.168893	-0.156125	0.006319	2
0.183580	-0.169701	0.011567	3
0.198266	-0.183277	0.018610	4
0.212953	-0.196853	0.027253	5
0.227639	-0.210429	0.036978	6
0.242325	-0.224005	0.046959	7
0.257012	-0.237581	0.056114	8
0.271698	-0.251158	0.063182	9
0.286385	-0.264734	0.066881	10
0.301071	-0.278310	0.066147	11
0.315757	-0.291886	0.060490	12
0.330444	-0.305462	0.050455	13
0.345130	-0.319038	0.038167	14
0.359816	-0.332614	0.027883	15
0.374503	-0.346190	0.026422	16
0.389189	-0.359766	0.043273	17
0.403876	-0.373342	0.090259	18
0.418562	-0.386918	0.180747	19
0.433248	-0.400494	0.328007	20
0.447935	-0.414071	0.542802	21
0.462621	-0.427647	0.830732	22
0.477308	-0.441223	1.190157	23
0.491994	-0.454799	1.611557	24
0.506680	-0.468375	2.079294	25
0.521367	-0.481951	2.574564	26
0.536053	-0.495527	3.078752	27
0.550740	-0.509103	3.575393	28
0.565426	-0.522679	4.049799	29
0.580112	-0.536255	4.488781	30
0.594799	-0.549831	4.880570	31
0.609485	-0.563407	5.216007	32
0.624171	-0.576984	5.489858	33
0.638858	-0.590560	5.701855	34
0.653544	-0.604136	5.858371	35
0.668231	-0.617712	5.973610	36
0.682917	-0.631288	6.070278	37
0.697603	-0.644864	6.179960	38
0.712290	-0.658440	6.343470	39
0.726976	-0.672016	6.611337	40
70
0.164916	-0.130011	0.003013	1
0.180622	-0.142392	0.008190	2
0.196328	-0.154774	0.014318	3
0.212035	-0.167156	0.021272	4
0.227741	-0.179538	0.029122	5
0.243447	-0.191920	0.037613	6
0.259154	-0.204302	0.046178	7
0.274860	-0.216684	0.053996	8
0.290566	-0.229066	0.060072	9
0.306272	-0.241448	0.063350	10
0.321979	-0.253830	0.062916	11
0.337685	-0.266212	0.058298	12
0.353391	-0.278594	0.049882	13
0.369098	-0.290976	0.039454	14
0.384804	-0.303358	0.030825	15
0.400510	-0.315740	0.030447	16
0.416216	-0.328122	0.047832	17
0.431923	-0.340504	0.095567	18
0.447629	-0.352886	0.188812	19
0.463335	-0.365268	0.343706	20
0.479042	-0.377650	0.574311	21
0.494748	-0.390032	0.888289	22
0.510454	-0.402413	1.282261	23
0.526160	-0.414795	1.739240	24
0.541867	-0.427177	2.233473	25
0.557573	-0.439559	2.736787	26
0.573279	-0.451941	3.226464	27
0.588985	-0.464323	3.689512	28
0.604692	-0.476705	4.118381	29
0.620398	-0.489087	4.509248	30
0.636104	-0.501469	4.858324	31
0.651811	-0.513851	5.163381	32
0.667517	-0.526233	5.424472	33
0.683223	-0.538615	5.642359	34
0.698929	-0.550997	5.822066	35
0.714636	-0.563379	5.974672	36
0.730342	-0.575761	6.118599	37
0.746048	-0.588143	6.280244	38
0.761755	-0.600525	6.493896	39
0.777461	-0.612907	6.800744	40
71
0.174608	-0.116671	0.002786	1
0.191237	-0.127782	0.009317	2
0.207867	-0.138894	0.016009	3
0.224496	-0.150005	0.022623	4
0.241125	-0.161117	0.029344	5
0.257755	-0.172228	0.036108	6
0.274384	-0.183339	0.042601	7
0.291013	-0.194451	0.048309	8
0.307643	-0.205562	0.052581	9
0.324272	-0.216674	0.054709	10
0.340901	-0.227785	0.054074	11
0.357531	-0.238897	0.050364	12
0.374160	-0.250008	0.043899	13
0.390789	-0.261120	0.036111	14
0.407419	-0.272231	0.030169	15
0.424048	-0.283343	0.031776	16
0.440677	-0.294454	0.050028	17
0.457307	-0.305566	0.098093	18
0.473936	-0.316677	0.193582	19
0.490565	-0.327789	0.357782	20
0.507195	-0.338900	0.612450	21
0.523824	-0.350012	0.972942	22
0.540454	-0.361123	1.437294	23
0.557083	-0.372235	1.974386	24
0.573712	-0.383346	2.534814	25
0.590342	-0.394458	3.069129	26
0.606971	-0.405569	3.545344	27
0.623600	-0.416681	3.957524	28
0.640230	-0.427792	4.313030	29
0.656859	-0.438904	4.624070	30
0.673488	-0.450015	4.900032	31
0.690118	-0.461127	5.147809	32
0.706747	-0.472238	5.372425	33
0.723376	-0.483350	5.575920	34
0.740006	-0.494461	5.761712	35
0.756635	-0.505573	5.937103	36
0.773264	-0.516684	6.115069	37
0.789894	-0.527796	6.314969	38
0.806523	-0.538907	6.561888	39
0.823152	-0.550018	6.884056	40
72
0.183224	-0.102611	0.002178	1
0.200674	-0.112384	0.008691	2
0.218123	-0.122156	0.015343	3
0.235573	-0.131929	0.021591	4
0.253023	-0.141701	0.027455	5
0.270473	-0.151474	0.032883	6
0.287923	-0.161246	0.037680	7
0.305373	-0.171019	0.041527	8
0.322823	-0.180791	0.044012	9
0.340273	-0.190564	0.044710	10
0.357722	-0.200336	0.043281	11
0.375172	-0.210109	0.039638	12
0.392622	-0.219881	0.034189	13
0.410072	-0.229654	0.028204	14
0.427522	-0.239426	0.024370	15
0.444972	-0.249199	0.027605	16
0.462422	-0.258972	0.046237	17
0.479871	-0.268744	0.093511	18
0.497321	-0.278517	0.189254	19
0.514771	-0.288289	0.361701	20
0.532221	-0.298062	0.646984	21
0.549671	-0.307834	1.082155	22
0.567121	-0.317607	1.678846	23
0.584571	-0.327379	2.394090	24
0.602021	-0.337152	3.104960	25
0.619470	-0.346924	3.695328	26
0.636920	-0.356697	4.129661	27
0.654370	-0.366469	4.433311	28
0.671820	-0.376242	4.651746	29
0.689270	-0.386014	4.826377	30
0.706720	-0.395787	4.985392	31
0.724170	-0.405559	5.144325	32
0.741620	-0.415332	5.309479	33
0.759069	-0.425104	5.481539	34
0.776519	-0.434877	5.659967	35
0.793969	-0.444649	5.846357	36
0.811419	-0.454422	6.046470	37
0.828869	-0.464194	6.270678	38
0.846319	-0.473967	6.532373	39
0.863769	-0.483739	6.843481	40
73
0.190710	-0.087919	0.001251	1
0.208872	-0.096293	0.006278	2
0.227035	-0.104666	0.012249	3
0.245198	-0.113039	0.018301	4
0.263361	-0.121413	0.024176	5
0.281524	-0.129786	0.029729	6
0.299687	-0.138159	0.034742	7
0.317849	-0.146532	0.038885	8
0.336012	-0.154906	0.041732	9
0.354175	-0.163279	0.042819	10
0.372338	-0.171652	0.041747	11
0.390501	-0.180026	0.038329	12
0.408663	-0.188399	0.032827	13
0.426826	-0.196772	0.026282	14
0.444989	-0.205145	0.021030	15
0.463152	-0.213519	0.021474	16
0.481315	-0.221892	0.035339	17
0.499478	-0.230265	0.075682	18
0.517640	-0.238639	0.163821	19
0.535803	-0.247012	0.334415	20
0.553966	-0.255385	0.643240	21
0.572129	-0.263758	1.172953	22
0.590292	-0.272132	2.008372	23
0.608455	-0.280505	3.153843	24
0.626617	-0.288878	4.216940	25
0.644780	-0.297252	4.837820	26
0.662943	-0.305625	5.088923	27
0.681106	-0.313998	5.130508	28
0.699269	-0.322371	5.091535	29
0.717431	-0.330745	5.050679	30
0.735594	-0.339118	5.046604	31
0.753757	-0.347491	5.092343	32
0.771920	-0.355865	5.186698	33
0.790083	-0.364238	5.322054	34
0.808246	-0.372611	5.489621	35
0.826408	-0.380984	5.682667	36
0.844571	-0.389358	5.897949	37
0.862734	-0.397731	6.135217	38
0.880897	-0.406104	6.394261	39
0.899060	-0.414478	6.668469	40
74
0.197020	-0.072686	0.000386	1
0.215784	-0.079608	0.003216	2
0.234547	-0.086530	0.007955	3
0.253311	-0.093453	0.014009	4
0.272075	-0.100375	0.021187	5
0.290839	-0.107298	0.029367	6
0.309603	-0.114220	0.038319	7
0.328366	-0.121143	0.047645	8
0.347130	-0.128065	0.056766	9
0.365894	-0.134987	0.064927	10
0.384658	-0.141910	0.071228	11
0.403422	-0.148832	0.074715	12
0.422185	-0.155755	0.074549	13
0.440949	-0.162677	0.070328	14
0.459713	-0.169600	0.062625	15
0.478477	-0.176522	0.053886	16
0.497240	-0.183445	0.049905	17
0.516004	-0.190367	0.062310	18
0.534768	-0.197289	0.112846	19
0.553532	-0.204212	0.240769	20
0.572296	-0.211134	0.518298	21
0.591059	-0.218057	1.085495	22
0.609823	-0.224979	2.216938	23
0.628587	-0.231902	4.597963	24
0.647351	-0.238824	6.462160	25
0.666115	-0.245746	6.633410	26
0.684878	-0.252669	6.252278	27
0.703642	-0.259591	5.775853	28
0.722406	-0.266514	5.370883	29
0.741170	-0.273436	5.088732	30
0.759934	-0.280359	4.933282	31
0.778697	-0.287281	4.889770	32
0.797461	-0.294203	4.937485	33
0.816225	-0.301126	5.055442	34
0.834989	-0.308048	5.224995	35
0.853753	-0.314971	5.430879	36
0.872516	-0.321893	5.660927	37
0.891280	-0.328816	5.904107	38
0.910044	-0.335738	6.146107	39
0.928808	-0.342661	6.361440	40
75
0.202115	-0.057004	0.000035	1
0.221364	-0.062432	0.000893	2
0.240613	-0.067861	0.004014	3
0.259863	-0.073290	0.010392	4
0.279112	-0.078719	0.020540	5
0.298361	-0.084148	0.034629	6
0.317610	-0.089577	0.052668	7
0.336859	-0.095006	0.074555	8
0.356108	-0.100435	0.100039	9
0.375357	-0.105864	0.128625	10
0.394606	-0.111293	0.159466	11
0.413855	-0.116721	0.191223	12
0.433104	-0.122150	0.221946	13
0.452353	-0.127579	0.248977	14
0.471602	-0.133008	0.268975	15
0.490851	-0.138437	0.278171	16
0.510101	-0.143866	0.273146	17
0.529350	-0.149295	0.252615	18
0.548599	-0.154724	0.221295	19
0.567848	-0.160153	0.198561	20
0.587097	-0.165582	0.240086	21
0.606346	-0.171011	0.502758	22
0.625595	-0.176439	1.471364	23
0.644844	-0.181868	7.566155	24
0.664093	-0.187297	9.181329	25
0.683342	-0.192726	7.236024	26
0.702591	-0.198155	6.172525	27
0.721840	-0.203584	5.443995	28
0.741089	-0.209013	4.951923	29
0.760339	-0.214442	4.649510	30
0.779588	-0.219871	4.499919	31
0.798837	-0.225300	4.472278	32
0.818086	-0.230729	4.540378	33
0.837335	-0.236157	4.681476	34
0.856584	-0.241586	4.875472	35
0.875833	-0.247015	5.104163	36
0.895082	-0.252444	5.349907	37
0.914331	-0.257873	5.592877	38
0.933580	-0.263302	5.805987	39
0.952829	-0.268731	5.946767	40
76
0.676741	-0.134616	17.859069	25
0.696357	-0.138518	9.778670	26
0.715973	-0.142420	6.543556	27
0.735588	-0.146322	5.131800	28
0.755204	-0.150223	4.469265	29
0.774820	-0.154125	4.158404	30
0.794435	-0.158027	4.041699	31
0.814051	-0.161929	4.050189	32
0.833667	-0.165831	4.148552	33
0.853282	-0.169733	4.313756	34
0.872898	-0.173635	4.526671	35
0.892514	-0.177537	4.768327	36
0.912129	-0.181439	5.017307	37
0.931745	-0.185341	5.246500	38
0.951361	-0.189243	5.418159	39
0.970976	-0.193144	5.477125	40
77
0.685217	-0.081104	20.978226	25
0.705078	-0.083455	12.472329	26
0.724940	-0.085806	8.274969	27
0.744801	-0.088157	6.084071	28
0.764662	-0.090508	4.922694	29
0.784524	-0.092859	4.320903	30
0.804385	-0.095209	4.038705	31
0.824246	-0.097560	3.951003	32
0.844108	-0.099911	3.990706	33
0.863969	-0.102262	4.116967	34
0.883830	-0.104613	4.300844	35
0.903692	-0.106964	4.516931	36
0.923553	-0.109315	4.737736	37
0.943414	-0.111665	4.929002	38
0.963276	-0.114016	5.045127	39
0.983137	-0.116367	5.024959	40
78
0.689468	-0.027093	14.011656	25
0.709452	-0.027878	10.229518	26
0.729437	-0.028664	8.121022	27
0.749422	-0.029449	6.655531	28
0.769406	-0.030234	5.614161	29
0.789391	-0.031019	4.911568	30
0.809375	-0.031805	4.470462	31
0.829360	-0.032590	4.229973	32
0.849345	-0.033375	4.144432	33
0.869329	-0.034161	4.169713	34
0.889314	-0.034946	4.270374	35
0.909298	-0.035731	4.414950	36
0.929283	-0.036517	4.570415	37
0.949267	-0.037302	4.697300	38
0.969252	-0.038087	4.746776	39
0.989237	-0.038872	4.659963	40
79
0.209838	0.008243	0.000018	1
0.229823	0.009029	0.001191	2
0.249807	0.009814	0.006189	3
0.269792	0.010599	0.016923	4
0.289776	0.011384	0.034198	5
0.309761	0.012169	0.058041	6
0.329746	0.012954	0.088162	7
0.349730	0.013739	0.124192	8
0.369715	0.014524	0.165760	9
0.389699	0.015309	0.212497	10
0.409684	0.016094	0.264017	11
0.429669	0.016879	0.319898	12
0.449653	0.017665	0.379641	13
0.469638	0.018450	0.442605	14
0.489622	0.019235	0.507830	15
0.509607	0.020020	0.573657	16
0.529592	0.020805	0.636927	17
0.549576	0.021590	0.691451	18
0.569561	0.022375	0.725456	19
0.589545	0.023160	0.718971	20
0.609530	0.023945	0.648976	21
0.629514	0.024730	0.541505	22
0.649499	0.025515	0.735030	23
0.669484	0.026301	4.649751	24
0.689468	0.027086	7.439702	25
0.709453	0.027871	7.730110	26
0.729437	0.028656	7.522345	27
0.749422	0.029441	6.961424	28
0.769407	0.030226	6.285775	29
0.789391	0.031011	5.656926	30
0.809376	0.031796	5.146174	31
0.829360	0.032581	4.778754	32
0.849345	0.033366	4.555872	33
0.869329	0.034151	4.451797	34
0.889314	0.034936	4.435359	35
0.909299	0.035722	4.475535	36
0.929283	0.036507	4.538473	37
0.949268	0.037292	4.583047	38
0.969252	0.038077	4.562969	39
0.989237	0.038862	4.429264	40
80
