time = 0.000000	Re = 50.000000	40	80
0.000000	1.000000
0.001000	192.448290
0.002000	104.267125
0.003000	69.607198
0.004000	768.072556
0.005000	49.846979
0.006000	70.002421
0.007000	56.246778
0.008000	70.173419
0.009000	18.201363
0.010000	17.772433
0.011000	5.120773
0.012000	10.717068
0.013000	11.211536
0.014000	52.886866
0.015000	9.121766
0.016000	112.719391
0.017000	11.625054
0.018000	44.704282
0.019000	2.497624
0.020000	1.501450
0.021000	21.638372
0.022000	10.805407
0.023000	21.081647
0.024000	2.012135
0.025000	4.679233
0.026000	205.246291
0.027000	2.058741
0.028000	1.788761
0.029000	1.138359
0.030000	9.719722
0.031000	21.768371
0.032000	3.102256
0.033000	1.810192
0.034000	1.859109
0.035000	7.409318
0.036000	0.837105
0.037000	0.528417
0.038000	0.482561
0.039000	0.841044
0.040000	2.697703
0.041000	0.426885
0.042000	0.624821
0.043000	0.389657
0.044000	0.341551
0.045000	0.507287
0.046000	0.982015
0.047000	19.394752
0.048000	94.675689
0.049000	21.520924
0.050000	0.958141
0.051000	0.615872
0.052000	0.418305
0.053000	0.328917
0.054000	0.290174
0.055000	0.273496
0.056000	0.310732
0.057000	0.400913
0.058000	0.493905
0.059000	0.605563
0.060000	0.861872
0.061000	1.024020
0.062000	0.717410
0.063000	0.475255
0.064000	0.495561
0.065000	0.445240
0.066000	0.475897
0.067000	0.414061
0.068000	0.375849
0.069000	0.485587
0.070000	1.330002
0.071000	2.027114
0.072000	1.122659
0.073000	2.316102
0.074000	2.796409
0.075000	1.471733
0.076000	5.342754
0.077000	2.688497
0.078000	1.607726
0.079000	16.580440
0.080000	6.672641
0.081000	4.442339
0.082000	5.896963
0.083000	9.629658
0.084000	747.401857
0.085000	5.040758
0.086000	8.415687
0.087000	10.532417
0.088000	22.238638
0.089000	23.642043
0.090000	11.000294
0.091000	37.659224
0.092000	39.781206
0.093000	18.111003
0.094000	11.313253
0.095000	131.277539
0.096000	33.168794
0.097000	551.088551
0.098000	280.316213
0.099000	21.409427
0.100000	22.450345
0.101000	44.156697
0.102000	285.615652
0.103000	71.648070
0.104000	15.919287
0.105000	19.015883
0.106000	5.916405
0.107000	13.780969
0.108000	5.220466
0.109000	2.506061
0.110000	18.028304
0.111000	1.345872
0.112000	5.926582
0.113000	3.515303
0.114000	13.795909
0.115000	4.767253
0.116000	0.888500
0.117000	3.735875
0.118000	36.462181
0.119000	0.973956
0.120000	8.659779
0.121000	19.960791
0.122000	0.950528
0.123000	0.915464
0.124000	37.694329
0.125000	15.530509
0.126000	0.935998
0.127000	0.686595
0.128000	0.445065
0.129000	0.915977
0.130000	20.325119
0.131000	4.865095
0.132000	1.158595
0.133000	0.770664
0.134000	0.448392
0.135000	0.316880
0.136000	0.250101
0.137000	0.279408
0.138000	0.260682
0.139000	0.299839
0.140000	0.471552
0.141000	0.957507
0.142000	47.068948
0.143000	3.624250
0.144000	2.097029
0.145000	0.814228
0.146000	0.460723
0.147000	0.319359
0.148000	0.250535
0.149000	0.207158
0.150000	0.178270
0.151000	0.158974
0.152000	0.140953
0.153000	0.128223
0.154000	0.118466
0.155000	0.110252
0.156000	0.100733
0.157000	0.100167
0.158000	0.094370
0.159000	0.091659
0.160000	0.089085
0.161000	0.086703
0.162000	0.084507
0.163000	0.082456
0.164000	0.080543
0.165000	0.078750
0.166000	0.077049
0.167000	0.095742
0.168000	0.114745
0.169000	0.125015
0.170000	0.128777
0.171000	0.128330
0.172000	0.125688
0.173000	0.124916
0.174000	0.122373
0.175000	0.118733
0.176000	0.114653
0.177000	0.110470
0.178000	0.106359
0.179000	0.102471
0.180000	0.098827
0.181000	0.095389
0.182000	0.092173
0.183000	0.089190
0.184000	0.086409
0.185000	0.083813
0.186000	0.081389
0.187000	0.079130
0.188000	0.077017
0.189000	0.075038
0.190000	0.073178
0.191000	0.071431
0.192000	0.069781
0.193000	0.068227
0.194000	0.066755
0.195000	0.065360
0.196000	0.064037
0.197000	0.062778
0.198000	0.061579
0.199000	0.060435
0.200000	0.062242
0.201000	0.072509
0.202000	0.084994
0.203000	0.100420
0.204000	0.119925
0.205000	0.145026
0.206000	0.177537
0.207000	0.218186
0.208000	0.257832
0.209000	0.306053
0.210000	0.485375
0.211000	1.071375
0.212000	21.031287
0.213000	0.960429
0.214000	0.505404
0.215000	0.348548
0.216000	0.269261
0.217000	0.254810
0.218000	0.208800
0.219000	0.166190
0.220000	0.196240
0.221000	0.247326
0.222000	0.234070
0.223000	0.209275
0.224000	0.185635
0.225000	0.165898
0.226000	0.212916
0.227000	0.291045
0.228000	0.443913
0.229000	0.874118
0.230000	4.437838
0.231000	0.804547
0.232000	0.524969
0.233000	0.356995
0.234000	0.272866
0.235000	0.222559
0.236000	0.189091
0.237000	0.165211
0.238000	0.147300
0.239000	0.133361
0.240000	0.122189
0.241000	0.113032
0.242000	0.123886
0.243000	0.144398
0.244000	0.148277
0.245000	0.144006
0.246000	0.136579
0.247000	0.128319
0.248000	0.120269
0.249000	0.112829
0.250000	0.106109
0.251000	0.100098
0.252000	0.094733
0.253000	0.089945
0.254000	0.085659
0.255000	0.081809
0.256000	0.078338
0.257000	0.075193
0.258000	0.072333
0.259000	0.069722
0.260000	0.070097
0.261000	0.070196
0.262000	0.069788
0.263000	0.069007
0.264000	0.068952
0.265000	0.071397
0.266000	0.072640
0.267000	0.072951
0.268000	0.072589
0.269000	0.071745
0.270000	0.070580
0.271000	0.069209
0.272000	0.067711
0.273000	0.066149
0.274000	0.064561
0.275000	0.062982
0.276000	0.061428
0.277000	0.059917
0.278000	0.058454
0.279000	0.057041
0.280000	0.055686
0.281000	0.054387
0.282000	0.053143
0.283000	0.051952
0.284000	0.050814
0.285000	0.049727
0.286000	0.048688
0.287000	0.047694
0.288000	0.046742
0.289000	0.045831
0.290000	0.044960
0.291000	0.044124
0.292000	0.043323
0.293000	0.042553
0.294000	0.041816
0.295000	0.041105
0.296000	0.040423
0.297000	0.039765
0.298000	0.039380
0.299000	0.039577
0.300000	0.039680
0.301000	0.039703
0.302000	0.039653
0.303000	0.039543
0.304000	0.039482
0.305000	0.039619
0.306000	0.042440
0.307000	0.045952
0.308000	0.049897
0.309000	0.054375
0.310000	0.059502
0.311000	0.065450
0.312000	0.072398
0.313000	0.080649
0.314000	0.090637
0.315000	0.102950
0.316000	0.118513
0.317000	0.138866
0.318000	0.166561
0.319000	0.206522
0.320000	0.269280
0.321000	0.382182
0.322000	0.645635
0.323000	1.962135
0.324000	1.003569
0.325000	51.482711
0.326000	1.032068
0.327000	19.731031
0.328000	1.380524
0.329000	1.433988
0.330000	0.778290
0.331000	0.443000
0.332000	0.311550
0.333000	0.241364
0.334000	0.197691
0.335000	0.167887
0.336000	0.146241
0.337000	0.129803
0.338000	0.116889
0.339000	0.106472
0.340000	0.097889
0.341000	0.090694
0.342000	0.084571
0.343000	0.079297
0.344000	0.074705
0.345000	0.070669
0.346000	0.067092
0.347000	0.073677
0.348000	0.081800
0.349000	0.091529
0.350000	0.103381
0.351000	0.118087
0.352000	0.136744
0.353000	0.160991
0.354000	0.193228
0.355000	0.236417
0.356000	0.290403
0.357000	0.327177
0.358000	0.212857
0.359000	0.098295
0.360000	0.253849
0.361000	0.255939
0.362000	0.224170
0.363000	0.193157
0.364000	0.167995
0.365000	0.148143
0.366000	0.132380
0.367000	0.119667
0.368000	0.120986
0.369000	0.152770
0.370000	0.184671
0.371000	0.223296
0.372000	0.273586
0.373000	0.316741
0.374000	0.475085
0.375000	1.314606
0.376000	4.829375
0.377000	0.884431
0.378000	0.462033
0.379000	0.314226
0.380000	0.246251
0.381000	0.195111
0.382000	0.152203
0.383000	0.132803
0.384000	0.140913
0.385000	0.163915
0.386000	0.192439
0.387000	0.225014
0.388000	0.249151
0.389000	0.217176
0.390000	0.224096
0.391000	0.295188
0.392000	0.428829
0.393000	0.772721
0.394000	3.659516
0.395000	1.110512
0.396000	7.026720
0.397000	0.901674
0.398000	0.478037
0.399000	0.326811
0.400000	0.249154
0.401000	0.201875
0.402000	0.170059
0.403000	0.147185
0.404000	0.129939
0.405000	0.116468
0.406000	0.105655
0.407000	0.096785
0.408000	0.089374
0.409000	0.083084
0.410000	0.077684
0.411000	0.072991
0.412000	0.068877
0.413000	0.065242
0.414000	0.063286
0.415000	0.068580
0.416000	0.074730
0.417000	0.081964
0.418000	0.090588
0.419000	0.101082
0.420000	0.114101
0.421000	0.130697
0.422000	0.152578
0.423000	0.182754
0.424000	0.227048
0.425000	0.298474
0.426000	0.432943
0.427000	0.779946
0.428000	3.743365
0.429000	0.641305
0.430000	0.683095
0.431000	0.408636
0.432000	0.292427
0.433000	0.228239
0.434000	0.187520
0.435000	0.159378
0.436000	0.138752
0.437000	0.123002
0.438000	0.110572
0.439000	0.100509
0.440000	0.094369
0.441000	0.102530
0.442000	0.111967
0.443000	0.113425
0.444000	0.117244
0.445000	0.148747
0.446000	0.203571
0.447000	0.250372
0.448000	0.328414
0.449000	0.486162
0.450000	0.938587
0.451000	13.010651
0.452000	0.895261
0.453000	0.704559
0.454000	0.412059
0.455000	0.291796
0.456000	0.234889
0.457000	0.191917
0.458000	0.140969
0.459000	0.126838
0.460000	0.123635
0.461000	0.105868
0.462000	0.096756
0.463000	0.079501
0.464000	0.088510
0.465000	0.076941
0.466000	0.068412
0.467000	0.066715
0.468000	0.063890
0.469000	0.052157
0.470000	0.054808
0.471000	0.049848
0.472000	0.049302
0.473000	0.049887
0.474000	0.047967
0.475000	0.044784
0.476000	0.041990
0.477000	0.035299
0.478000	0.031280
0.479000	0.034991
0.480000	0.037991
0.481000	0.037402
0.482000	0.034963
0.483000	0.032606
0.484000	0.031044
0.485000	0.030117
0.486000	0.027439
0.487000	0.027283
0.488000	0.024046
0.489000	0.028888
0.490000	0.026602
0.491000	0.024347
0.492000	0.024619
0.493000	0.024731
0.494000	0.022462
0.495000	0.021879
0.496000	0.022441
0.497000	0.019387
0.498000	0.019634
0.499000	0.021438
0.500000	0.021568
0.501000	0.020462
0.502000	0.018228
0.503000	0.017770
0.504000	0.016978
0.505000	0.017043
0.506000	0.018038
0.507000	0.018466
0.508000	0.016947
0.509000	0.017502
0.510000	0.018082
0.511000	0.018688
0.512000	0.019321
0.513000	0.019984
0.514000	0.020680
0.515000	0.021410
0.516000	0.022177
0.517000	0.022984
0.518000	0.023834
0.519000	0.024731
0.520000	0.025679
0.521000	0.026682
0.522000	0.027744
0.523000	0.028872
0.524000	0.030071
0.525000	0.031347
0.526000	0.032708
0.527000	0.034162
0.528000	0.035717
0.529000	0.037385
0.530000	0.039175
0.531000	0.041098
0.532000	0.043169
0.533000	0.045399
0.534000	0.047803
0.535000	0.050394
0.536000	0.053182
0.537000	0.056174
0.538000	0.059368
0.539000	0.062750
0.540000	0.066271
0.541000	0.069850
0.542000	0.073329
0.543000	0.076439
0.544000	0.078741
0.545000	0.079535
0.546000	0.077806
0.547000	0.072224
0.548000	0.061363
0.549000	0.044308
0.550000	0.021530
0.551000	0.014830
0.552000	0.029980
0.553000	0.051312
0.554000	0.066763
0.555000	0.076390
0.556000	0.081305
0.557000	0.082864
0.558000	0.082245
0.559000	0.080317
0.560000	0.077669
0.561000	0.074677
0.562000	0.071574
0.563000	0.068496
0.564000	0.065524
0.565000	0.062695
0.566000	0.060030
0.567000	0.057532
0.568000	0.055201
0.569000	0.053026
0.570000	0.050999
0.571000	0.049111
0.572000	0.047351
0.573000	0.045708
0.574000	0.044173
0.575000	0.042737
0.576000	0.041391
0.577000	0.040129
0.578000	0.038942
0.579000	0.037826
0.580000	0.036774
0.581000	0.035781
0.582000	0.034842
0.583000	0.035355
0.584000	0.036788
0.585000	0.038303
0.586000	0.039901
0.587000	0.041584
0.588000	0.043352
0.589000	0.045200
0.590000	0.047119
0.591000	0.049093
0.592000	0.051093
0.593000	0.053075
0.594000	0.054973
0.595000	0.056689
0.596000	0.058077
0.597000	0.058940
0.598000	0.059001
0.599000	0.057903
0.600000	0.055215
0.601000	0.050465
0.602000	0.043236
0.603000	0.033321
0.604000	0.022400
0.605000	0.022055
0.606000	0.021722
0.607000	0.022679
0.608000	0.035305
0.609000	0.045508
0.610000	0.053089
0.611000	0.058230
0.612000	0.061342
0.613000	0.062839
0.614000	0.063164
0.615000	0.062653
0.616000	0.061600
0.617000	0.060174
0.618000	0.058536
0.619000	0.056786
0.620000	0.054992
0.621000	0.053202
0.622000	0.051444
0.623000	0.049740
0.624000	0.048100
0.625000	0.046532
0.626000	0.045031
0.627000	0.043615
0.628000	0.042260
0.629000	0.040979
0.630000	0.039770
0.631000	0.038613
0.632000	0.037527
0.633000	0.036487
0.634000	0.035510
0.635000	0.034573
0.636000	0.033692
0.637000	0.032846
0.638000	0.032046
0.639000	0.031283
0.640000	0.030555
0.641000	0.029861
0.642000	0.029198
0.643000	0.029789
0.644000	0.029595
0.645000	0.030793
0.646000	0.033521
0.647000	0.034575
0.648000	0.038541
0.649000	0.041863
0.650000	0.041275
0.651000	0.041174
0.652000	0.043563
0.653000	0.047434
0.654000	0.051637
0.655000	0.055866
0.656000	0.060347
0.657000	0.064963
0.658000	0.080550
0.659000	0.081206
0.660000	0.088682
0.661000	0.098670
0.662000	0.117943
0.663000	0.122817
0.664000	0.146883
0.665000	0.185401
0.666000	0.242579
0.667000	0.309111
0.668000	0.453378
0.669000	0.825227
0.670000	4.725192
0.671000	0.754503
0.672000	0.569975
0.673000	0.356161
0.674000	0.268234
0.675000	0.218832
0.676000	0.179319
0.677000	0.157938
0.678000	0.133228
0.679000	0.120192
0.680000	0.109220
0.681000	0.097445
0.682000	0.088375
0.683000	0.086679
0.684000	0.080994
0.685000	0.073306
0.686000	0.067345
0.687000	0.067167
0.688000	0.061120
0.689000	0.061054
0.690000	0.059020
0.691000	0.054644
0.692000	0.051185
0.693000	0.051340
0.694000	0.049750
0.695000	0.046295
0.696000	0.045709
0.697000	0.044233
0.698000	0.041945
0.699000	0.041253
0.700000	0.041534
0.701000	0.039809
0.702000	0.038171
0.703000	0.037167
0.704000	0.035730
0.705000	0.034455
0.706000	0.033619
0.707000	0.033030
0.708000	0.032455
0.709000	0.032562
0.710000	0.031664
0.711000	0.031755
0.712000	0.030787
0.713000	0.031428
0.714000	0.032525
0.715000	0.033697
0.716000	0.034954
0.717000	0.036302
0.718000	0.037756
0.719000	0.039325
0.720000	0.041027
0.721000	0.042876
0.722000	0.044894
0.723000	0.047107
0.724000	0.049541
0.725000	0.052234
0.726000	0.055228
0.727000	0.058578
0.728000	0.062352
0.729000	0.066634
0.730000	0.071536
0.731000	0.077202
0.732000	0.083829
0.733000	0.091681
0.734000	0.101135
0.735000	0.112737
0.736000	0.127314
0.737000	0.146175
0.738000	0.171543
0.739000	0.207486
0.740000	0.262358
0.741000	0.356462
0.742000	0.555307
0.743000	1.253257
0.744000	2.961343
0.745000	0.832470
0.746000	0.454669
0.747000	0.423825
0.748000	0.761621
0.749000	3.433202
0.750000	0.592797
0.751000	0.666719
0.752000	0.403276
0.753000	0.433097
0.754000	0.765861
0.755000	3.290338
0.756000	0.564234
0.757000	0.589786
0.758000	0.371293
0.759000	0.271016
0.760000	0.213442
0.761000	0.176080
0.762000	0.149878
0.763000	0.130480
0.764000	0.115544
0.765000	0.103687
0.766000	0.094045
0.767000	0.086051
0.768000	0.079316
0.769000	0.073563
0.770000	0.068592
0.771000	0.064253
0.772000	0.060434
0.773000	0.057046
0.774000	0.054019
0.775000	0.051299
0.776000	0.048842
0.777000	0.046610
0.778000	0.044575
0.779000	0.042711
0.780000	0.040997
0.781000	0.039417
0.782000	0.037954
0.783000	0.036596
0.784000	0.035333
0.785000	0.034155
0.786000	0.033052
0.787000	0.032020
0.788000	0.031050
0.789000	0.030221
0.790000	0.029557
0.791000	0.028663
0.792000	0.028237
0.793000	0.027651
0.794000	0.027002
0.795000	0.026731
0.796000	0.026366
0.797000	0.025715
0.798000	0.025081
0.799000	0.024868
0.800000	0.024466
0.801000	0.024647
0.802000	0.024878
0.803000	0.025064
0.804000	0.025196
0.805000	0.025264
0.806000	0.025255
0.807000	0.025156
0.808000	0.024954
0.809000	0.024631
0.810000	0.024170
0.811000	0.023556
0.812000	0.022770
0.813000	0.021795
0.814000	0.020616
0.815000	0.019619
0.816000	0.019537
0.817000	0.019335
0.818000	0.019122
0.819000	0.018682
0.820000	0.018503
0.821000	0.018360
0.822000	0.018109
0.823000	0.017858
0.824000	0.017812
0.825000	0.017612
0.826000	0.017325
0.827000	0.017239
0.828000	0.017125
0.829000	0.016864
0.830000	0.017709
0.831000	0.019656
0.832000	0.021379
0.833000	0.022877
0.834000	0.024157
0.835000	0.025230
0.836000	0.026110
0.837000	0.026814
0.838000	0.027357
0.839000	0.027758
0.840000	0.028034
0.841000	0.028199
0.842000	0.028270
0.843000	0.028258
0.844000	0.028178
0.845000	0.028039
0.846000	0.027852
0.847000	0.027624
0.848000	0.027362
0.849000	0.027074
0.850000	0.026765
0.851000	0.026440
0.852000	0.026101
0.853000	0.025754
0.854000	0.025400
0.855000	0.025042
0.856000	0.024682
0.857000	0.024323
0.858000	0.023964
0.859000	0.023608
0.860000	0.023255
0.861000	0.022907
0.862000	0.022563
0.863000	0.022224
0.864000	0.021892
0.865000	0.021565
0.866000	0.021244
0.867000	0.020930
0.868000	0.020738
0.869000	0.021236
0.870000	0.021758
0.871000	0.022304
0.872000	0.022877
0.873000	0.023477
0.874000	0.024108
0.875000	0.024770
0.876000	0.025468
0.877000	0.026204
0.878000	0.026982
0.879000	0.027805
0.880000	0.028676
0.881000	0.029600
0.882000	0.030583
0.883000	0.031631
0.884000	0.032749
0.885000	0.033945
0.886000	0.035228
0.887000	0.036608
0.888000	0.038095
0.889000	0.039705
0.890000	0.041451
0.891000	0.043351
0.892000	0.045429
0.893000	0.047710
0.894000	0.050224
0.895000	0.053010
0.896000	0.056116
0.897000	0.059599
0.898000	0.063530
0.899000	0.068004
0.900000	0.073144
0.901000	0.079109
0.902000	0.086115
0.903000	0.094459
0.904000	0.104566
0.905000	0.117064
0.906000	0.132913
0.907000	0.153672
0.908000	0.182044
0.909000	0.223142
0.910000	0.288019
0.911000	0.405970
0.912000	0.685050
0.913000	2.193613
0.914000	0.164434
0.915000	0.648051
0.916000	0.393576
0.917000	0.314770
0.918000	0.460302
0.919000	0.857060
0.920000	6.055111
0.921000	0.802791
0.922000	0.545309
0.923000	0.353456
0.924000	0.261422
0.925000	0.207653
0.926000	0.172202
0.927000	0.147130
0.928000	0.128429
0.929000	0.114065
0.930000	0.102549
0.931000	0.093128
0.932000	0.085386
0.933000	0.078794
0.934000	0.073155
0.935000	0.068283
0.936000	0.064026
0.937000	0.060275
0.938000	0.056924
0.939000	0.053980
0.940000	0.051295
0.941000	0.048869
0.942000	0.046668
0.943000	0.044660
0.944000	0.042821
0.945000	0.041130
0.946000	0.039570
0.947000	0.038125
0.948000	0.036771
0.949000	0.035544
0.950000	0.034375
0.951000	0.033283
0.952000	0.032249
0.953000	0.031308
0.954000	0.030401
0.955000	0.029548
0.956000	0.028743
0.957000	0.027983
0.958000	0.027262
0.959000	0.026579
0.960000	0.025930
0.961000	0.025312
0.962000	0.024724
0.963000	0.024162
0.964000	0.023627
0.965000	0.023115
0.966000	0.022626
0.967000	0.022157
0.968000	0.021707
0.969000	0.021276
0.970000	0.020863
0.971000	0.020465
0.972000	0.020082
0.973000	0.019714
0.974000	0.019359
0.975000	0.019018
0.976000	0.018688
0.977000	0.018370
0.978000	0.018063
0.979000	0.017766
0.980000	0.017479
0.981000	0.017201
0.982000	0.016932
0.983000	0.016671
0.984000	0.016419
0.985000	0.016174
0.986000	0.015937
0.987000	0.015707
0.988000	0.015483
0.989000	0.015266
0.990000	0.015055
0.991000	0.014850
0.992000	0.014650
0.993000	0.014456
0.994000	0.014267
0.995000	0.014083
0.996000	0.013904
0.997000	0.013729
0.998000	0.013559
0.999000	0.013393
1.000000	0.013231
1.001000	0.013073
1.002000	0.012919
1.003000	0.012769
1.004000	0.012622
1.005000	0.012478
1.006000	0.012338
1.007000	0.012201
1.008000	0.012067
1.009000	0.011936
1.010000	0.011807
1.011000	0.011682
1.012000	0.011559
1.013000	0.011439
1.014000	0.011321
1.015000	0.011206
1.016000	0.011093
1.017000	0.010983
1.018000	0.010874
1.019000	0.010768
1.020000	0.010664
1.021000	0.010561
1.022000	0.010461
1.023000	0.010363
1.024000	0.010271
1.025000	0.010186
1.026000	0.010102
1.027000	0.010019
1.028000	0.009937
1.029000	0.009857
1.030000	0.009777
1.031000	0.009699
1.032000	0.009622
1.033000	0.009546
1.034000	0.009471
1.035000	0.009397
1.036000	0.009324
1.037000	0.009253
1.038000	0.009182
1.039000	0.009112
1.040000	0.009043
1.041000	0.008975
1.042000	0.008909
1.043000	0.008842
1.044000	0.008777
1.045000	0.008713
1.046000	0.008650
1.047000	0.008587
1.048000	0.008525
1.049000	0.008465
1.050000	0.008404
1.051000	0.008345
1.052000	0.008287
1.053000	0.008229
1.054000	0.008172
1.055000	0.008115
1.056000	0.008060
1.057000	0.008005
1.058000	0.008021
1.059000	0.008096
1.060000	0.008172
1.061000	0.008249
1.062000	0.008327
1.063000	0.008407
1.064000	0.008488
1.065000	0.008571
1.066000	0.008655
1.067000	0.008740
1.068000	0.008827
1.069000	0.008916
1.070000	0.009006
1.071000	0.009098
1.072000	0.009192
1.073000	0.009287
1.074000	0.009384
1.075000	0.009483
1.076000	0.009584
1.077000	0.009687
1.078000	0.009792
1.079000	0.009899
1.080000	0.010008
1.081000	0.010120
1.082000	0.010233
1.083000	0.010350
1.084000	0.010469
1.085000	0.010590
1.086000	0.010714
1.087000	0.010841
1.088000	0.010971
1.089000	0.011103
1.090000	0.011239
1.091000	0.011377
1.092000	0.011519
1.093000	0.011664
1.094000	0.011813
1.095000	0.011965
1.096000	0.012121
1.097000	0.012280
1.098000	0.012444
1.099000	0.012612
1.100000	0.012785
1.101000	0.012962
1.102000	0.013143
1.103000	0.013330
1.104000	0.013521
1.105000	0.013718
1.106000	0.013921
1.107000	0.014129
1.108000	0.014343
1.109000	0.014563
1.110000	0.014790
1.111000	0.015025
1.112000	0.015265
1.113000	0.015515
1.114000	0.015771
1.115000	0.016036
1.116000	0.016310
1.117000	0.016593
1.118000	0.016886
1.119000	0.017188
1.120000	0.017502
1.121000	0.017827
1.122000	0.018163
1.123000	0.018513
1.124000	0.018875
1.125000	0.019251
1.126000	0.019643
1.127000	0.020051
1.128000	0.020475
1.129000	0.020917
1.130000	0.021378
1.131000	0.021860
1.132000	0.022364
1.133000	0.022890
1.134000	0.023441
1.135000	0.024019
1.136000	0.024627
1.137000	0.025264
1.138000	0.025935
1.139000	0.026643
1.140000	0.027388
1.141000	0.028176
1.142000	0.029011
1.143000	0.029895
1.144000	0.030834
1.145000	0.031834
1.146000	0.032900
1.147000	0.034039
1.148000	0.035258
1.149000	0.036567
1.150000	0.037976
1.151000	0.039497
1.152000	0.041144
1.153000	0.042932
1.154000	0.044883
1.155000	0.047017
1.156000	0.049362
1.157000	0.051952
1.158000	0.054828
1.159000	0.058037
1.160000	0.061644
1.161000	0.065726
1.162000	0.070387
1.163000	0.075755
1.164000	0.082006
1.165000	0.089373
1.166000	0.098192
1.167000	0.108935
1.168000	0.122311
1.169000	0.139424
1.170000	0.162093
1.171000	0.193552
1.172000	0.240129
1.173000	0.316178
1.174000	0.462630
1.175000	0.861528
1.176000	6.239051
1.177000	0.809215
1.178000	0.543763
1.179000	0.352320
1.180000	0.260598
1.181000	0.206782
1.182000	0.171400
1.183000	0.146366
1.184000	0.153540
1.185000	0.181457
1.186000	0.221762
1.187000	0.285067
1.188000	0.398890
1.189000	0.663909
1.190000	1.977033
1.191000	0.067544
1.192000	0.669588
1.193000	0.401113
1.194000	0.286443
1.195000	0.222559
1.196000	0.182185
1.197000	0.154043
1.198000	0.133593
1.199000	0.117805
1.200000	0.105479
1.201000	0.095370
1.202000	0.087141
1.203000	0.080120
1.204000	0.074239
1.205000	0.069077
1.206000	0.064668
1.207000	0.060711
1.208000	0.057284
1.209000	0.054156
1.210000	0.051415
1.211000	0.048901
1.212000	0.046622
1.213000	0.044552
1.214000	0.042658
1.215000	0.040918
1.216000	0.039316
1.217000	0.037834
1.218000	0.036461
1.219000	0.035182
1.220000	0.033991
1.221000	0.032878
1.222000	0.031835
1.223000	0.030856
1.224000	0.029936
1.225000	0.029070
1.226000	0.028250
1.227000	0.027477
1.228000	0.026745
1.229000	0.026050
1.230000	0.025392
1.231000	0.024764
1.232000	0.024168
1.233000	0.023599
1.234000	0.023057
1.235000	0.022539
1.236000	0.022043
1.237000	0.021569
1.238000	0.021115
1.239000	0.020679
1.240000	0.020261
1.241000	0.019859
1.242000	0.019473
1.243000	0.019102
1.244000	0.018744
1.245000	0.018399
1.246000	0.018068
1.247000	0.017747
1.248000	0.017438
1.249000	0.017139
1.250000	0.016850
1.251000	0.016571
1.252000	0.016301
1.253000	0.016039
1.254000	0.015785
1.255000	0.015540
1.256000	0.015302
1.257000	0.015071
1.258000	0.014846
1.259000	0.014629
1.260000	0.014417
1.261000	0.014211
1.262000	0.014012
1.263000	0.013817
1.264000	0.013628
1.265000	0.013444
1.266000	0.013265
1.267000	0.013091
1.268000	0.012920
1.269000	0.012754
1.270000	0.012593
1.271000	0.012435
1.272000	0.012281
1.273000	0.012132
1.274000	0.011984
1.275000	0.011841
1.276000	0.011702
1.277000	0.011565
1.278000	0.011432
1.279000	0.011301
1.280000	0.011173
1.281000	0.011049
1.282000	0.010927
1.283000	0.010807
1.284000	0.010690
1.285000	0.010575
1.286000	0.010463
1.287000	0.010353
1.288000	0.010246
1.289000	0.010140
1.290000	0.010037
1.291000	0.009935
1.292000	0.009836
1.293000	0.009739
1.294000	0.009643
1.295000	0.009549
1.296000	0.009457
1.297000	0.009367
1.298000	0.009278
1.299000	0.009191
1.300000	0.009106
1.301000	0.009022
1.302000	0.008939
1.303000	0.008858
1.304000	0.008779
1.305000	0.008700
1.306000	0.008623
1.307000	0.008548
1.308000	0.008473
1.309000	0.008400
1.310000	0.008328
1.311000	0.008258
1.312000	0.008188
1.313000	0.008120
1.314000	0.008052
1.315000	0.007986
1.316000	0.007921
1.317000	0.007856
1.318000	0.007793
1.319000	0.007731
1.320000	0.007669
1.321000	0.007609
1.322000	0.007549
1.323000	0.007491
1.324000	0.007433
1.325000	0.007376
1.326000	0.007320
1.327000	0.007265
1.328000	0.007210
1.329000	0.007156
1.330000	0.007103
1.331000	0.007051
1.332000	0.007000
1.333000	0.006949
1.334000	0.006899
1.335000	0.006849
1.336000	0.006800
1.337000	0.006752
1.338000	0.006705
1.339000	0.006658
1.340000	0.006612
1.341000	0.006566
1.342000	0.006521
1.343000	0.006477
1.344000	0.006433
1.345000	0.006389
1.346000	0.006346
1.347000	0.006385
1.348000	0.006426
1.349000	0.006465
1.350000	0.006500
1.351000	0.006534
1.352000	0.006564
1.353000	0.006593
1.354000	0.006619
1.355000	0.006643
1.356000	0.006665
1.357000	0.006685
1.358000	0.006702
1.359000	0.006718
1.360000	0.006732
1.361000	0.006744
1.362000	0.006755
1.363000	0.006763
1.364000	0.006770
1.365000	0.006776
1.366000	0.006780
1.367000	0.006782
1.368000	0.006784
1.369000	0.006783
1.370000	0.006782
1.371000	0.006779
1.372000	0.006775
1.373000	0.006770
1.374000	0.006764
1.375000	0.006757
1.376000	0.006749
1.377000	0.006740
1.378000	0.006730
1.379000	0.006719
1.380000	0.006707
1.381000	0.006695
1.382000	0.006682
1.383000	0.006668
1.384000	0.006653
1.385000	0.006638
1.386000	0.006622
1.387000	0.006605
1.388000	0.006588
1.389000	0.006571
1.390000	0.006553
1.391000	0.006534
1.392000	0.006515
1.393000	0.006495
1.394000	0.006476
1.395000	0.006455
1.396000	0.006435
1.397000	0.006414
1.398000	0.006393
1.399000	0.006371
1.400000	0.006349
1.401000	0.006327
1.402000	0.006305
1.403000	0.006282
1.404000	0.006259
1.405000	0.006236
1.406000	0.006213
1.407000	0.006190
1.408000	0.006166
1.409000	0.006143
1.410000	0.006119
1.411000	0.006095
1.412000	0.006071
1.413000	0.006047
1.414000	0.006023
1.415000	0.005999
1.416000	0.005975
1.417000	0.005950
1.418000	0.005926
1.419000	0.005902
1.420000	0.005877
1.421000	0.005853
1.422000	0.005828
1.423000	0.005804
1.424000	0.005779
1.425000	0.005755
1.426000	0.005730
1.427000	0.005706
1.428000	0.005682
1.429000	0.005657
1.430000	0.005633
1.431000	0.005609
1.432000	0.005584
1.433000	0.005560
1.434000	0.005536
1.435000	0.005512
1.436000	0.005488
1.437000	0.005464
1.438000	0.005440
1.439000	0.005416
1.440000	0.005393
1.441000	0.005369
1.442000	0.005345
1.443000	0.005322
1.444000	0.005298
1.445000	0.005275
1.446000	0.005252
1.447000	0.005229
1.448000	0.005206
1.449000	0.005183
1.450000	0.005160
1.451000	0.005137
1.452000	0.005114
1.453000	0.005092
1.454000	0.005069
1.455000	0.005047
1.456000	0.005024
1.457000	0.005002
1.458000	0.004980
1.459000	0.004958
1.460000	0.004936
1.461000	0.004915
1.462000	0.004893
1.463000	0.004872
1.464000	0.004850
1.465000	0.004829
1.466000	0.004808
1.467000	0.004786
1.468000	0.004766
1.469000	0.004745
1.470000	0.004724
1.471000	0.004703
1.472000	0.004683
1.473000	0.004662
1.474000	0.004642
1.475000	0.004622
1.476000	0.004601
1.477000	0.004581
1.478000	0.004562
1.479000	0.004542
1.480000	0.004522
1.481000	0.004503
1.482000	0.004483
1.483000	0.004464
1.484000	0.004445
1.485000	0.004425
1.486000	0.004407
1.487000	0.004387
1.488000	0.004369
1.489000	0.004350
1.490000	0.004332
1.491000	0.004313
1.492000	0.004295
1.493000	0.004276
1.494000	0.004258
1.495000	0.004240
1.496000	0.004222
1.497000	0.004204
1.498000	0.004187
1.499000	0.004169
1.500000	0.004152
1.501000	0.004134
1.502000	0.004117
1.503000	0.004099
1.504000	0.004082
1.505000	0.004065
1.506000	0.004048
1.507000	0.004032
1.508000	0.004015
1.509000	0.003998
1.510000	0.003982
1.511000	0.003965
1.512000	0.003949
1.513000	0.003933
1.514000	0.003916
1.515000	0.003900
1.516000	0.003884
1.517000	0.003869
1.518000	0.003853
1.519000	0.003837
1.520000	0.003822
1.521000	0.003806
1.522000	0.003791
1.523000	0.003775
1.524000	0.003760
1.525000	0.003745
1.526000	0.003730
1.527000	0.003715
1.528000	0.003700
1.529000	0.003685
1.530000	0.003671
1.531000	0.003656
1.532000	0.003641
1.533000	0.003627
1.534000	0.003612
1.535000	0.003598
1.536000	0.003584
1.537000	0.003570
1.538000	0.003556
1.539000	0.003542
1.540000	0.003528
1.541000	0.003514
1.542000	0.003500
1.543000	0.003487
1.544000	0.003473
1.545000	0.003460
1.546000	0.003446
1.547000	0.003433
1.548000	0.003420
1.549000	0.003407
1.550000	0.003394
1.551000	0.003380
1.552000	0.003367
1.553000	0.003355
1.554000	0.003342
1.555000	0.003329
1.556000	0.003316
1.557000	0.003304
1.558000	0.003291
1.559000	0.003279
1.560000	0.003266
1.561000	0.003254
1.562000	0.003242
1.563000	0.003230
1.564000	0.003217
1.565000	0.003205
1.566000	0.003193
1.567000	0.003181
1.568000	0.003170
1.569000	0.003158
1.570000	0.003146
1.571000	0.003134
1.572000	0.003123
1.573000	0.003111
1.574000	0.003100
1.575000	0.003088
1.576000	0.003077
1.577000	0.003066
1.578000	0.003055
1.579000	0.003043
1.580000	0.003032
1.581000	0.003021
1.582000	0.003010
1.583000	0.002999
1.584000	0.002988
1.585000	0.002978
1.586000	0.002967
1.587000	0.002956
1.588000	0.002946
1.589000	0.002935
1.590000	0.002924
1.591000	0.002914
1.592000	0.002903
1.593000	0.002893
1.594000	0.002883
1.595000	0.002872
1.596000	0.002862
1.597000	0.002852
1.598000	0.002842
1.599000	0.002832
1.600000	0.002822
1.601000	0.002812
1.602000	0.002802
1.603000	0.002792
1.604000	0.002783
1.605000	0.002773
1.606000	0.002763
1.607000	0.002753
1.608000	0.002744
1.609000	0.002734
1.610000	0.002725
1.611000	0.002715
1.612000	0.002706
1.613000	0.002697
1.614000	0.002687
1.615000	0.002678
1.616000	0.002669
1.617000	0.002660
1.618000	0.002651
1.619000	0.002641
1.620000	0.002632
1.621000	0.002623
1.622000	0.002614
1.623000	0.002606
1.624000	0.002597
1.625000	0.002588
1.626000	0.002579
1.627000	0.002570
1.628000	0.002562
1.629000	0.002553
1.630000	0.002545
1.631000	0.002536
1.632000	0.002527
1.633000	0.002519
1.634000	0.002511
1.635000	0.002502
1.636000	0.002494
1.637000	0.002486
1.638000	0.002477
1.639000	0.002469
1.640000	0.002461
1.641000	0.002453
1.642000	0.002445
1.643000	0.002436
1.644000	0.002428
1.645000	0.002420
1.646000	0.002412
1.647000	0.002405
1.648000	0.002397
1.649000	0.002389
1.650000	0.002381
1.651000	0.002373
1.652000	0.002365
1.653000	0.002358
1.654000	0.002350
1.655000	0.002342
1.656000	0.002335
1.657000	0.002327
1.658000	0.002320
1.659000	0.002312
1.660000	0.002305
1.661000	0.002297
1.662000	0.002290
1.663000	0.002283
1.664000	0.002275
1.665000	0.002268
1.666000	0.002261
1.667000	0.002254
1.668000	0.002246
1.669000	0.002239
1.670000	0.002232
1.671000	0.002225
1.672000	0.002218
1.673000	0.002211
1.674000	0.002204
1.675000	0.002197
1.676000	0.002190
1.677000	0.002183
1.678000	0.002176
1.679000	0.002169
1.680000	0.002162
1.681000	0.002156
1.682000	0.002149
1.683000	0.002142
1.684000	0.002135
1.685000	0.002129
1.686000	0.002122
1.687000	0.002116
1.688000	0.002109
1.689000	0.002102
1.690000	0.002096
1.691000	0.002089
1.692000	0.002083
1.693000	0.002076
1.694000	0.002070
1.695000	0.002064
1.696000	0.002057
1.697000	0.002051
1.698000	0.002045
1.699000	0.002038
1.700000	0.002032
1.701000	0.002026
1.702000	0.002020
1.703000	0.002014
1.704000	0.002007
1.705000	0.002001
1.706000	0.001995
1.707000	0.001989
1.708000	0.001983
1.709000	0.001977
1.710000	0.001971
1.711000	0.001965
1.712000	0.001959
1.713000	0.001953
1.714000	0.001947
1.715000	0.001941
1.716000	0.001936
1.717000	0.001930
1.718000	0.001924
1.719000	0.001918
1.720000	0.001912
1.721000	0.001907
1.722000	0.001901
1.723000	0.001895
1.724000	0.001890
1.725000	0.001884
1.726000	0.001878
1.727000	0.001873
1.728000	0.001867
1.729000	0.001862
1.730000	0.001856
1.731000	0.001851
1.732000	0.001845
1.733000	0.001840
1.734000	0.001834
1.735000	0.001829
1.736000	0.001824
1.737000	0.001818
1.738000	0.001813
1.739000	0.001808
1.740000	0.001802
1.741000	0.001797
1.742000	0.001792
1.743000	0.001786
1.744000	0.001781
1.745000	0.001776
1.746000	0.001771
1.747000	0.001766
1.748000	0.001761
1.749000	0.001755
1.750000	0.001750
1.751000	0.001745
1.752000	0.001742
1.753000	0.001744
1.754000	0.001747
1.755000	0.001748
1.756000	0.001751
1.757000	0.001752
1.758000	0.001755
1.759000	0.001756
1.760000	0.001758
1.761000	0.001759
1.762000	0.001761
1.763000	0.001762
1.764000	0.001764
1.765000	0.001765
1.766000	0.001766
1.767000	0.001767
1.768000	0.001768
1.769000	0.001769
1.770000	0.001770
1.771000	0.001771
1.772000	0.001772
1.773000	0.001772
1.774000	0.001773
1.775000	0.001773
1.776000	0.001774
1.777000	0.001774
1.778000	0.001775
1.779000	0.001775
1.780000	0.001775
1.781000	0.001775
1.782000	0.001776
1.783000	0.001775
1.784000	0.001776
1.785000	0.001775
1.786000	0.001775
1.787000	0.001775
1.788000	0.001775
1.789000	0.001775
1.790000	0.001774
1.791000	0.001774
1.792000	0.001773
1.793000	0.001773
1.794000	0.001772
1.795000	0.001771
1.796000	0.001771
1.797000	0.001770
1.798000	0.001769
1.799000	0.001768
1.800000	0.001767
1.801000	0.001766
1.802000	0.001765
1.803000	0.001764
1.804000	0.001763
1.805000	0.001762
1.806000	0.001761
1.807000	0.001760
1.808000	0.001759
1.809000	0.001757
1.810000	0.001756
1.811000	0.001754
1.812000	0.001753
1.813000	0.001752
1.814000	0.001750
1.815000	0.001749
1.816000	0.001747
1.817000	0.001745
1.818000	0.001744
1.819000	0.001742
1.820000	0.001740
1.821000	0.001739
1.822000	0.001737
1.823000	0.001735
1.824000	0.001733
1.825000	0.001731
1.826000	0.001729
1.827000	0.001727
1.828000	0.001726
1.829000	0.001723
1.830000	0.001721
1.831000	0.001719
1.832000	0.001717
1.833000	0.001715
1.834000	0.001713
1.835000	0.001711
1.836000	0.001709
1.837000	0.001706
1.838000	0.001704
1.839000	0.001702
1.840000	0.001700
1.841000	0.001697
1.842000	0.001695
1.843000	0.001693
1.844000	0.001690
1.845000	0.001688
1.846000	0.001685
1.847000	0.001683
1.848000	0.001680
1.849000	0.001678
1.850000	0.001675
1.851000	0.001673
1.852000	0.001670
1.853000	0.001668
1.854000	0.001665
1.855000	0.001662
1.856000	0.001660
1.857000	0.001657
1.858000	0.001655
1.859000	0.001652
1.860000	0.001649
1.861000	0.001647
1.862000	0.001644
1.863000	0.001641
1.864000	0.001638
1.865000	0.001636
1.866000	0.001633
1.867000	0.001630
1.868000	0.001627
1.869000	0.001624
1.870000	0.001621
1.871000	0.001619
1.872000	0.001616
1.873000	0.001613
1.874000	0.001610
1.875000	0.001607
1.876000	0.001604
1.877000	0.001601
1.878000	0.001598
1.879000	0.001595
1.880000	0.001592
1.881000	0.001589
1.882000	0.001587
1.883000	0.001583
1.884000	0.001581
1.885000	0.001578
1.886000	0.001575
1.887000	0.001571
1.888000	0.001568
1.889000	0.001565
1.890000	0.001562
1.891000	0.001559
1.892000	0.001556
1.893000	0.001553
1.894000	0.001550
1.895000	0.001547
1.896000	0.001544
1.897000	0.001541
1.898000	0.001538
1.899000	0.001535
1.900000	0.001532
1.901000	0.001529
1.902000	0.001525
1.903000	0.001522
1.904000	0.001519
1.905000	0.001516
1.906000	0.001513
1.907000	0.001510
1.908000	0.001507
1.909000	0.001504
1.910000	0.001500
1.911000	0.001497
1.912000	0.001494
1.913000	0.001491
1.914000	0.001488
1.915000	0.001485
1.916000	0.001482
1.917000	0.001478
1.918000	0.001475
1.919000	0.001472
1.920000	0.001469
1.921000	0.001466
1.922000	0.001463
1.923000	0.001459
1.924000	0.001456
1.925000	0.001453
1.926000	0.001450
1.927000	0.001447
1.928000	0.001443
1.929000	0.001440
1.930000	0.001437
1.931000	0.001434
1.932000	0.001431
1.933000	0.001428
1.934000	0.001424
1.935000	0.001421
1.936000	0.001418
1.937000	0.001415
1.938000	0.001412
1.939000	0.001409
1.940000	0.001405
1.941000	0.001402
1.942000	0.001399
1.943000	0.001396
1.944000	0.001393
1.945000	0.001389
1.946000	0.001386
1.947000	0.001383
1.948000	0.001380
1.949000	0.001377
1.950000	0.001374
1.951000	0.001370
1.952000	0.001367
1.953000	0.001364
1.954000	0.001361
1.955000	0.001358
1.956000	0.001355
1.957000	0.001352
1.958000	0.001348
1.959000	0.001345
1.960000	0.001342
1.961000	0.001339
1.962000	0.001336
1.963000	0.001333
1.964000	0.001330
1.965000	0.001326
1.966000	0.001323
1.967000	0.001320
1.968000	0.001317
1.969000	0.001314
1.970000	0.001311
1.971000	0.001308
1.972000	0.001305
1.973000	0.001302
1.974000	0.001298
1.975000	0.001295
1.976000	0.001292
1.977000	0.001289
1.978000	0.001286
1.979000	0.001283
1.980000	0.001280
1.981000	0.001277
1.982000	0.001274
1.983000	0.001271
1.984000	0.001268
1.985000	0.001265
1.986000	0.001261
1.987000	0.001258
1.988000	0.001255
1.989000	0.001252
1.990000	0.001249
1.991000	0.001246
1.992000	0.001243
1.993000	0.001240
1.994000	0.001237
1.995000	0.001234
1.996000	0.001231
1.997000	0.001228
1.998000	0.001225
1.999000	0.001222
2.000000	0.001219
2.001000	0.001216
2.002000	0.001213
2.003000	0.001210
2.004000	0.001207
2.005000	0.001204
2.006000	0.001201
2.007000	0.001198
2.008000	0.001195
2.009000	0.001192
2.010000	0.001189
2.011000	0.001186
2.012000	0.001184
2.013000	0.001181
2.014000	0.001178
2.015000	0.001175
2.016000	0.001172
2.017000	0.001169
2.018000	0.001166
2.019000	0.001163
2.020000	0.001160
2.021000	0.001157
2.022000	0.001154
2.023000	0.001152
2.024000	0.001149
2.025000	0.001146
2.026000	0.001143
2.027000	0.001140
2.028000	0.001137
2.029000	0.001134
2.030000	0.001132
2.031000	0.001129
2.032000	0.001126
2.033000	0.001123
2.034000	0.001120
2.035000	0.001117
2.036000	0.001115
2.037000	0.001112
2.038000	0.001109
2.039000	0.001106
2.040000	0.001103
2.041000	0.001101
2.042000	0.001098
2.043000	0.001095
2.044000	0.001092
2.045000	0.001089
2.046000	0.001087
2.047000	0.001084
2.048000	0.001081
2.049000	0.001078
2.050000	0.001076
2.051000	0.001073
2.052000	0.001070
2.053000	0.001067
2.054000	0.001065
2.055000	0.001062
2.056000	0.001060
2.057000	0.001057
2.058000	0.001054
2.059000	0.001051
2.060000	0.001049
2.061000	0.001046
2.062000	0.001043
2.063000	0.001041
2.064000	0.001038
2.065000	0.001035
2.066000	0.001033
2.067000	0.001030
2.068000	0.001028
2.069000	0.001025
2.070000	0.001022
2.071000	0.001019
2.072000	0.001017
2.073000	0.001014
2.074000	0.001012
2.075000	0.001009
2.076000	0.001007
2.077000	0.001004
2.078000	0.001002
2.079000	0.000999
2.080000	0.000996
2.081000	0.000994
2.082000	0.000991
2.083000	0.000989
2.084000	0.000986
2.085000	0.000984
2.086000	0.000981
2.087000	0.000979
2.088000	0.000976
2.089000	0.000973
2.090000	0.000971
2.091000	0.000969
2.092000	0.000966
2.093000	0.000963
2.094000	0.000961
2.095000	0.000958
2.096000	0.000956
2.097000	0.000954
2.098000	0.000951
2.099000	0.000949
2.100000	0.000946
2.101000	0.000944
2.102000	0.000941
2.103000	0.000939
2.104000	0.000936
2.105000	0.000934
2.106000	0.000932
2.107000	0.000929
2.108000	0.000927
2.109000	0.000924
2.110000	0.000922
2.111000	0.000920
2.112000	0.000917
2.113000	0.000915
2.114000	0.000912
2.115000	0.000910
2.116000	0.000908
2.117000	0.000905
2.118000	0.000903
2.119000	0.000901
2.120000	0.000898
2.121000	0.000896
2.122000	0.000894
2.123000	0.000891
2.124000	0.000889
2.125000	0.000887
2.126000	0.000884
2.127000	0.000882
2.128000	0.000880
2.129000	0.000878
2.130000	0.000875
2.131000	0.000873
2.132000	0.000871
2.133000	0.000869
2.134000	0.000866
2.135000	0.000864
2.136000	0.000862
2.137000	0.000859
2.138000	0.000857
2.139000	0.000855
2.140000	0.000853
2.141000	0.000850
2.142000	0.000848
2.143000	0.000846
2.144000	0.000844
2.145000	0.000842
2.146000	0.000840
2.147000	0.000837
2.148000	0.000835
2.149000	0.000833
2.150000	0.000831
2.151000	0.000829
2.152000	0.000826
2.153000	0.000824
2.154000	0.000822
2.155000	0.000820
2.156000	0.000818
2.157000	0.000816
2.158000	0.000814
2.159000	0.000811
2.160000	0.000809
2.161000	0.000807
2.162000	0.000805
2.163000	0.000803
2.164000	0.000801
2.165000	0.000799
2.166000	0.000797
2.167000	0.000795
2.168000	0.000793
2.169000	0.000790
2.170000	0.000788
2.171000	0.000786
2.172000	0.000784
2.173000	0.000782
2.174000	0.000780
2.175000	0.000778
2.176000	0.000776
2.177000	0.000774
2.178000	0.000772
2.179000	0.000770
2.180000	0.000768
2.181000	0.000766
2.182000	0.000764
2.183000	0.000762
2.184000	0.000760
2.185000	0.000758
2.186000	0.000756
2.187000	0.000754
2.188000	0.000752
2.189000	0.000750
2.190000	0.000748
2.191000	0.000746
2.192000	0.000744
2.193000	0.000742
2.194000	0.000740
2.195000	0.000738
2.196000	0.000736
2.197000	0.000734
2.198000	0.000732
2.199000	0.000731
2.200000	0.000729
2.201000	0.000727
2.202000	0.000725
2.203000	0.000723
2.204000	0.000721
2.205000	0.000719
2.206000	0.000717
2.207000	0.000715
2.208000	0.000713
2.209000	0.000712
2.210000	0.000710
2.211000	0.000708
2.212000	0.000706
2.213000	0.000704
2.214000	0.000702
2.215000	0.000700
2.216000	0.000699
2.217000	0.000697
2.218000	0.000695
2.219000	0.000693
2.220000	0.000691
2.221000	0.000689
2.222000	0.000688
2.223000	0.000686
2.224000	0.000684
2.225000	0.000682
2.226000	0.000680
2.227000	0.000679
2.228000	0.000677
2.229000	0.000675
2.230000	0.000673
2.231000	0.000671
2.232000	0.000670
2.233000	0.000668
2.234000	0.000666
2.235000	0.000664
2.236000	0.000663
2.237000	0.000661
2.238000	0.000659
2.239000	0.000657
2.240000	0.000656
2.241000	0.000654
2.242000	0.000652
2.243000	0.000650
2.244000	0.000649
2.245000	0.000647
2.246000	0.000645
2.247000	0.000644
2.248000	0.000642
2.249000	0.000640
2.250000	0.000639
2.251000	0.000637
2.252000	0.000635
2.253000	0.000634
2.254000	0.000632
2.255000	0.000630
2.256000	0.000629
2.257000	0.000627
2.258000	0.000625
2.259000	0.000624
2.260000	0.000622
2.261000	0.000620
2.262000	0.000619
2.263000	0.000617
2.264000	0.000615
2.265000	0.000614
2.266000	0.000612
2.267000	0.000611
2.268000	0.000609
2.269000	0.000607
2.270000	0.000606
2.271000	0.000604
2.272000	0.000602
2.273000	0.000601
2.274000	0.000599
2.275000	0.000598
2.276000	0.000596
2.277000	0.000594
2.278000	0.000593
2.279000	0.000591
2.280000	0.000590
2.281000	0.000588
2.282000	0.000587
2.283000	0.000585
2.284000	0.000584
2.285000	0.000582
2.286000	0.000580
2.287000	0.000579
2.288000	0.000577
2.289000	0.000576
2.290000	0.000574
2.291000	0.000573
2.292000	0.000571
2.293000	0.000570
2.294000	0.000568
2.295000	0.000567
2.296000	0.000565
2.297000	0.000564
2.298000	0.000562
2.299000	0.000561
2.300000	0.000559
2.301000	0.000558
2.302000	0.000556
2.303000	0.000555
2.304000	0.000553
2.305000	0.000552
2.306000	0.000551
2.307000	0.000549
2.308000	0.000548
2.309000	0.000546
2.310000	0.000545
2.311000	0.000543
2.312000	0.000542
2.313000	0.000540
2.314000	0.000539
2.315000	0.000538
2.316000	0.000536
2.317000	0.000535
2.318000	0.000533
2.319000	0.000532
2.320000	0.000530
2.321000	0.000529
2.322000	0.000528
2.323000	0.000526
2.324000	0.000525
2.325000	0.000523
2.326000	0.000522
2.327000	0.000521
2.328000	0.000519
2.329000	0.000518
2.330000	0.000516
2.331000	0.000515
2.332000	0.000514
2.333000	0.000512
2.334000	0.000511
2.335000	0.000510
2.336000	0.000508
2.337000	0.000507
2.338000	0.000506
2.339000	0.000504
2.340000	0.000503
2.341000	0.000502
2.342000	0.000500
2.343000	0.000499
2.344000	0.000498
2.345000	0.000496
2.346000	0.000495
2.347000	0.000494
2.348000	0.000492
2.349000	0.000491
2.350000	0.000490
2.351000	0.000488
2.352000	0.000487
2.353000	0.000486
2.354000	0.000485
2.355000	0.000483
2.356000	0.000482
2.357000	0.000481
2.358000	0.000479
2.359000	0.000478
2.360000	0.000477
2.361000	0.000476
2.362000	0.000474
2.363000	0.000473
2.364000	0.000472
2.365000	0.000471
2.366000	0.000469
2.367000	0.000468
2.368000	0.000467
2.369000	0.000466
2.370000	0.000464
2.371000	0.000463
2.372000	0.000462
2.373000	0.000461
2.374000	0.000459
2.375000	0.000458
2.376000	0.000457
2.377000	0.000456
2.378000	0.000454
2.379000	0.000453
2.380000	0.000452
2.381000	0.000451
2.382000	0.000450
2.383000	0.000448
2.384000	0.000447
2.385000	0.000446
2.386000	0.000445
2.387000	0.000444
2.388000	0.000442
2.389000	0.000441
2.390000	0.000440
2.391000	0.000439
2.392000	0.000438
2.393000	0.000437
2.394000	0.000435
2.395000	0.000434
2.396000	0.000433
2.397000	0.000432
2.398000	0.000431
2.399000	0.000430
2.400000	0.000429
2.401000	0.000427
2.402000	0.000426
2.403000	0.000425
2.404000	0.000424
2.405000	0.000423
2.406000	0.000422
2.407000	0.000420
2.408000	0.000420
2.409000	0.000418
2.410000	0.000417
2.411000	0.000416
2.412000	0.000415
2.413000	0.000414
2.414000	0.000413
2.415000	0.000412
2.416000	0.000411
2.417000	0.000409
2.418000	0.000408
2.419000	0.000407
2.420000	0.000406
2.421000	0.000405
2.422000	0.000404
2.423000	0.000403
2.424000	0.000402
2.425000	0.000401
2.426000	0.000400
2.427000	0.000399
2.428000	0.000398
2.429000	0.000396
2.430000	0.000396
2.431000	0.000394
2.432000	0.000393
2.433000	0.000392
2.434000	0.000391
2.435000	0.000390
2.436000	0.000389
2.437000	0.000388
2.438000	0.000387
2.439000	0.000386
2.440000	0.000385
2.441000	0.000384
2.442000	0.000383
2.443000	0.000382
2.444000	0.000381
2.445000	0.000380
2.446000	0.000379
2.447000	0.000378
2.448000	0.000377
2.449000	0.000376
2.450000	0.000375
2.451000	0.000374
2.452000	0.000373
2.453000	0.000372
2.454000	0.000371
2.455000	0.000370
2.456000	0.000369
2.457000	0.000368
2.458000	0.000367
2.459000	0.000366
2.460000	0.000365
2.461000	0.000364
2.462000	0.000363
2.463000	0.000362
2.464000	0.000361
2.465000	0.000360
2.466000	0.000359
2.467000	0.000358
2.468000	0.000357
2.469000	0.000356
2.470000	0.000355
2.471000	0.000354
2.472000	0.000353
2.473000	0.000352
2.474000	0.000351
2.475000	0.000350
2.476000	0.000349
2.477000	0.000349
2.478000	0.000348
2.479000	0.000347
2.480000	0.000346
2.481000	0.000345
2.482000	0.000344
2.483000	0.000343
2.484000	0.000342
2.485000	0.000341
2.486000	0.000340
2.487000	0.000339
2.488000	0.000338
2.489000	0.000337
2.490000	0.000337
2.491000	0.000336
2.492000	0.000335
2.493000	0.000334
2.494000	0.000333
2.495000	0.000332
2.496000	0.000331
2.497000	0.000330
2.498000	0.000329
2.499000	0.000328
2.500000	0.000328
2.501000	0.000327
2.502000	0.000326
2.503000	0.000325
2.504000	0.000324
2.505000	0.000323
2.506000	0.000322
2.507000	0.000321
2.508000	0.000321
2.509000	0.000320
2.510000	0.000319
2.511000	0.000318
2.512000	0.000317
2.513000	0.000316
2.514000	0.000315
2.515000	0.000315
2.516000	0.000314
2.517000	0.000313
2.518000	0.000312
2.519000	0.000311
2.520000	0.000310
2.521000	0.000310
2.522000	0.000309
2.523000	0.000308
2.524000	0.000307
2.525000	0.000306
2.526000	0.000305
2.527000	0.000305
2.528000	0.000304
2.529000	0.000303
2.530000	0.000302
2.531000	0.000301
2.532000	0.000300
2.533000	0.000300
2.534000	0.000299
2.535000	0.000298
2.536000	0.000297
2.537000	0.000296
2.538000	0.000296
2.539000	0.000295
2.540000	0.000294
2.541000	0.000293
2.542000	0.000292
2.543000	0.000292
2.544000	0.000291
2.545000	0.000290
2.546000	0.000289
2.547000	0.000288
2.548000	0.000288
2.549000	0.000287
2.550000	0.000286
2.551000	0.000285
2.552000	0.000285
2.553000	0.000284
2.554000	0.000283
2.555000	0.000282
2.556000	0.000282
2.557000	0.000281
2.558000	0.000280
2.559000	0.000279
2.560000	0.000279
2.561000	0.000278
2.562000	0.000277
2.563000	0.000276
2.564000	0.000275
2.565000	0.000275
2.566000	0.000274
2.567000	0.000273
2.568000	0.000273
2.569000	0.000272
2.570000	0.000271
2.571000	0.000270
2.572000	0.000270
2.573000	0.000269
2.574000	0.000268
2.575000	0.000267
2.576000	0.000267
2.577000	0.000266
2.578000	0.000265
2.579000	0.000264
2.580000	0.000264
2.581000	0.000263
2.582000	0.000262
2.583000	0.000262
2.584000	0.000261
2.585000	0.000260
2.586000	0.000259
2.587000	0.000259
2.588000	0.000258
2.589000	0.000257
2.590000	0.000257
2.591000	0.000256
2.592000	0.000255
2.593000	0.000255
2.594000	0.000254
2.595000	0.000253
2.596000	0.000253
2.597000	0.000252
2.598000	0.000251
2.599000	0.000250
2.600000	0.000250
2.601000	0.000249
2.602000	0.000248
2.603000	0.000248
2.604000	0.000247
2.605000	0.000246
2.606000	0.000246
2.607000	0.000245
2.608000	0.000244
2.609000	0.000244
2.610000	0.000243
2.611000	0.000242
2.612000	0.000242
2.613000	0.000241
2.614000	0.000240
2.615000	0.000240
2.616000	0.000239
2.617000	0.000238
2.618000	0.000238
2.619000	0.000237
2.620000	0.000236
2.621000	0.000236
2.622000	0.000235
2.623000	0.000235
2.624000	0.000234
2.625000	0.000234
2.626000	0.000235
2.627000	0.000236
2.628000	0.000237
2.629000	0.000237
2.630000	0.000236
2.631000	0.000236
2.632000	0.000234
2.633000	0.000233
2.634000	0.000232
2.635000	0.000231
2.636000	0.000231
2.637000	0.000229
2.638000	0.000229
2.639000	0.000228
2.640000	0.000228
2.641000	0.000229
2.642000	0.000229
2.643000	0.000229
2.644000	0.000229
2.645000	0.000230
2.646000	0.000230
2.647000	0.000229
2.648000	0.000228
2.649000	0.000228
2.650000	0.000228
2.651000	0.000227
2.652000	0.000226
2.653000	0.000224
2.654000	0.000223
2.655000	0.000222
2.656000	0.000221
2.657000	0.000222
2.658000	0.000222
2.659000	0.000223
2.660000	0.000223
2.661000	0.000223
2.662000	0.000224
2.663000	0.000224
2.664000	0.000225
2.665000	0.000225
2.666000	0.000224
2.667000	0.000223
2.668000	0.000223
2.669000	0.000221
2.670000	0.000220
2.671000	0.000220
2.672000	0.000219
2.673000	0.000219
2.674000	0.000219
2.675000	0.000219
2.676000	0.000219
2.677000	0.000220
2.678000	0.000218
2.679000	0.000219
2.680000	0.000219
2.681000	0.000217
2.682000	0.000217
2.683000	0.000218
2.684000	0.000217
2.685000	0.000216
2.686000	0.000215
2.687000	0.000215
2.688000	0.000215
2.689000	0.000215
2.690000	0.000214
2.691000	0.000215
2.692000	0.000214
2.693000	0.000213
2.694000	0.000213
2.695000	0.000213
2.696000	0.000214
2.697000	0.000214
2.698000	0.000214
2.699000	0.000213
2.700000	0.000212
2.701000	0.000212
2.702000	0.000212
2.703000	0.000211
2.704000	0.000211
2.705000	0.000210
2.706000	0.000210
2.707000	0.000209
2.708000	0.000208
2.709000	0.000208
2.710000	0.000208
2.711000	0.000209
2.712000	0.000209
2.713000	0.000210
2.714000	0.000209
2.715000	0.000209
2.716000	0.000207
2.717000	0.000206
2.718000	0.000206
2.719000	0.000206
2.720000	0.000206
2.721000	0.000207
2.722000	0.000207
2.723000	0.000206
2.724000	0.000206
2.725000	0.000206
2.726000	0.000207
2.727000	0.000206
2.728000	0.000206
2.729000	0.000206
2.730000	0.000206
2.731000	0.000206
2.732000	0.000205
2.733000	0.000205
2.734000	0.000204
2.735000	0.000202
2.736000	0.000200
2.737000	0.000200
2.738000	0.000199
2.739000	0.000199
2.740000	0.000199
2.741000	0.000201
2.742000	0.000202
2.743000	0.000202
2.744000	0.000202
2.745000	0.000201
2.746000	0.000201
2.747000	0.000201
2.748000	0.000200
2.749000	0.000199
2.750000	0.000199
2.751000	0.000198
2.752000	0.000198
2.753000	0.000198
2.754000	0.000197
2.755000	0.000197
2.756000	0.000196
2.757000	0.000196
2.758000	0.000196
2.759000	0.000197
2.760000	0.000198
2.761000	0.000197
2.762000	0.000196
2.763000	0.000194
2.764000	0.000193
2.765000	0.000192
2.766000	0.000192
2.767000	0.000192
2.768000	0.000193
2.769000	0.000193
2.770000	0.000193
2.771000	0.000193
2.772000	0.000194
2.773000	0.000194
2.774000	0.000195
2.775000	0.000195
2.776000	0.000196
2.777000	0.000196
2.778000	0.000195
2.779000	0.000193
2.780000	0.000192
2.781000	0.000191
2.782000	0.000190
2.783000	0.000190
2.784000	0.000190
2.785000	0.000190
2.786000	0.000190
2.787000	0.000190
2.788000	0.000189
2.789000	0.000186
2.790000	0.000186
2.791000	0.000186
2.792000	0.000189
2.793000	0.000194
2.794000	0.000196
2.795000	0.000198
2.796000	0.000196
2.797000	0.000187
2.798000	0.000179
2.799000	0.000176
2.800000	0.000179
2.801000	0.000182
2.802000	0.000187
2.803000	0.000189
2.804000	0.000191
2.805000	0.000190
2.806000	0.000188
2.807000	0.000185
2.808000	0.000184
2.809000	0.000183
2.810000	0.000183
2.811000	0.000183
2.812000	0.000183
2.813000	0.000182
2.814000	0.000183
2.815000	0.000183
2.816000	0.000184
2.817000	0.000184
2.818000	0.000184
2.819000	0.000183
2.820000	0.000182
2.821000	0.000182
2.822000	0.000182
2.823000	0.000181
2.824000	0.000181
2.825000	0.000180
2.826000	0.000179
2.827000	0.000178
2.828000	0.000178
2.829000	0.000178
2.830000	0.000179
2.831000	0.000180
2.832000	0.000181
2.833000	0.000181
2.834000	0.000182
2.835000	0.000181
2.836000	0.000180
2.837000	0.000179
2.838000	0.000180
2.839000	0.000179
2.840000	0.000179
2.841000	0.000178
2.842000	0.000177
2.843000	0.000174
2.844000	0.000175
2.845000	0.000174
2.846000	0.000174
2.847000	0.000176
2.848000	0.000176
2.849000	0.000176
2.850000	0.000180
2.851000	0.000181
2.852000	0.000181
2.853000	0.000178
2.854000	0.000173
2.855000	0.000171
2.856000	0.000169
2.857000	0.000167
2.858000	0.000173
2.859000	0.000177
2.860000	0.000177
2.861000	0.000177
2.862000	0.000177
2.863000	0.000175
2.864000	0.000171
2.865000	0.000172
2.866000	0.000174
2.867000	0.000174
2.868000	0.000173
2.869000	0.000173
2.870000	0.000173
2.871000	0.000175
2.872000	0.000174
2.873000	0.000172
2.874000	0.000169
2.875000	0.000167
2.876000	0.000167
2.877000	0.000167
2.878000	0.000168
2.879000	0.000172
2.880000	0.000172
2.881000	0.000169
2.882000	0.000168
2.883000	0.000166
2.884000	0.000165
2.885000	0.000163
2.886000	0.000163
2.887000	0.000168
2.888000	0.000174
2.889000	0.000175
2.890000	0.000172
2.891000	0.000170
2.892000	0.000170
2.893000	0.000172
2.894000	0.000173
2.895000	0.000171
2.896000	0.000165
2.897000	0.000161
2.898000	0.000158
2.899000	0.000160
2.900000	0.000162
2.901000	0.000165
2.902000	0.000166
2.903000	0.000165
2.904000	0.000164
2.905000	0.000164
2.906000	0.000163
2.907000	0.000164
2.908000	0.000165
2.909000	0.000167
2.910000	0.000167
2.911000	0.000167
2.912000	0.000168
2.913000	0.000166
2.914000	0.000165
2.915000	0.000163
2.916000	0.000162
2.917000	0.000162
2.918000	0.000161
2.919000	0.000161
2.920000	0.000161
2.921000	0.000161
2.922000	0.000161
2.923000	0.000161
2.924000	0.000161
2.925000	0.000161
2.926000	0.000161
2.927000	0.000161
2.928000	0.000162
2.929000	0.000163
2.930000	0.000163
2.931000	0.000164
2.932000	0.000163
2.933000	0.000162
2.934000	0.000161
2.935000	0.000159
2.936000	0.000157
2.937000	0.000156
2.938000	0.000155
2.939000	0.000154
2.940000	0.000154
2.941000	0.000155
2.942000	0.000155
2.943000	0.000155
2.944000	0.000156
2.945000	0.000157
2.946000	0.000158
2.947000	0.000159
2.948000	0.000160
2.949000	0.000160
2.950000	0.000161
2.951000	0.000161
2.952000	0.000160
2.953000	0.000159
2.954000	0.000158
2.955000	0.000157
2.956000	0.000156
2.957000	0.000155
2.958000	0.000154
2.959000	0.000154
2.960000	0.000153
2.961000	0.000153
2.962000	0.000152
2.963000	0.000151
2.964000	0.000152
2.965000	0.000153
2.966000	0.000154
2.967000	0.000155
2.968000	0.000156
2.969000	0.000155
2.970000	0.000155
2.971000	0.000155
2.972000	0.000155
2.973000	0.000155
2.974000	0.000155
2.975000	0.000156
2.976000	0.000156
2.977000	0.000156
2.978000	0.000154
2.979000	0.000153
2.980000	0.000152
2.981000	0.000150
2.982000	0.000150
2.983000	0.000149
2.984000	0.000150
2.985000	0.000150
2.986000	0.000151
2.987000	0.000150
2.988000	0.000151
2.989000	0.000150
2.990000	0.000149
2.991000	0.000148
2.992000	0.000148
2.993000	0.000148
2.994000	0.000149
2.995000	0.000151
2.996000	0.000152
2.997000	0.000153
2.998000	0.000152
2.999000	0.000151
3.000000	0.000149
3.001000	0.000149
3.002000	0.000148
3.003000	0.000149
3.004000	0.000149
3.005000	0.000148
3.006000	0.000147
3.007000	0.000146
3.008000	0.000146
3.009000	0.000145
3.010000	0.000145
3.011000	0.000146
3.012000	0.000146
3.013000	0.000147
3.014000	0.000148
3.015000	0.000147
3.016000	0.000146
3.017000	0.000146
3.018000	0.000146
3.019000	0.000146
3.020000	0.000147
3.021000	0.000148
3.022000	0.000148
3.023000	0.000146
3.024000	0.000145
3.025000	0.000143
3.026000	0.000142
3.027000	0.000141
3.028000	0.000141
3.029000	0.000142
3.030000	0.000143
3.031000	0.000145
3.032000	0.000146
3.033000	0.000147
3.034000	0.000147
3.035000	0.000146
3.036000	0.000145
3.037000	0.000144
3.038000	0.000143
3.039000	0.000143
3.040000	0.000143
3.041000	0.000143
3.042000	0.000143
3.043000	0.000142
3.044000	0.000141
3.045000	0.000140
3.046000	0.000141
3.047000	0.000140
3.048000	0.000140
3.049000	0.000141
3.050000	0.000140
3.051000	0.000140
3.052000	0.000140
3.053000	0.000140
3.054000	0.000140
3.055000	0.000140
3.056000	0.000141
3.057000	0.000141
3.058000	0.000141
3.059000	0.000141
3.060000	0.000141
3.061000	0.000141
3.062000	0.000140
3.063000	0.000138
3.064000	0.000138
3.065000	0.000138
3.066000	0.000139
3.067000	0.000138
3.068000	0.000138
3.069000	0.000137
3.070000	0.000137
3.071000	0.000137
3.072000	0.000138
3.073000	0.000138
3.074000	0.000138
3.075000	0.000137
3.076000	0.000137
3.077000	0.000137
3.078000	0.000137
3.079000	0.000137
3.080000	0.000136
3.081000	0.000136
3.082000	0.000136
3.083000	0.000137
3.084000	0.000138
3.085000	0.000138
3.086000	0.000138
3.087000	0.000137
3.088000	0.000136
3.089000	0.000136
3.090000	0.000135
3.091000	0.000135
3.092000	0.000135
3.093000	0.000135
3.094000	0.000136
3.095000	0.000136
3.096000	0.000136
3.097000	0.000135
3.098000	0.000134
3.099000	0.000134
3.100000	0.000133
3.101000	0.000132
3.102000	0.000133
3.103000	0.000134
3.104000	0.000134
3.105000	0.000134
3.106000	0.000133
3.107000	0.000133
3.108000	0.000132
3.109000	0.000131
3.110000	0.000131
3.111000	0.000132
3.112000	0.000133
3.113000	0.000134
3.114000	0.000133
3.115000	0.000132
3.116000	0.000131
3.117000	0.000129
3.118000	0.000128
3.119000	0.000128
3.120000	0.000128
3.121000	0.000129
3.122000	0.000130
3.123000	0.000130
3.124000	0.000130
3.125000	0.000131
3.126000	0.000132
3.127000	0.000133
3.128000	0.000133
3.129000	0.000134
3.130000	0.000133
3.131000	0.000133
3.132000	0.000133
3.133000	0.000132
3.134000	0.000131
3.135000	0.000130
3.136000	0.000128
3.137000	0.000127
3.138000	0.000126
3.139000	0.000127
3.140000	0.000128
3.141000	0.000129
3.142000	0.000129
3.143000	0.000129
3.144000	0.000128
3.145000	0.000127
3.146000	0.000127
3.147000	0.000127
3.148000	0.000128
3.149000	0.000129
3.150000	0.000129
3.151000	0.000129
3.152000	0.000128
3.153000	0.000127
3.154000	0.000127
3.155000	0.000127
3.156000	0.000129
3.157000	0.000129
3.158000	0.000128
3.159000	0.000127
3.160000	0.000125
3.161000	0.000124
3.162000	0.000123
3.163000	0.000124
3.164000	0.000126
3.165000	0.000126
3.166000	0.000127
3.167000	0.000126
3.168000	0.000126
3.169000	0.000125
3.170000	0.000125
3.171000	0.000124
3.172000	0.000123
3.173000	0.000122
3.174000	0.000122
3.175000	0.000122
3.176000	0.000124
3.177000	0.000124
3.178000	0.000126
3.179000	0.000126
3.180000	0.000126
3.181000	0.000125
3.182000	0.000124
3.183000	0.000124
3.184000	0.000123
3.185000	0.000123
3.186000	0.000123
3.187000	0.000124
3.188000	0.000123
3.189000	0.000123
3.190000	0.000123
3.191000	0.000123
3.192000	0.000122
3.193000	0.000121
3.194000	0.000120
3.195000	0.000119
3.196000	0.000119
3.197000	0.000119
3.198000	0.000120
3.199000	0.000121
3.200000	0.000122
3.201000	0.000122
3.202000	0.000121
3.203000	0.000121
3.204000	0.000120
3.205000	0.000121
3.206000	0.000122
3.207000	0.000122
3.208000	0.000122
3.209000	0.000121
3.210000	0.000121
3.211000	0.000121
3.212000	0.000121
3.213000	0.000120
3.214000	0.000120
3.215000	0.000119
3.216000	0.000119
3.217000	0.000119
3.218000	0.000118
3.219000	0.000119
3.220000	0.000119
3.221000	0.000120
3.222000	0.000119
3.223000	0.000119
3.224000	0.000117
3.225000	0.000116
3.226000	0.000115
3.227000	0.000114
3.228000	0.000114
3.229000	0.000114
3.230000	0.000115
3.231000	0.000116
3.232000	0.000117
3.233000	0.000118
3.234000	0.000119
3.235000	0.000121
3.236000	0.000121
3.237000	0.000121
3.238000	0.000121
3.239000	0.000120
3.240000	0.000119
3.241000	0.000118
3.242000	0.000117
3.243000	0.000117
3.244000	0.000116
3.245000	0.000116
3.246000	0.000115
3.247000	0.000113
3.248000	0.000113
3.249000	0.000113
3.250000	0.000118
3.251000	0.000109
3.252000	0.000113
3.253000	0.000119
3.254000	0.000112
3.255000	0.000116
3.256000	0.000124
3.257000	0.000119
3.258000	0.000122
3.259000	0.000128
3.260000	0.000115
3.261000	0.000118
3.262000	0.000106
3.263000	0.000112
3.264000	0.000107
3.265000	0.000116
3.266000	0.000113
3.267000	0.000122
3.268000	0.000115
3.269000	0.000121
3.270000	0.000112
3.271000	0.000117
3.272000	0.000107
3.273000	0.000113
3.274000	0.000104
3.275000	0.000111
3.276000	0.000105
3.277000	0.000112
3.278000	0.000107
3.279000	0.000115
3.280000	0.000109
3.281000	0.000117
3.282000	0.000111
3.283000	0.000118
3.284000	0.000111
3.285000	0.000118
3.286000	0.000110
3.287000	0.000116
3.288000	0.000109
3.289000	0.000115
3.290000	0.000108
3.291000	0.000115
3.292000	0.000109
3.293000	0.000115
3.294000	0.000108
3.295000	0.000113
3.296000	0.000106
3.297000	0.000111
3.298000	0.000105
3.299000	0.000112
3.300000	0.000107
3.301000	0.000114
3.302000	0.000107
3.303000	0.000113
3.304000	0.000106
3.305000	0.000112
3.306000	0.000106
3.307000	0.000113
3.308000	0.000107
3.309000	0.000113
3.310000	0.000107
3.311000	0.000113
3.312000	0.000106
3.313000	0.000112
3.314000	0.000105
3.315000	0.000111
3.316000	0.000105
3.317000	0.000111
3.318000	0.000105
3.319000	0.000111
3.320000	0.000104
3.321000	0.000109
3.322000	0.000102
3.323000	0.000109
3.324000	0.000104
3.325000	0.000111
3.326000	0.000105
3.327000	0.000112
3.328000	0.000105
3.329000	0.000111
3.330000	0.000104
3.331000	0.000110
3.332000	0.000104
3.333000	0.000109
3.334000	0.000102
3.335000	0.000107
3.336000	0.000100
