time = 3.337	Re = 50	40	80
0
0.208544	0.024683	0.000517	1
0.228406	0.027034	0.004514	2
0.248267	0.029384	0.011615	3
0.268128	0.031735	0.021113	4
0.287990	0.034086	0.032726	5
0.307851	0.036437	0.046230	6
0.327713	0.038787	0.061279	7
0.347574	0.041138	0.077375	8
0.367435	0.043489	0.093866	9
0.387297	0.045840	0.109933	10
0.407158	0.048190	0.124577	11
0.427019	0.050541	0.136603	12
0.446881	0.052892	0.144621	13
0.466742	0.055243	0.147125	14
0.486604	0.057593	0.142728	15
0.506465	0.059944	0.130726	16
0.526326	0.062295	0.112351	17
0.546188	0.064646	0.093284	18
0.566049	0.066996	0.088351	19
0.585910	0.069347	0.129443	20
0.605772	0.071698	0.277160	21
0.625633	0.074048	0.639064	22
0.645495	0.076399	1.413004	23
0.665356	0.078750	3.117482	24
0.685217	0.081101	4.909120	25
0.705079	0.083451	5.877636	26
0.724940	0.085802	6.331093	27
0.744801	0.088153	6.448158	28
0.764663	0.090504	6.351573	29
0.784524	0.092854	6.135284	30
0.804385	0.095205	5.867798	31
0.824247	0.097556	5.594047	32
0.844108	0.099907	5.338728	33
0.863970	0.102257	5.110751	34
0.883831	0.104608	4.907705	35
0.903692	0.106959	4.718518	36
0.923554	0.109310	4.525868	37
0.943415	0.111660	4.309613	38
0.963276	0.114011	4.050727	39
0.983138	0.116362	3.736703	40
1
0.205965	0.040969	0.001682	1
0.225581	0.044871	0.008789	2
0.245196	0.048773	0.017495	3
0.264812	0.052674	0.026392	4
0.284428	0.056576	0.035002	5
0.304043	0.060478	0.043087	6
0.323659	0.064380	0.050372	7
0.343275	0.068282	0.056467	8
0.362891	0.072183	0.060872	9
0.382506	0.076085	0.063027	10
0.402122	0.079987	0.062386	11
0.421738	0.083889	0.058541	12
0.441353	0.087791	0.051418	13
0.460969	0.091692	0.041590	14
0.480585	0.095594	0.030753	15
0.500201	0.099496	0.022435	16
0.519816	0.103398	0.023003	17
0.539432	0.107300	0.043035	18
0.559048	0.111201	0.099057	19
0.578663	0.115103	0.215968	20
0.598279	0.119005	0.432781	21
0.617895	0.122907	0.812980	22
0.637510	0.126809	1.445525	23
0.657126	0.130710	2.413805	24
0.676742	0.134612	3.528954	25
0.696358	0.138514	4.501682	26
0.715973	0.142416	5.234386	27
0.735589	0.146318	5.717612	28
0.755205	0.150219	5.980005	29
0.774820	0.154121	6.066117	30
0.794436	0.158023	6.023908	31
0.814052	0.161925	5.896836	32
0.833668	0.165827	5.719361	33
0.853283	0.169728	5.515303	34
0.872899	0.173630	5.298240	35
0.892515	0.177532	5.073084	36
0.912130	0.181434	4.838693	37
0.931746	0.185336	4.591579	38
0.951362	0.189237	4.330661	39
0.970977	0.193139	4.063235	40
2
0.202116	0.057002	0.003013	1
0.221365	0.062431	0.012362	2
0.240614	0.067860	0.021521	3
0.259863	0.073289	0.029202	4
0.279112	0.078718	0.035250	5
0.298361	0.084146	0.039619	6
0.317610	0.089575	0.042203	7
0.336859	0.095004	0.042828	8
0.356108	0.100433	0.041305	9
0.375358	0.105862	0.037518	10
0.394607	0.111290	0.031540	11
0.413856	0.116719	0.023783	12
0.433105	0.122148	0.015195	13
0.452354	0.127577	0.007510	14
0.471603	0.133006	0.003565	15
0.490852	0.138435	0.007714	16
0.510101	0.143863	0.026387	17
0.529350	0.149292	0.068913	18
0.548600	0.154721	0.148499	19
0.567849	0.160150	0.284951	20
0.587098	0.165579	0.507722	21
0.606347	0.171007	0.855410	22
0.625596	0.176436	1.361389	23
0.644845	0.181865	2.038527	24
0.664094	0.187294	2.829312	25
0.683343	0.192723	3.630564	26
0.702592	0.198151	4.358341	27
0.721841	0.203580	4.960449	28
0.741091	0.209009	5.413100	29
0.760340	0.214438	5.714271	30
0.779589	0.219867	5.876864	31
0.798838	0.225295	5.922293	32
0.818087	0.230724	5.875013	33
0.837336	0.236153	5.758451	34
0.856585	0.241582	5.592647	35
0.875834	0.247011	5.393653	36
0.895083	0.252439	5.174635	37
0.914333	0.257868	4.948613	38
0.933582	0.263297	4.732734	39
0.952831	0.268726	4.554175	40
3
0.197020	0.072685	0.004080	1
0.215784	0.079607	0.013923	2
0.234548	0.086529	0.022600	3
0.253312	0.093452	0.029090	4
0.272076	0.100374	0.033576	5
0.290839	0.107296	0.036188	6
0.309603	0.114219	0.036921	7
0.328367	0.121141	0.035708	8
0.347131	0.128063	0.032515	9
0.365895	0.134986	0.027442	10
0.384658	0.141908	0.020836	11
0.403422	0.148830	0.013430	12
0.422186	0.155753	0.006500	13
0.440950	0.162675	0.002066	14
0.459714	0.169597	0.003146	15
0.478478	0.176520	0.014107	16
0.497241	0.183442	0.041162	17
0.516005	0.190364	0.092917	18
0.534769	0.197287	0.181514	19
0.553533	0.204209	0.323652	20
0.572297	0.211131	0.540771	21
0.591061	0.218054	0.853399	22
0.609824	0.224976	1.274939	23
0.628588	0.231898	1.807892	24
0.647352	0.238821	2.428023	25
0.666116	0.245743	3.090379	26
0.684880	0.252665	3.745351	27
0.703644	0.259588	4.348992	28
0.722407	0.266510	4.868039	29
0.741171	0.273432	5.281597	30
0.759935	0.280355	5.580828	31
0.778699	0.287277	5.767309	32
0.797463	0.294199	5.850608	33
0.816227	0.301122	5.845640	34
0.834990	0.308044	5.770456	35
0.853754	0.314966	5.644942	36
0.872518	0.321889	5.490851	37
0.891282	0.328811	5.333351	38
0.910046	0.335733	5.204268	39
0.928810	0.342656	5.147359	40
4
0.190710	0.087918	0.004758	1
0.208873	0.096292	0.013251	2
0.227036	0.104665	0.020783	3
0.245199	0.113038	0.026496	4
0.263362	0.121411	0.030610	5
0.281524	0.129784	0.033201	6
0.299687	0.138158	0.034170	7
0.317850	0.146531	0.033359	8
0.336013	0.154904	0.030659	9
0.354176	0.163277	0.026128	10
0.372339	0.171650	0.020110	11
0.390502	0.180024	0.013385	12
0.408664	0.188397	0.007338	13
0.426827	0.196770	0.004170	14
0.444990	0.205143	0.007162	15
0.463153	0.213516	0.020995	16
0.481316	0.221889	0.052120	17
0.499479	0.230263	0.109009	18
0.517642	0.238636	0.202757	19
0.535805	0.247009	0.346921	20
0.553967	0.255382	0.556022	21
0.572130	0.263755	0.840282	22
0.590293	0.272129	1.207328	23
0.608456	0.280502	1.656963	24
0.626619	0.288875	2.176161	25
0.644782	0.297248	2.741484	26
0.662945	0.305621	3.323460	27
0.681107	0.313995	3.891185	28
0.699270	0.322368	4.416036	29
0.717433	0.330741	4.874398	30
0.735596	0.339114	5.249483	31
0.753759	0.347487	5.532272	32
0.771922	0.355860	5.721654	33
0.790085	0.364234	5.823927	34
0.808248	0.372607	5.852009	35
0.826410	0.380980	5.824800	36
0.844573	0.389353	5.767123	37
0.862736	0.397726	5.710677	38
0.880899	0.406100	5.696384	39
0.899062	0.414473	5.778747	40
5
0.183224	0.102610	0.005111	1
0.200674	0.112383	0.011125	2
0.218124	0.122155	0.017249	3
0.235574	0.131928	0.022687	4
0.253024	0.141700	0.027372	5
0.270474	0.151472	0.031078	6
0.287924	0.161245	0.033429	7
0.305374	0.171017	0.034016	8
0.322824	0.180790	0.032515	9
0.340274	0.190562	0.028823	10
0.357723	0.200335	0.023206	11
0.375173	0.210107	0.016477	12
0.392623	0.219879	0.010200	13
0.410073	0.229652	0.006913	14
0.427523	0.239424	0.010358	15
0.444973	0.249197	0.025694	16
0.462423	0.258969	0.059605	17
0.479873	0.268741	0.120418	18
0.497323	0.278514	0.217937	19
0.514773	0.288286	0.362756	20
0.532223	0.298059	0.564051	21
0.549673	0.307831	0.828445	22
0.567123	0.317604	1.160031	23
0.584572	0.327376	1.557361	24
0.602022	0.337148	2.012192	25
0.619472	0.346921	2.510269	26
0.636922	0.356693	3.032807	27
0.654372	0.366466	3.558423	28
0.671822	0.376238	4.065180	29
0.689272	0.386010	4.532563	30
0.706722	0.395783	4.943331	31
0.724172	0.405555	5.285138	32
0.741622	0.415328	5.551796	33
0.759072	0.425100	5.744138	34
0.776522	0.434873	5.870507	35
0.793972	0.444645	5.947064	36
0.811421	0.454417	5.998205	37
0.828871	0.464190	6.057442	38
0.846321	0.473962	6.169213	39
0.863771	0.483735	6.392218	40
6
0.174609	0.116670	0.005261	1
0.191238	0.127781	0.008763	2
0.207867	0.138892	0.013699	3
0.224497	0.150004	0.019275	4
0.241126	0.161115	0.024998	5
0.257756	0.172227	0.030233	6
0.274385	0.183338	0.034259	7
0.291014	0.194449	0.036369	8
0.307644	0.205561	0.036003	9
0.324273	0.216672	0.032899	10
0.340903	0.227784	0.027275	11
0.357532	0.238895	0.020038	12
0.374161	0.250006	0.013008	13
0.390791	0.261118	0.009126	14
0.407420	0.272229	0.012622	15
0.424050	0.283341	0.029078	16
0.440679	0.294452	0.065350	17
0.457308	0.305563	0.129439	18
0.473938	0.316675	0.229951	19
0.490567	0.327786	0.374942	20
0.507197	0.338898	0.571021	21
0.523826	0.350009	0.822705	22
0.540455	0.361120	1.131649	23
0.557085	0.372232	1.495636	24
0.573714	0.383343	1.908403	25
0.590344	0.394455	2.359924	26
0.606973	0.405566	2.837097	27
0.623602	0.416677	3.324675	28
0.640232	0.427789	3.806346	29
0.656861	0.438900	4.265962	30
0.673491	0.450012	4.688895	31
0.690120	0.461123	5.063497	32
0.706749	0.472234	5.382561	33
0.723379	0.483346	5.644677	34
0.740008	0.494457	5.855402	35
0.756638	0.505569	6.028240	36
0.773267	0.516680	6.185539	37
0.789896	0.527791	6.359506	38
0.806526	0.538903	6.593685	39
0.823155	0.550014	6.945307	40
7
0.164917	0.130010	0.005313	1
0.180623	0.142392	0.007287	2
0.196329	0.154773	0.011663	3
0.212036	0.167155	0.017629	4
0.227742	0.179537	0.024360	5
0.243448	0.191919	0.030905	6
0.259155	0.204301	0.036268	7
0.274861	0.216683	0.039517	8
0.290567	0.229065	0.039916	9
0.306274	0.241446	0.037096	10
0.321980	0.253828	0.031264	11
0.337686	0.266210	0.023431	12
0.353393	0.278592	0.015649	13
0.369099	0.290974	0.011200	14
0.384805	0.303356	0.014701	15
0.400512	0.315738	0.032057	16
0.416218	0.328120	0.070254	17
0.431925	0.340501	0.137014	18
0.447631	0.352883	0.240003	19
0.463337	0.365265	0.386073	20
0.479044	0.377647	0.580376	21
0.494750	0.390029	0.825672	22
0.510456	0.402411	1.121991	23
0.526163	0.414793	1.466338	24
0.541869	0.427175	1.852852	25
0.557575	0.439556	2.273228	26
0.573282	0.451938	2.717277	27
0.588988	0.464320	3.173535	28
0.604694	0.476702	3.629914	29
0.620401	0.489084	4.074409	30
0.636107	0.501466	4.495954	31
0.651813	0.513848	4.885466	32
0.667520	0.526229	5.237053	33
0.683226	0.538611	5.549343	34
0.698932	0.550993	5.826808	35
0.714639	0.563375	6.081023	36
0.730345	0.575757	6.331816	37
0.746051	0.588139	6.608369	38
0.761758	0.600521	6.950420	39
0.777464	0.612903	7.409714	40
8
0.154208	0.142548	0.005323	1
0.168894	0.156124	0.007345	2
0.183581	0.169700	0.011987	3
0.198267	0.183276	0.018420	4
0.212954	0.196852	0.025755	5
0.227640	0.210428	0.032960	6
0.242327	0.224004	0.038956	7
0.257013	0.237580	0.042724	8
0.271699	0.251156	0.043455	9
0.286386	0.264732	0.040731	10
0.301072	0.278308	0.034749	11
0.315759	0.291884	0.026568	12
0.330445	0.305460	0.018355	13
0.345132	0.319036	0.013574	14
0.359818	0.332612	0.017078	15
0.374505	0.346188	0.035011	16
0.389191	0.359764	0.074547	17
0.403878	0.373340	0.143420	18
0.418564	0.386916	0.249111	19
0.433251	0.400492	0.397950	20
0.447937	0.414068	0.594284	21
0.462623	0.427644	0.839761	22
0.477310	0.441220	1.132996	23
0.491996	0.454796	1.469675	24
0.506683	0.468372	1.843126	25
0.521369	0.481948	2.245108	26
0.536056	0.495524	2.666543	27
0.550742	0.509100	3.098153	28
0.565429	0.522676	3.530951	29
0.580115	0.536252	3.956598	30
0.594802	0.549828	4.367799	31
0.609488	0.563404	4.758842	32
0.624174	0.576980	5.126388	33
0.638861	0.590556	5.470480	34
0.653547	0.604132	5.795726	35
0.668234	0.617708	6.112524	36
0.682920	0.631284	6.438238	37
0.697607	0.644860	6.798251	38
0.712293	0.658436	7.226863	39
0.726980	0.672012	7.767967	40
9
0.142548	0.154208	0.005296	1
0.156124	0.168894	0.008938	2
0.169700	0.183581	0.014578	3
0.183276	0.198267	0.021397	4
0.196852	0.212953	0.028746	5
0.210428	0.227640	0.035791	6
0.224004	0.242326	0.041586	7
0.237580	0.257013	0.045198	8
0.251156	0.271699	0.045862	9
0.264732	0.286386	0.043164	10
0.278309	0.301072	0.037274	11
0.291885	0.315758	0.029202	12
0.305461	0.330445	0.021062	13
0.319037	0.345131	0.016306	14
0.332613	0.359818	0.019843	15
0.346189	0.374504	0.037999	16
0.359765	0.389191	0.078266	17
0.373341	0.403877	0.148819	18
0.386917	0.418564	0.257658	19
0.400493	0.433250	0.411534	20
0.414069	0.447936	0.614802	21
0.427645	0.462623	0.868408	22
0.441221	0.477309	1.169404	23
0.454797	0.491996	1.511172	24
0.468373	0.506682	1.884760	25
0.481949	0.521369	2.280411	26
0.495525	0.536055	2.688601	27
0.509101	0.550742	3.101041	28
0.522677	0.565428	3.511167	29
0.536253	0.580114	3.914130	30
0.549829	0.594801	4.306632	31
0.563405	0.609487	4.686873	32
0.576981	0.624174	5.054790	33
0.590557	0.638860	5.412659	34
0.604133	0.653547	5.765974	35
0.617709	0.668233	6.124497	36
0.631285	0.682919	6.503308	37
0.644861	0.697606	6.923706	38
0.658437	0.712292	7.413778	39
0.672013	0.726979	8.008414	40
10
0.130010	0.164916	0.005177	1
0.142392	0.180623	0.011401	2
0.154774	0.196329	0.018413	3
0.167156	0.212035	0.025428	4
0.179537	0.227742	0.032231	5
0.191919	0.243448	0.038377	6
0.204301	0.259154	0.043225	7
0.216683	0.274861	0.046076	8
0.229065	0.290567	0.046324	9
0.241447	0.306273	0.043628	10
0.253829	0.321980	0.038129	11
0.266211	0.337686	0.030709	12
0.278593	0.353392	0.023269	13
0.290974	0.369099	0.019025	14
0.303356	0.384805	0.022735	15
0.315738	0.400511	0.040800	16
0.328120	0.416218	0.081157	17
0.340502	0.431924	0.152911	18
0.352884	0.447630	0.265473	19
0.365266	0.463337	0.427226	20
0.377648	0.479043	0.643769	21
0.390030	0.494749	0.916037	22
0.402411	0.510456	1.239216	23
0.414793	0.526162	1.602632	24
0.427175	0.541868	1.992658	25
0.439557	0.557575	2.395637	26
0.451939	0.573281	2.799467	27
0.464321	0.588987	3.195901	28
0.476703	0.604694	3.580897	29
0.489085	0.620400	3.953801	30
0.501467	0.636106	4.316208	31
0.513848	0.651813	4.671063	32
0.526230	0.667519	5.022271	33
0.538612	0.683225	5.374850	34
0.550994	0.698932	5.735539	35
0.563376	0.714638	6.113664	36
0.575758	0.730344	6.522040	37
0.588140	0.746051	6.977674	38
0.600522	0.761757	7.501996	39
0.612904	0.777463	8.120282	40
11
0.116670	0.174609	0.004853	1
0.127781	0.191238	0.013569	2
0.138893	0.207867	0.021821	3
0.150004	0.224497	0.028832	4
0.161116	0.241126	0.034778	5
0.172227	0.257755	0.039610	6
0.183338	0.274385	0.043050	7
0.194450	0.291014	0.044712	8
0.205561	0.307644	0.044238	9
0.216673	0.324273	0.041439	10
0.227784	0.340902	0.036478	11
0.238895	0.357532	0.030097	12
0.250007	0.374161	0.023903	13
0.261118	0.390791	0.020705	14
0.272230	0.407420	0.024880	15
0.283341	0.424049	0.042700	16
0.294453	0.440679	0.082516	17
0.305564	0.457308	0.154743	18
0.316675	0.473937	0.271237	19
0.327787	0.490567	0.443831	20
0.338898	0.507196	0.681745	21
0.350010	0.523826	0.987641	22
0.361121	0.540455	1.354378	23
0.372233	0.557084	1.765316	24
0.383344	0.573714	2.196768	25
0.394455	0.590343	2.624947	26
0.405567	0.606972	3.032179	27
0.416678	0.623602	3.410362	28
0.427790	0.640231	3.760036	29
0.438901	0.656861	4.087382	30
0.450012	0.673490	4.401175	31
0.461124	0.690119	4.710642	32
0.472235	0.706749	5.024423	33
0.483347	0.723378	5.350495	34
0.494458	0.740008	5.696707	35
0.505570	0.756637	6.071636	36
0.516681	0.773266	6.485424	37
0.527792	0.789896	6.950285	38
0.538904	0.806525	7.480374	39
0.550015	0.823154	8.090525	40
12
0.102611	0.183224	0.004186	1
0.112383	0.200674	0.014168	2
0.122156	0.218124	0.023064	3
0.131928	0.235574	0.029972	4
0.141700	0.253024	0.035164	5
0.151473	0.270474	0.038803	6
0.161245	0.287924	0.040877	7
0.171018	0.305373	0.041284	8
0.180790	0.322823	0.039919	9
0.190563	0.340273	0.036792	10
0.200335	0.357723	0.032157	11
0.210107	0.375173	0.026701	12
0.219880	0.392623	0.021789	13
0.229652	0.410073	0.019800	14
0.239425	0.427523	0.024584	15
0.249197	0.444973	0.042013	16
0.258970	0.462423	0.080578	17
0.268742	0.479873	0.151989	18
0.278515	0.497322	0.271403	19
0.288287	0.514772	0.456567	20
0.298059	0.532222	0.724898	21
0.307832	0.549672	1.085287	22
0.317604	0.567122	1.531860	23
0.327377	0.584572	2.036975	24
0.337149	0.602022	2.553055	25
0.346922	0.619472	3.031244	26
0.356694	0.636922	3.444047	27
0.366467	0.654372	3.787862	28
0.376239	0.671822	4.075342	29
0.386011	0.689271	4.326279	30
0.395784	0.706721	4.561045	31
0.405556	0.724171	4.797180	32
0.415329	0.741621	5.048386	33
0.425101	0.759071	5.324927	34
0.434874	0.776521	5.634675	35
0.444646	0.793971	5.984277	36
0.454418	0.811421	6.380065	37
0.464191	0.828871	6.828400	38
0.473963	0.846321	7.335095	39
0.483736	0.863771	7.903443	40
13
0.087919	0.190710	0.003096	1
0.096292	0.208873	0.012416	2
0.104665	0.227036	0.021128	3
0.113038	0.245199	0.028003	4
0.121412	0.263361	0.033022	5
0.129785	0.281524	0.036283	6
0.138158	0.299687	0.037839	7
0.146531	0.317850	0.037691	8
0.154904	0.336013	0.035853	9
0.163278	0.354176	0.032431	10
0.171651	0.372339	0.027741	11
0.180024	0.390501	0.022459	12
0.188397	0.408664	0.017824	13
0.196770	0.426827	0.015940	14
0.205144	0.444990	0.020219	15
0.213517	0.463153	0.036037	16
0.221890	0.481316	0.071680	17
0.230263	0.499479	0.139585	18
0.238637	0.517641	0.258111	19
0.247010	0.535804	0.452999	20
0.255383	0.553967	0.756629	21
0.263756	0.572130	1.197611	22
0.272129	0.590293	1.785764	23
0.280503	0.608456	2.482550	24
0.288876	0.626619	3.168910	25
0.297249	0.644781	3.726796	26
0.305622	0.662944	4.121699	27
0.313995	0.681107	4.377935	28
0.322369	0.699270	4.542304	29
0.330742	0.717433	4.661417	30
0.339115	0.735596	4.772340	31
0.347488	0.753759	4.900972	32
0.355862	0.771921	5.063749	33
0.364235	0.790084	5.270224	34
0.372608	0.808247	5.525441	35
0.380981	0.826410	5.831701	36
0.389354	0.844573	6.189539	37
0.397728	0.862736	6.597766	38
0.406101	0.880898	7.052345	39
0.414474	0.899061	7.543669	40
14
0.072685	0.197020	0.001719	1
0.079607	0.215784	0.008637	2
0.086530	0.234548	0.016384	3
0.093452	0.253312	0.023410	4
0.100374	0.272075	0.029260	5
0.107297	0.290839	0.033794	6
0.114219	0.309603	0.036900	7
0.121141	0.328367	0.038423	8
0.128064	0.347131	0.038194	9
0.134986	0.365894	0.036106	10
0.141908	0.384658	0.032223	11
0.148831	0.403422	0.026935	12
0.155753	0.422186	0.021167	13
0.162675	0.440950	0.016684	14
0.169598	0.459714	0.016534	15
0.176520	0.478477	0.025731	16
0.183443	0.497241	0.052331	17
0.190365	0.516005	0.109085	18
0.197287	0.534769	0.216303	19
0.204210	0.553533	0.406844	20
0.211132	0.572296	0.732958	21
0.218054	0.591060	1.266493	22
0.224977	0.609824	2.089769	23
0.231899	0.628588	3.217427	24
0.238821	0.647352	4.265980	25
0.245744	0.666116	4.885733	26
0.252666	0.684879	5.135928	27
0.259589	0.703643	5.163686	28
0.266511	0.722407	5.092987	29
0.273433	0.741171	5.005636	30
0.280356	0.759935	4.948939	31
0.287278	0.778699	4.947121	32
0.294200	0.797462	5.010405	33
0.301123	0.816226	5.140992	34
0.308045	0.834990	5.336566	35
0.314967	0.853754	5.592051	36
0.321890	0.872518	5.900043	37
0.328812	0.891281	6.250086	38
0.335734	0.910045	6.626680	39
0.342657	0.928809	7.005741	40
15
0.057003	0.202116	0.000526	1
0.062432	0.221365	0.004356	2
0.067860	0.240614	0.010506	3
0.073289	0.259863	0.017864	4
0.078718	0.279112	0.025931	5
0.084147	0.298361	0.034372	6
0.089576	0.317610	0.042790	7
0.095005	0.336859	0.050683	8
0.100433	0.356108	0.057452	9
0.105862	0.375357	0.062445	10
0.111291	0.394607	0.065010	11
0.116720	0.413856	0.064605	12
0.122149	0.433105	0.060977	13
0.127578	0.452354	0.054474	14
0.133006	0.471603	0.046550	15
0.138435	0.490852	0.040586	16
0.143864	0.510101	0.043224	17
0.149293	0.529350	0.066556	18
0.154722	0.548599	0.131797	19
0.160150	0.567848	0.276059	20
0.165579	0.587098	0.566662	21
0.171008	0.606347	1.128045	22
0.176437	0.625596	2.215093	23
0.181866	0.644845	4.496436	24
0.187295	0.664094	6.294029	25
0.192723	0.683343	6.529382	26
0.198152	0.702592	6.226262	27
0.203581	0.721841	5.799387	28
0.209010	0.741090	5.405793	29
0.214439	0.760339	5.101870	30
0.219868	0.779589	4.902626	31
0.225296	0.798838	4.806204	32
0.230725	0.818087	4.804322	33
0.236154	0.837336	4.886435	34
0.241583	0.856585	5.040949	35
0.247012	0.875834	5.254973	36
0.252441	0.895083	5.513137	37
0.257869	0.914332	5.795552	38
0.263298	0.933581	6.074780	39
0.268727	0.952830	6.311650	40
16
0.040969	0.205965	0.000048	1
0.044871	0.225581	0.001217	2
0.048773	0.245196	0.005357	3
0.052675	0.264812	0.013496	4
0.056577	0.284428	0.025819	5
0.060478	0.304043	0.041946	6
0.064380	0.323659	0.061265	7
0.068282	0.343275	0.083078	8
0.072184	0.362890	0.106603	9
0.076086	0.382506	0.130920	10
0.079987	0.402122	0.154892	11
0.083889	0.421738	0.177086	12
0.087791	0.441353	0.195716	13
0.091693	0.460969	0.208643	14
0.095595	0.480585	0.213485	15
0.099497	0.500200	0.207991	16
0.103398	0.519816	0.190905	17
0.107300	0.539432	0.163789	18
0.111202	0.559047	0.134796	19
0.115104	0.578663	0.126759	20
0.119006	0.598279	0.197427	21
0.122908	0.617895	0.501058	22
0.126809	0.637510	1.500022	23
0.130711	0.657126	7.189640	24
0.134613	0.676742	8.561078	25
0.138515	0.696357	6.860396	26
0.142417	0.715973	5.974957	27
0.146319	0.735589	5.363075	28
0.150220	0.755204	4.930487	29
0.154122	0.774820	4.641749	30
0.158024	0.794436	4.472684	31
0.161926	0.814052	4.404445	32
0.165828	0.833667	4.421750	33
0.169730	0.853283	4.511194	34
0.173631	0.872899	4.659398	35
0.177533	0.892514	4.850972	36
0.181435	0.912130	5.066204	37
0.185337	0.931746	5.278251	38
0.189239	0.951362	5.449704	39
0.193141	0.970977	5.528729	40
17
0.081102	0.685217	17.019841	25
0.083452	0.705079	9.677989	26
0.085803	0.724940	6.601846	27
0.088154	0.744801	5.212543	28
0.090505	0.764663	4.539438	29
0.092856	0.784524	4.206227	30
0.095206	0.804385	4.056905	31
0.097557	0.824247	4.021520	32
0.099908	0.844108	4.065081	33
0.102259	0.863969	4.166694	34
0.104609	0.883831	4.309816	35
0.106960	0.903692	4.476631	36
0.109311	0.923554	4.644015	37
0.111662	0.943415	4.780054	38
0.114012	0.963276	4.840838	39
0.116363	0.983138	4.768227	40
18
0.027090	0.689468	20.060978	25
0.027875	0.709453	12.239113	26
0.028661	0.729437	8.323823	27
0.029446	0.749422	6.252046	28
0.030231	0.769406	5.115602	29
0.031016	0.789391	4.495219	30
0.031801	0.809375	4.172790	31
0.032587	0.829360	4.031418	32
0.033372	0.849345	4.004315	33
0.034157	0.869329	4.050325	34
0.034942	0.889314	4.140315	35
0.035728	0.909298	4.248043	36
0.036513	0.929283	4.344145	37
0.037298	0.949268	4.392100	38
0.038083	0.969252	4.345657	39
0.038868	0.989237	4.148991	40
19
-0.027088	0.689468	13.657381	25
-0.027874	0.709453	9.742858	26
-0.028659	0.729437	7.772412	27
-0.029444	0.749422	6.532217	28
-0.030229	0.769406	5.666897	29
-0.031014	0.789391	5.065761	30
-0.031799	0.809376	4.664317	31
-0.032585	0.829360	4.415420	32
-0.033370	0.849345	4.278938	33
-0.034155	0.869329	4.221026	34
-0.034940	0.889314	4.213026	35
-0.035725	0.909298	4.225608	36
-0.036510	0.929283	4.225838	37
-0.037296	0.949268	4.176214	38
-0.038081	0.969252	4.033863	39
-0.038866	0.989237	3.753218	40
20
-0.024683	0.208544	0.000013	1
-0.027033	0.228406	0.000723	2
-0.029384	0.248267	0.003628	3
-0.031735	0.268129	0.009870	4
-0.034085	0.287990	0.020109	5
-0.036436	0.307851	0.034682	6
-0.038787	0.327713	0.053814	7
-0.041138	0.347574	0.077701	8
-0.043488	0.367435	0.106510	9
-0.045839	0.387297	0.140354	10
-0.048190	0.407158	0.179241	11
-0.050540	0.427020	0.223021	12
-0.052891	0.446881	0.271301	13
-0.055242	0.466742	0.323323	14
-0.057593	0.486604	0.377723	15
-0.059943	0.506465	0.432093	16
-0.062294	0.526326	0.482167	17
-0.064645	0.546188	0.520463	18
-0.066996	0.566049	0.534516	19
-0.069346	0.585910	0.506830	20
-0.071697	0.605772	0.427461	21
-0.074048	0.625633	0.364840	22
-0.076398	0.645495	0.768528	23
-0.078749	0.665356	4.897956	24
-0.081100	0.685217	7.285988	25
-0.083451	0.705079	7.283769	26
-0.085801	0.724940	7.079976	27
-0.088152	0.744801	6.677633	28
-0.090503	0.764663	6.199902	29
-0.092853	0.784524	5.739053	30
-0.095204	0.804386	5.343008	31
-0.097555	0.824247	5.029003	32
-0.099906	0.844108	4.794090	33
-0.102256	0.863970	4.624669	34
-0.104607	0.883831	4.502511	35
-0.106958	0.903692	4.403244	36
-0.109308	0.923554	4.297272	37
-0.111659	0.943415	4.152056	38
-0.114010	0.963277	3.933835	39
-0.116361	0.983138	3.612097	40
21
-0.040969	0.205965	0.000344	1
-0.044870	0.225581	0.002915	2
-0.048772	0.245196	0.007534	3
-0.052674	0.264812	0.013937	4
-0.056576	0.284428	0.022127	5
-0.060478	0.304044	0.032120	6
-0.064379	0.323659	0.043816	7
-0.068281	0.343275	0.056951	8
-0.072183	0.362891	0.071079	9
-0.076085	0.382506	0.085543	10
-0.079986	0.402122	0.099444	11
-0.083888	0.421738	0.111616	12
-0.087790	0.441354	0.120633	13
-0.091692	0.460969	0.124874	14
-0.095594	0.480585	0.122754	15
-0.099495	0.500201	0.113293	16
-0.103397	0.519816	0.097367	17
-0.107299	0.539432	0.080228	18
-0.111201	0.559048	0.076238	19
-0.115102	0.578663	0.116878	20
-0.119004	0.598279	0.262534	21
-0.122906	0.617895	0.620948	22
-0.126808	0.637511	1.390657	23
-0.130710	0.657126	3.091726	24
-0.134611	0.676742	4.892599	25
-0.138513	0.696358	5.874201	26
-0.142415	0.715973	6.338150	27
-0.146317	0.735589	6.461652	28
-0.150218	0.755205	6.367726	29
-0.154120	0.774821	6.151222	30
-0.158022	0.794436	5.881648	31
-0.161924	0.814052	5.604817	32
-0.165826	0.833668	5.346044	33
-0.169727	0.853283	5.114767	34
-0.173629	0.872899	4.908833	35
-0.177531	0.892515	4.716937	36
-0.181433	0.912131	4.521394	37
-0.185334	0.931746	4.301622	38
-0.189236	0.951362	4.038179	39
-0.193138	0.970978	3.718337	40
22
-0.057002	0.202116	0.001073	1
-0.062431	0.221365	0.005478	2
-0.067860	0.240614	0.010986	3
-0.073289	0.259863	0.016933	4
-0.078717	0.279112	0.023120	5
-0.084146	0.298361	0.029405	6
-0.089575	0.317610	0.035550	7
-0.095004	0.336859	0.041172	8
-0.100432	0.356109	0.045757	9
-0.105861	0.375358	0.048685	10
-0.111290	0.394607	0.049301	11
-0.116719	0.413856	0.047032	12
-0.122148	0.433105	0.041582	13
-0.127576	0.452354	0.033248	14
-0.133005	0.471603	0.023412	15
-0.138434	0.490852	0.015283	16
-0.143863	0.510101	0.014941	17
-0.149291	0.529351	0.032784	18
-0.154720	0.548600	0.085435	19
-0.160149	0.567849	0.198234	20
-0.165578	0.587098	0.411134	21
-0.171007	0.606347	0.788898	22
-0.176435	0.625596	1.421496	23
-0.181864	0.644845	2.395338	24
-0.187293	0.664094	3.521647	25
-0.192722	0.683344	4.506726	26
-0.198150	0.702593	5.249718	27
-0.203579	0.721842	5.739798	28
-0.209008	0.741091	6.005459	29
-0.214437	0.760340	6.091721	30
-0.219866	0.779589	6.047269	31
-0.225294	0.798838	5.916324	32
-0.230723	0.818087	5.734035	33
-0.236152	0.837336	5.524779	34
-0.241581	0.856586	5.302480	35
-0.247009	0.875835	5.072146	36
-0.252438	0.895084	4.832549	37
-0.257867	0.914333	4.580013	38
-0.263296	0.933582	4.313243	39
-0.268725	0.952831	4.039374	40
23
-0.072684	0.197020	0.001828	1
-0.079607	0.215784	0.007314	2
-0.086529	0.234548	0.012909	3
-0.093451	0.253312	0.018073	4
-0.100374	0.272076	0.022741	5
-0.107296	0.290839	0.026793	6
-0.114218	0.309603	0.029990	7
-0.121140	0.328367	0.031996	8
-0.128063	0.347131	0.032420	9
-0.134985	0.365895	0.030902	10
-0.141907	0.384659	0.027222	11
-0.148830	0.403423	0.021453	12
-0.155752	0.422186	0.014187	13
-0.162674	0.440950	0.006805	14
-0.169597	0.459714	0.001854	15
-0.176519	0.478478	0.003520	16
-0.183441	0.497242	0.018276	17
-0.190364	0.516006	0.055825	18
-0.197286	0.534769	0.130133	19
-0.204208	0.553533	0.262140	20
-0.211130	0.572297	0.482671	21
-0.218053	0.591061	0.831248	22
-0.224975	0.609825	1.342655	23
-0.231897	0.628589	2.030387	24
-0.238820	0.647352	2.834620	25
-0.245742	0.666116	3.649216	26
-0.252664	0.684880	4.387834	27
-0.259587	0.703644	4.997030	28
-0.266509	0.722408	5.452745	29
-0.273431	0.741172	5.753320	30
-0.280354	0.759935	5.912349	31
-0.287276	0.778699	5.952059	32
-0.294198	0.797463	5.897696	33
-0.301121	0.816227	5.773368	34
-0.308043	0.834991	5.599621	35
-0.314965	0.853755	5.392804	36
-0.321887	0.872518	5.166196	37
-0.328810	0.891282	4.932773	38
-0.335732	0.910046	4.709519	39
-0.342654	0.928810	4.523339	40
24
-0.087918	0.190710	0.002323	1
-0.096291	0.208873	0.007658	2
-0.104665	0.227036	0.012783	3
-0.113038	0.245199	0.017353	4
-0.121411	0.263362	0.021435	5
-0.129784	0.281525	0.024932	6
-0.138157	0.299687	0.027590	7
-0.146530	0.317850	0.029057	8
-0.154904	0.336013	0.028961	9
-0.163277	0.354176	0.027006	10
-0.171650	0.372339	0.023094	11
-0.180023	0.390502	0.017486	12
-0.188396	0.408665	0.011021	13
-0.196769	0.426828	0.005372	14
-0.205143	0.444991	0.003398	15
-0.213516	0.463153	0.009576	16
-0.221889	0.481316	0.030586	17
-0.230262	0.499479	0.075974	18
-0.238635	0.517642	0.159134	19
-0.247008	0.535805	0.298289	20
-0.255382	0.553968	0.516117	21
-0.263755	0.572131	0.833432	22
-0.272128	0.590294	1.265504	23
-0.280501	0.608456	1.813169	24
-0.288874	0.626619	2.449637	25
-0.297247	0.644782	3.127315	26
-0.305620	0.662945	3.794381	27
-0.313994	0.681108	4.405580	28
-0.322367	0.699271	4.927257	29
-0.330740	0.717434	5.338844	30
-0.339113	0.735597	5.632279	31
-0.347486	0.753759	5.810132	32
-0.355859	0.771922	5.882993	33
-0.364233	0.790085	5.866699	34
-0.372606	0.808248	5.780035	35
-0.380979	0.826411	5.643391	36
-0.389352	0.844574	5.478771	37
-0.397725	0.862737	5.311353	38
-0.406098	0.880900	5.172723	39
-0.414472	0.899062	5.106129	40
25
-0.102610	0.183224	0.002520	1
-0.112383	0.200674	0.006647	2
-0.122155	0.218124	0.011038	3
-0.131927	0.235574	0.015450	4
-0.141700	0.253024	0.019892	5
-0.151472	0.270474	0.024164	6
-0.161245	0.287924	0.027875	7
-0.171017	0.305374	0.030522	8
-0.180789	0.322824	0.031570	9
-0.190562	0.340274	0.030564	10
-0.200334	0.357724	0.027277	11
-0.210106	0.375174	0.021913	12
-0.219879	0.392624	0.015365	13
-0.229651	0.410074	0.009535	14
-0.239424	0.427523	0.007710	15
-0.249196	0.444973	0.014995	16
-0.258968	0.462423	0.038733	17
-0.268741	0.479873	0.088780	18
-0.278513	0.497323	0.177878	19
-0.288286	0.514773	0.321240	20
-0.298058	0.532223	0.534208	21
-0.307830	0.549673	0.828247	22
-0.317603	0.567123	1.210993	23
-0.327375	0.584573	1.679865	24
-0.337148	0.602023	2.219224	25
-0.346920	0.619473	2.802813	26
-0.356692	0.636923	3.398790	27
-0.366465	0.654373	3.974745	28
-0.376237	0.671823	4.501534	29
-0.386010	0.689273	4.955874	30
-0.395782	0.706722	5.321918	31
-0.405554	0.724172	5.591927	32
-0.415327	0.741622	5.766162	33
-0.425099	0.759072	5.852198	34
-0.434872	0.776522	5.863998	35
-0.444644	0.793972	5.821194	36
-0.454416	0.811422	5.748982	37
-0.464189	0.828872	5.679048	38
-0.473961	0.846322	5.651899	39
-0.483734	0.863772	5.721151	40
26
-0.116669	0.174609	0.002529	1
-0.127781	0.191238	0.005123	2
-0.138892	0.207868	0.008852	3
-0.150004	0.224497	0.013495	4
-0.161115	0.241126	0.018860	5
-0.172226	0.257756	0.024532	6
-0.183338	0.274385	0.029904	7
-0.194449	0.291015	0.034235	8
-0.205560	0.307644	0.036737	9
-0.216672	0.324274	0.036716	10
-0.227783	0.340903	0.033759	11
-0.238895	0.357532	0.028002	12
-0.250006	0.374162	0.020452	13
-0.261117	0.390791	0.013365	14
-0.272229	0.407421	0.010633	15
-0.283340	0.424050	0.018113	16
-0.294451	0.440679	0.043802	17
-0.305563	0.457309	0.097783	18
-0.316674	0.473938	0.191906	19
-0.327786	0.490568	0.338477	20
-0.338897	0.507197	0.547918	21
-0.350008	0.523826	0.827942	22
-0.361120	0.540456	1.181309	23
-0.372231	0.557085	1.603887	24
-0.383342	0.573715	2.084273	25
-0.394454	0.590344	2.604880	26
-0.405565	0.606974	3.144103	27
-0.416677	0.623603	3.678742	28
-0.427788	0.640232	4.186214	29
-0.438899	0.656862	4.646441	30
-0.450011	0.673491	5.043426	31
-0.461122	0.690121	5.366539	32
-0.472233	0.706750	5.611459	33
-0.483345	0.723379	5.780763	34
-0.494456	0.740009	5.884222	35
-0.505568	0.756638	5.938989	36
-0.516679	0.773268	5.969927	37
-0.527790	0.789897	6.010454	38
-0.538902	0.806527	6.104297	39
-0.550013	0.823156	6.308734	40
27
-0.130009	0.164917	0.002492	1
-0.142391	0.180623	0.004081	2
-0.154773	0.196330	0.007516	3
-0.167155	0.212036	0.012577	4
-0.179537	0.227742	0.018887	5
-0.191919	0.243449	0.025843	6
-0.204301	0.259155	0.032645	7
-0.216682	0.274861	0.038345	8
-0.229064	0.290568	0.041941	9
-0.241446	0.306274	0.042541	10
-0.253828	0.321980	0.039596	11
-0.266210	0.337687	0.033218	12
-0.278592	0.353393	0.024563	13
-0.290973	0.369100	0.016238	14
-0.303355	0.384806	0.012677	15
-0.315737	0.400512	0.020369	16
-0.328119	0.416219	0.047811	17
-0.340501	0.431925	0.105221	18
-0.352883	0.447631	0.203679	19
-0.365265	0.463338	0.353690	20
-0.377646	0.479044	0.563582	21
-0.390028	0.494750	0.838022	22
-0.402410	0.510457	1.176907	23
-0.414792	0.526163	1.574748	24
-0.427174	0.541869	2.021028	25
-0.439556	0.557576	2.501336	26
-0.451937	0.573282	2.998924	27
-0.464319	0.588989	3.496263	28
-0.476701	0.604695	3.976348	29
-0.489083	0.620401	4.423781	30
-0.501465	0.636108	4.825757	31
-0.513847	0.651814	5.173044	32
-0.526229	0.667520	5.460998	33
-0.538610	0.683227	5.690560	34
-0.550992	0.698933	5.869163	35
-0.563374	0.714639	6.011559	36
-0.575756	0.730346	6.140607	37
-0.588138	0.746052	6.288238	38
-0.600520	0.761759	6.496847	39
-0.612902	0.777465	6.821500	40
28
-0.142548	0.154208	0.002498	1
-0.156124	0.168894	0.004146	2
-0.169700	0.183581	0.007793	3
-0.183276	0.198267	0.013228	4
-0.196852	0.212954	0.020055	5
-0.210428	0.227640	0.027631	6
-0.224004	0.242327	0.035094	7
-0.237580	0.257013	0.041418	8
-0.251156	0.271700	0.045513	9
-0.264732	0.286386	0.046395	10
-0.278308	0.301073	0.043450	11
-0.291884	0.315759	0.036774	12
-0.305460	0.330446	0.027588	13
-0.319036	0.345132	0.018683	14
-0.332612	0.359819	0.014792	15
-0.346188	0.374505	0.022800	16
-0.359764	0.389192	0.051632	17
-0.373340	0.403878	0.111792	18
-0.386916	0.418565	0.214366	19
-0.400492	0.433251	0.369444	20
-0.414068	0.447938	0.584390	21
-0.427644	0.462624	0.862249	22
-0.441220	0.477310	1.200691	23
-0.454796	0.491997	1.592024	24
-0.468372	0.506683	2.024257	25
-0.481948	0.521370	2.482788	26
-0.495523	0.536056	2.952343	27
-0.509099	0.550743	3.418552	28
-0.522675	0.565429	3.868820	29
-0.536251	0.580116	4.292682	30
-0.549827	0.594802	4.682017	31
-0.563403	0.609489	5.031319	32
-0.576979	0.624175	5.338278	33
-0.590555	0.638862	5.604633	34
-0.604131	0.653548	5.837207	35
-0.617707	0.668235	6.049004	36
-0.631283	0.682921	6.260275	37
-0.644859	0.697608	6.499564	38
-0.658435	0.712294	6.804804	39
-0.672011	0.726981	7.224537	40
29
-0.154207	0.142548	0.002548	1
-0.168894	0.156125	0.005296	2
-0.183580	0.169701	0.009557	3
-0.198267	0.183277	0.015154	4
-0.212953	0.196853	0.021856	5
-0.227640	0.210429	0.029157	6
-0.242326	0.224005	0.036307	7
-0.257012	0.237581	0.042369	8
-0.271699	0.251157	0.046324	9
-0.286385	0.264733	0.047235	10
-0.301072	0.278309	0.044493	11
-0.315758	0.291885	0.038156	12
-0.330445	0.305461	0.029373	13
-0.345131	0.319037	0.020854	14
-0.359817	0.332613	0.017305	15
-0.374504	0.346189	0.025725	16
-0.389190	0.359765	0.055399	17
-0.403877	0.373341	0.117496	18
-0.418563	0.386917	0.224074	19
-0.433249	0.400493	0.386350	20
-0.447936	0.414069	0.612449	21
-0.462622	0.427645	0.905012	22
-0.477309	0.441221	1.259404	23
-0.491995	0.454797	1.664144	24
-0.506682	0.468374	2.102958	25
-0.521368	0.481950	2.557571	26
-0.536054	0.495526	3.011219	27
-0.550741	0.509102	3.451043	28
-0.565427	0.522678	3.868495	29
-0.580114	0.536254	4.258664	30
-0.594800	0.549830	4.619423	31
-0.609487	0.563406	4.950606	32
-0.624173	0.576982	5.253913	33
-0.638859	0.590558	5.533390	34
-0.653546	0.604134	5.796364	35
-0.668232	0.617710	6.054606	36
-0.682919	0.631286	6.325499	37
-0.697605	0.644862	6.633078	38
-0.712292	0.658438	7.008796	39
-0.726978	0.672014	7.491878	40
30
-0.164916	0.130010	0.002550	1
-0.180623	0.142392	0.006857	2
-0.196329	0.154774	0.011838	3
-0.212035	0.167156	0.017332	4
-0.227742	0.179538	0.023341	5
-0.243448	0.191920	0.029593	6
-0.259154	0.204302	0.035566	7
-0.274860	0.216683	0.040553	8
-0.290567	0.229065	0.043755	9
-0.306273	0.241447	0.044418	10
-0.321979	0.253829	0.042034	11
-0.337686	0.266211	0.036639	12
-0.353392	0.278593	0.029201	13
-0.369098	0.290975	0.022104	14
-0.384805	0.303357	0.019672	15
-0.400511	0.315739	0.028659	16
-0.416217	0.328121	0.058541	17
-0.431924	0.340503	0.121485	18
-0.447630	0.352884	0.231638	19
-0.463336	0.365266	0.403370	20
-0.479043	0.377648	0.648241	21
-0.494749	0.390030	0.970788	22
-0.510455	0.402412	1.364046	23
-0.526161	0.414794	1.810153	24
-0.541868	0.427176	2.283198	25
-0.557574	0.439558	2.754854	26
-0.573280	0.451940	3.203135	27
-0.588987	0.464322	3.616181	28
-0.604693	0.476704	3.991216	29
-0.620399	0.489086	4.331457	30
-0.636106	0.501467	4.643133	31
-0.651812	0.513849	4.933232	32
-0.667518	0.526231	5.208670	33
-0.683225	0.538613	5.476505	34
-0.698931	0.550995	5.744871	35
-0.714637	0.563377	6.024233	36
-0.730344	0.575759	6.328632	37
-0.746050	0.588141	6.676636	38
-0.761756	0.600523	7.091737	39
-0.777462	0.612905	7.601836	40
31
-0.174608	0.116670	0.002356	1
-0.191238	0.127782	0.007802	2
-0.207867	0.138893	0.013256	3
-0.224496	0.150004	0.018469	4
-0.241126	0.161116	0.023559	5
-0.257755	0.172227	0.028434	6
-0.274385	0.183339	0.032803	7
-0.291014	0.194450	0.036230	8
-0.307643	0.205562	0.038204	9
-0.324273	0.216673	0.038244	10
-0.340902	0.227785	0.036044	11
-0.357531	0.238896	0.031696	12
-0.374161	0.250007	0.026013	13
-0.390790	0.261119	0.020963	14
-0.407420	0.272230	0.020244	15
-0.424049	0.283342	0.029982	16
-0.440678	0.294453	0.059458	17
-0.457308	0.305565	0.121742	18
-0.473937	0.316676	0.233922	19
-0.490566	0.327787	0.416081	20
-0.507196	0.338899	0.688011	21
-0.523825	0.350010	1.061014	22
-0.540454	0.361122	1.529953	23
-0.557084	0.372233	2.066027	24
-0.573713	0.383345	2.618773	25
-0.590343	0.394456	3.134825	26
-0.606972	0.405568	3.582236	27
-0.623601	0.416679	3.954092	28
-0.640231	0.427790	4.260756	29
-0.656860	0.438902	4.520349	30
-0.673489	0.450013	4.751841	31
-0.690119	0.461125	4.971458	32
-0.706748	0.472236	5.191759	33
-0.723378	0.483348	5.422314	34
-0.740007	0.494459	5.671155	35
-0.756636	0.505571	5.946397	36
-0.773266	0.516682	6.257616	37
-0.789895	0.527793	6.616660	38
-0.806524	0.538905	7.037542	39
-0.823154	0.550016	7.534957	40
32
-0.183224	0.102611	0.001849	1
-0.200674	0.112383	0.007302	2
-0.218124	0.122156	0.012746	3
-0.235574	0.131928	0.017687	4
-0.253024	0.141701	0.022121	5
-0.270473	0.151473	0.025986	6
-0.287923	0.161246	0.029113	7
-0.305373	0.171018	0.031240	8
-0.322823	0.180791	0.032067	9
-0.340273	0.190563	0.031329	10
-0.357723	0.200336	0.028909	11
-0.375173	0.210108	0.025008	12
-0.392623	0.219880	0.020382	13
-0.410073	0.229653	0.016707	14
-0.427523	0.239425	0.017101	15
-0.444972	0.249198	0.026893	16
-0.462422	0.258970	0.054712	17
-0.479872	0.268743	0.113853	18
-0.497322	0.278515	0.224111	19
-0.514772	0.288288	0.413263	20
-0.532222	0.298060	0.716368	21
-0.549672	0.307833	1.164782	22
-0.567122	0.317605	1.770716	23
-0.584572	0.327378	2.494995	24
-0.602021	0.337150	3.215386	25
-0.619471	0.346922	3.807766	26
-0.636921	0.356695	4.232577	27
-0.654371	0.366467	4.511329	28
-0.671821	0.376240	4.689678	29
-0.689271	0.386012	4.813820	30
-0.706721	0.395785	4.920476	31
-0.724171	0.405557	5.035007	32
-0.741621	0.415330	5.173183	33
-0.759071	0.425102	5.344059	34
-0.776520	0.434875	5.552764	35
-0.793970	0.444647	5.802734	36
-0.811420	0.454420	6.097155	37
-0.828870	0.464192	6.439436	38
-0.846320	0.473964	6.832425	39
-0.863770	0.483737	7.275881	40
33
-0.190710	0.087919	0.001073	1
-0.208873	0.096292	0.005312	2
-0.227036	0.104665	0.010231	3
-0.245198	0.113039	0.015068	4
-0.263361	0.121412	0.019589	5
-0.281524	0.129785	0.023656	6
-0.299687	0.138158	0.027081	7
-0.317850	0.146532	0.029598	8
-0.336013	0.154905	0.030888	9
-0.354175	0.163278	0.030642	10
-0.372338	0.171651	0.028661	11
-0.390501	0.180025	0.025005	12
-0.408664	0.188398	0.020210	13
-0.426827	0.196771	0.015618	14
-0.444990	0.205144	0.013860	15
-0.463153	0.213518	0.019604	16
-0.481315	0.221891	0.040739	17
-0.499478	0.230264	0.090227	18
-0.517641	0.238637	0.189064	19
-0.535804	0.247010	0.371472	20
-0.553967	0.255384	0.692114	21
-0.572130	0.263757	1.226465	22
-0.590292	0.272130	2.060493	23
-0.608455	0.280503	3.211437	24
-0.626618	0.288877	4.293953	25
-0.644781	0.297250	4.947477	26
-0.662944	0.305623	5.224420	27
-0.681107	0.313996	5.270041	28
-0.699270	0.322370	5.208821	29
-0.717432	0.330743	5.123517	30
-0.735595	0.339116	5.061981	31
-0.753758	0.347489	5.048421	32
-0.771921	0.355863	5.092670	33
-0.790084	0.364236	5.196515	34
-0.808247	0.372609	5.357645	35
-0.826409	0.380982	5.571844	36
-0.844572	0.389355	5.833857	37
-0.862735	0.397729	6.137019	38
-0.880898	0.406102	6.471484	39
-0.899061	0.414475	6.820683	40
34
-0.197020	0.072685	0.000339	1
-0.215784	0.079607	0.002752	2
-0.234548	0.086530	0.006704	3
-0.253311	0.093452	0.011646	4
-0.272075	0.100375	0.017376	5
-0.290839	0.107297	0.023744	6
-0.309603	0.114219	0.030509	7
-0.328367	0.121142	0.037300	8
-0.347130	0.128064	0.043614	9
-0.365894	0.134987	0.048835	10
-0.384658	0.141909	0.052279	11
-0.403422	0.148831	0.053285	12
-0.422186	0.155754	0.051391	13
-0.440950	0.162676	0.046630	14
-0.459713	0.169598	0.040039	15
-0.478477	0.176521	0.034492	16
-0.497241	0.183443	0.036065	17
-0.516005	0.190366	0.056315	18
-0.534769	0.197288	0.116132	19
-0.553532	0.204210	0.252767	20
-0.572296	0.211133	0.534547	21
-0.591060	0.218055	1.089172	22
-0.609824	0.224978	2.176078	23
-0.628588	0.231900	4.470323	24
-0.647351	0.238822	6.307424	25
-0.666115	0.245745	6.580038	26
-0.684879	0.252667	6.300743	27
-0.703643	0.259589	5.886365	28
-0.722407	0.266512	5.497496	29
-0.741171	0.273434	5.192839	30
-0.759934	0.280357	4.988404	31
-0.778698	0.287279	4.882421	32
-0.797462	0.294201	4.866229	33
-0.816226	0.301124	4.928853	34
-0.834990	0.308046	5.058621	35
-0.853753	0.314969	5.243305	36
-0.872517	0.321891	5.469289	37
-0.891281	0.328813	5.719804	38
-0.910045	0.335736	5.972020	39
-0.928809	0.342658	6.192716	40
35
-0.202115	0.057003	0.000031	1
-0.221365	0.062432	0.000783	2
-0.240614	0.067861	0.003463	3
-0.259863	0.073290	0.008863	4
-0.279112	0.078718	0.017332	5
-0.298361	0.084147	0.028907	6
-0.317610	0.089576	0.043462	7
-0.336859	0.095005	0.060756	8
-0.356108	0.100434	0.080406	9
-0.375357	0.105863	0.101819	10
-0.394606	0.111292	0.124112	11
-0.413855	0.116720	0.146027	12
-0.433105	0.122149	0.165865	13
-0.452354	0.127578	0.181464	14
-0.471603	0.133007	0.190288	15
-0.490852	0.138436	0.189765	16
-0.510101	0.143865	0.178108	17
-0.529350	0.149294	0.156089	18
-0.548599	0.154722	0.130756	19
-0.567848	0.160151	0.123487	20
-0.587097	0.165580	0.190207	21
-0.606346	0.171009	0.482786	22
-0.625595	0.176438	1.460446	23
-0.644845	0.181867	7.128151	24
-0.664094	0.187296	8.579335	25
-0.683343	0.192724	6.922524	26
-0.702592	0.198153	6.049452	27
-0.721841	0.203582	5.440049	28
-0.741090	0.209011	5.005956	29
-0.760339	0.214440	4.713515	30
-0.779588	0.219869	4.538839	31
-0.798837	0.225298	4.462732	32
-0.818086	0.230726	4.469348	33
-0.837335	0.236155	4.544805	34
-0.856585	0.241584	4.675606	35
-0.875834	0.247013	4.846899	36
-0.895083	0.252442	5.040421	37
-0.914332	0.257871	5.231879	38
-0.933581	0.263299	5.387558	39
-0.952830	0.268728	5.460197	40
36
-0.676742	0.134614	16.951837	25
-0.696357	0.138516	9.682475	26
-0.715973	0.142418	6.638303	27
-0.735589	0.146320	5.261194	28
-0.755204	0.150221	4.591493	29
-0.774820	0.154123	4.257547	30
-0.794436	0.158025	4.105113	31
-0.814051	0.161927	4.064627	32
-0.833667	0.165829	4.100987	33
-0.853283	0.169731	4.193112	34
-0.872898	0.173633	4.324506	35
-0.892514	0.177534	4.477899	36
-0.912130	0.181436	4.631405	37
-0.931746	0.185338	4.755168	38
-0.951361	0.189240	4.808117	39
-0.970977	0.193142	4.735394	40
37
-0.685217	0.081103	20.051171	25
-0.705078	0.083453	12.227017	26
-0.724940	0.085804	8.322398	27
-0.744801	0.088155	6.262302	28
-0.764662	0.090506	5.134693	29
-0.784524	0.092857	4.519448	30
-0.804385	0.095207	4.199235	31
-0.824247	0.097558	4.057425	32
-0.844108	0.099909	4.027543	33
-0.863969	0.102260	4.068609	34
-0.883831	0.104611	4.151805	35
-0.903692	0.106961	4.251629	36
-0.923553	0.109312	4.339850	37
-0.943415	0.111663	4.381583	38
-0.963276	0.114014	4.332636	39
-0.983137	0.116365	4.139288	40
38
-0.689468	0.027091	13.680180	25
-0.709453	0.027876	9.739420	26
-0.729437	0.028662	7.762308	27
-0.749422	0.029447	6.524648	28
-0.769406	0.030232	5.665107	29
-0.789391	0.031017	5.069373	30
-0.809375	0.031803	4.672149	31
-0.829360	0.032588	4.425617	32
-0.849345	0.033373	4.289887	33
-0.869329	0.034158	4.230907	34
-0.889314	0.034944	4.220088	35
-0.909298	0.035729	4.229176	36
-0.929283	0.036514	4.226132	37
-0.949267	0.037299	4.174651	38
-0.969252	0.038085	4.033218	39
-0.989237	0.038870	3.757430	40
39
-0.209838	-0.008244	0.000018	1
-0.229823	-0.009029	0.001085	2
-0.249807	-0.009814	0.005474	3
-0.269792	-0.010599	0.014734	4
-0.289776	-0.011385	0.029457	5
-0.309761	-0.012170	0.049591	6
-0.329746	-0.012955	0.074856	7
-0.349730	-0.013740	0.104941	8
-0.369715	-0.014525	0.139558	9
-0.389699	-0.015310	0.178431	10
-0.409684	-0.016095	0.221256	11
-0.429669	-0.016881	0.267651	12
-0.449653	-0.017666	0.317083	13
-0.469638	-0.018451	0.368734	14
-0.489622	-0.019236	0.421271	15
-0.509607	-0.020021	0.472398	16
-0.529591	-0.020806	0.518035	17
-0.549576	-0.021591	0.550959	18
-0.569561	-0.022377	0.559041	19
-0.589545	-0.023162	0.525240	20
-0.609530	-0.023947	0.440301	21
-0.629514	-0.024732	0.373871	22
-0.649499	-0.025517	0.778265	23
-0.669484	-0.026302	4.925943	24
-0.689468	-0.027087	7.304591	25
-0.709453	-0.027873	7.285607	26
-0.729437	-0.028658	7.072394	27
-0.749422	-0.029443	6.666507	28
-0.769406	-0.030228	6.189308	29
-0.789391	-0.031013	5.731038	30
-0.809376	-0.031798	5.338270	31
-0.829360	-0.032583	5.027247	32
-0.849345	-0.033369	4.794885	33
-0.869329	-0.034154	4.627019	34
-0.889314	-0.034939	4.505149	35
-0.909299	-0.035724	4.405824	36
-0.929283	-0.036509	4.300055	37
-0.949268	-0.037294	4.156086	38
-0.969252	-0.038079	3.940944	39
-0.989237	-0.038865	3.624653	40
40
-0.208544	-0.024682	0.000517	1
-0.228406	-0.027033	0.004514	2
-0.248267	-0.029384	0.011615	3
-0.268129	-0.031734	0.021113	4
-0.287990	-0.034085	0.032726	5
-0.307851	-0.036436	0.046229	6
-0.327713	-0.038786	0.061279	7
-0.347574	-0.041137	0.077375	8
-0.367435	-0.043488	0.093866	9
-0.387297	-0.045839	0.109933	10
-0.407158	-0.048189	0.124577	11
-0.427020	-0.050540	0.136603	12
-0.446881	-0.052891	0.144621	13
-0.466742	-0.055241	0.147125	14
-0.486604	-0.057592	0.142728	15
-0.506465	-0.059943	0.130726	16
-0.526326	-0.062293	0.112351	17
-0.546188	-0.064644	0.093284	18
-0.566049	-0.066995	0.088351	19
-0.585911	-0.069345	0.129443	20
-0.605772	-0.071696	0.277160	21
-0.625633	-0.074047	0.639063	22
-0.645495	-0.076398	1.413003	23
-0.665356	-0.078748	3.117481	24
-0.685217	-0.081099	4.909119	25
-0.705079	-0.083450	5.877636	26
-0.724940	-0.085800	6.331092	27
-0.744802	-0.088151	6.448157	28
-0.764663	-0.090502	6.351573	29
-0.784524	-0.092852	6.135283	30
-0.804386	-0.095203	5.867798	31
-0.824247	-0.097554	5.594046	32
-0.844108	-0.099904	5.338727	33
-0.863970	-0.102255	5.110751	34
-0.883831	-0.104606	4.907705	35
-0.903693	-0.106957	4.718518	36
-0.923554	-0.109307	4.525867	37
-0.943415	-0.111658	4.309613	38
-0.963277	-0.114009	4.050727	39
-0.983138	-0.116359	3.736704	40
41
-0.205965	-0.040968	0.001682	1
-0.225581	-0.044870	0.008789	2
-0.245196	-0.048772	0.017495	3
-0.264812	-0.052674	0.026392	4
-0.284428	-0.056575	0.035002	5
-0.304044	-0.060477	0.043087	6
-0.323659	-0.064379	0.050372	7
-0.343275	-0.068281	0.056467	8
-0.362891	-0.072182	0.060872	9
-0.382506	-0.076084	0.063027	10
-0.402122	-0.079986	0.062386	11
-0.421738	-0.083888	0.058541	12
-0.441354	-0.087789	0.051418	13
-0.460969	-0.091691	0.041590	14
-0.480585	-0.095593	0.030753	15
-0.500201	-0.099495	0.022435	16
-0.519816	-0.103396	0.023003	17
-0.539432	-0.107298	0.043035	18
-0.559048	-0.111200	0.099057	19
-0.578664	-0.115102	0.215968	20
-0.598279	-0.119003	0.432781	21
-0.617895	-0.122905	0.812980	22
-0.637511	-0.126807	1.445525	23
-0.657127	-0.130709	2.413804	24
-0.676742	-0.134610	3.528953	25
-0.696358	-0.138512	4.501681	26
-0.715974	-0.142414	5.234385	27
-0.735589	-0.146316	5.717611	28
-0.755205	-0.150217	5.980005	29
-0.774821	-0.154119	6.066117	30
-0.794437	-0.158021	6.023908	31
-0.814052	-0.161923	5.896836	32
-0.833668	-0.165824	5.719361	33
-0.853284	-0.169726	5.515303	34
-0.872899	-0.173628	5.298240	35
-0.892515	-0.177530	5.073084	36
-0.912131	-0.181431	4.838692	37
-0.931747	-0.185333	4.591579	38
-0.951362	-0.189235	4.330662	39
-0.970978	-0.193137	4.063238	40
42
-0.202116	-0.057002	0.003013	1
-0.221365	-0.062431	0.012362	2
-0.240614	-0.067859	0.021521	3
-0.259863	-0.073288	0.029202	4
-0.279112	-0.078717	0.035250	5
-0.298361	-0.084146	0.039619	6
-0.317610	-0.089574	0.042203	7
-0.336860	-0.095003	0.042828	8
-0.356109	-0.100432	0.041305	9
-0.375358	-0.105861	0.037518	10
-0.394607	-0.111289	0.031540	11
-0.413856	-0.116718	0.023783	12
-0.433105	-0.122147	0.015195	13
-0.452354	-0.127576	0.007510	14
-0.471603	-0.133004	0.003565	15
-0.490853	-0.138433	0.007714	16
-0.510102	-0.143862	0.026387	17
-0.529351	-0.149291	0.068913	18
-0.548600	-0.154719	0.148499	19
-0.567849	-0.160148	0.284951	20
-0.587098	-0.165577	0.507722	21
-0.606347	-0.171006	0.855410	22
-0.625596	-0.176434	1.361389	23
-0.644846	-0.181863	2.038527	24
-0.664095	-0.187292	2.829312	25
-0.683344	-0.192721	3.630565	26
-0.702593	-0.198150	4.358342	27
-0.721842	-0.203578	4.960450	28
-0.741091	-0.209007	5.413100	29
-0.760340	-0.214436	5.714272	30
-0.779589	-0.219865	5.876864	31
-0.798838	-0.225293	5.922293	32
-0.818088	-0.230722	5.875013	33
-0.837337	-0.236151	5.758450	34
-0.856586	-0.241580	5.592646	35
-0.875835	-0.247008	5.393652	36
-0.895084	-0.252437	5.174634	37
-0.914333	-0.257866	4.948612	38
-0.933582	-0.263295	4.732735	39
-0.952831	-0.268723	4.554175	40
43
-0.197020	-0.072684	0.004080	1
-0.215784	-0.079606	0.013923	2
-0.234548	-0.086529	0.022600	3
-0.253312	-0.093451	0.029090	4
-0.272076	-0.100373	0.033576	5
-0.290840	-0.107295	0.036188	6
-0.309603	-0.114218	0.036921	7
-0.328367	-0.121140	0.035708	8
-0.347131	-0.128062	0.032515	9
-0.365895	-0.134985	0.027442	10
-0.384659	-0.141907	0.020836	11
-0.403423	-0.148829	0.013430	12
-0.422187	-0.155751	0.006500	13
-0.440950	-0.162674	0.002066	14
-0.459714	-0.169596	0.003146	15
-0.478478	-0.176518	0.014107	16
-0.497242	-0.183441	0.041162	17
-0.516006	-0.190363	0.092917	18
-0.534770	-0.197285	0.181514	19
-0.553533	-0.204207	0.323652	20
-0.572297	-0.211130	0.540771	21
-0.591061	-0.218052	0.853399	22
-0.609825	-0.224974	1.274939	23
-0.628589	-0.231897	1.807892	24
-0.647353	-0.238819	2.428023	25
-0.666117	-0.245741	3.090379	26
-0.684880	-0.252663	3.745351	27
-0.703644	-0.259586	4.348993	28
-0.722408	-0.266508	4.868040	29
-0.741172	-0.273430	5.281598	30
-0.759936	-0.280353	5.580828	31
-0.778700	-0.287275	5.767309	32
-0.797464	-0.294197	5.850607	33
-0.816227	-0.301119	5.845640	34
-0.834991	-0.308042	5.770455	35
-0.853755	-0.314964	5.644942	36
-0.872519	-0.321886	5.490851	37
-0.891283	-0.328809	5.333351	38
-0.910047	-0.335731	5.204268	39
-0.928810	-0.342653	5.147359	40
44
-0.190710	-0.087918	0.004758	1
-0.208873	-0.096291	0.013251	2
-0.227036	-0.104664	0.020783	3
-0.245199	-0.113037	0.026496	4
-0.263362	-0.121411	0.030610	5
-0.281525	-0.129784	0.033200	6
-0.299688	-0.138157	0.034170	7
-0.317851	-0.146530	0.033359	8
-0.336013	-0.154903	0.030659	9
-0.354176	-0.163276	0.026128	10
-0.372339	-0.171649	0.020110	11
-0.390502	-0.180023	0.013385	12
-0.408665	-0.188396	0.007338	13
-0.426828	-0.196769	0.004170	14
-0.444991	-0.205142	0.007162	15
-0.463154	-0.213515	0.020995	16
-0.481317	-0.221888	0.052120	17
-0.499479	-0.230261	0.109009	18
-0.517642	-0.238634	0.202757	19
-0.535805	-0.247008	0.346921	20
-0.553968	-0.255381	0.556022	21
-0.572131	-0.263754	0.840282	22
-0.590294	-0.272127	1.207328	23
-0.608457	-0.280500	1.656963	24
-0.626620	-0.288873	2.176161	25
-0.644783	-0.297246	2.741484	26
-0.662945	-0.305620	3.323460	27
-0.681108	-0.313993	3.891186	28
-0.699271	-0.322366	4.416036	29
-0.717434	-0.330739	4.874399	30
-0.735597	-0.339112	5.249483	31
-0.753760	-0.347485	5.532272	32
-0.771923	-0.355858	5.721654	33
-0.790086	-0.364232	5.823927	34
-0.808249	-0.372605	5.852009	35
-0.826411	-0.380978	5.824800	36
-0.844574	-0.389351	5.767124	37
-0.862737	-0.397724	5.710677	38
-0.880900	-0.406097	5.696383	39
-0.899063	-0.414470	5.778747	40
45
-0.183224	-0.102610	0.005111	1
-0.200674	-0.112382	0.011125	2
-0.218124	-0.122155	0.017249	3
-0.235574	-0.131927	0.022687	4
-0.253024	-0.141699	0.027372	5
-0.270474	-0.151472	0.031078	6
-0.287924	-0.161244	0.033429	7
-0.305374	-0.171016	0.034016	8
-0.322824	-0.180789	0.032515	9
-0.340274	-0.190561	0.028823	10
-0.357724	-0.200334	0.023206	11
-0.375174	-0.210106	0.016477	12
-0.392624	-0.219878	0.010200	13
-0.410074	-0.229651	0.006913	14
-0.427524	-0.239423	0.010358	15
-0.444974	-0.249195	0.025694	16
-0.462424	-0.258968	0.059605	17
-0.479874	-0.268740	0.120418	18
-0.497324	-0.278513	0.217937	19
-0.514774	-0.288285	0.362756	20
-0.532223	-0.298057	0.564051	21
-0.549673	-0.307830	0.828445	22
-0.567123	-0.317602	1.160031	23
-0.584573	-0.327374	1.557362	24
-0.602023	-0.337147	2.012192	25
-0.619473	-0.346919	2.510270	26
-0.636923	-0.356692	3.032807	27
-0.654373	-0.366464	3.558423	28
-0.671823	-0.376236	4.065180	29
-0.689273	-0.386009	4.532563	30
-0.706723	-0.395781	4.943331	31
-0.724173	-0.405553	5.285138	32
-0.741623	-0.415326	5.551797	33
-0.759073	-0.425098	5.744139	34
-0.776523	-0.434871	5.870507	35
-0.793973	-0.444643	5.947064	36
-0.811423	-0.454415	5.998205	37
-0.828873	-0.464188	6.057442	38
-0.846323	-0.473960	6.169213	39
-0.863773	-0.483732	6.392218	40
46
-0.174609	-0.116669	0.005261	1
-0.191238	-0.127781	0.008763	2
-0.207868	-0.138892	0.013699	3
-0.224497	-0.150003	0.019275	4
-0.241127	-0.161115	0.024998	5
-0.257756	-0.172226	0.030233	6
-0.274386	-0.183337	0.034259	7
-0.291015	-0.194449	0.036369	8
-0.307644	-0.205560	0.036003	9
-0.324274	-0.216671	0.032899	10
-0.340903	-0.227783	0.027275	11
-0.357533	-0.238894	0.020038	12
-0.374162	-0.250005	0.013008	13
-0.390792	-0.261117	0.009126	14
-0.407421	-0.272228	0.012622	15
-0.424050	-0.283339	0.029078	16
-0.440680	-0.294451	0.065350	17
-0.457309	-0.305562	0.129439	18
-0.473939	-0.316674	0.229951	19
-0.490568	-0.327785	0.374942	20
-0.507198	-0.338896	0.571021	21
-0.523827	-0.350008	0.822705	22
-0.540456	-0.361119	1.131649	23
-0.557086	-0.372230	1.495636	24
-0.573715	-0.383342	1.908403	25
-0.590345	-0.394453	2.359924	26
-0.606974	-0.405564	2.837097	27
-0.623604	-0.416676	3.324675	28
-0.640233	-0.427787	3.806346	29
-0.656862	-0.438898	4.265962	30
-0.673492	-0.450010	4.688895	31
-0.690121	-0.461121	5.063497	32
-0.706751	-0.472232	5.382561	33
-0.723380	-0.483344	5.644677	34
-0.740010	-0.494455	5.855402	35
-0.756639	-0.505567	6.028241	36
-0.773268	-0.516678	6.185540	37
-0.789898	-0.527789	6.359506	38
-0.806527	-0.538901	6.593685	39
-0.823157	-0.550012	6.945307	40
47
-0.164917	-0.130009	0.005313	1
-0.180623	-0.142391	0.007287	2
-0.196330	-0.154773	0.011663	3
-0.212036	-0.167155	0.017629	4
-0.227742	-0.179537	0.024360	5
-0.243449	-0.191918	0.030905	6
-0.259155	-0.204300	0.036268	7
-0.274862	-0.216682	0.039517	8
-0.290568	-0.229064	0.039916	9
-0.306274	-0.241446	0.037096	10
-0.321981	-0.253827	0.031264	11
-0.337687	-0.266209	0.023431	12
-0.353394	-0.278591	0.015649	13
-0.369100	-0.290973	0.011200	14
-0.384806	-0.303355	0.014701	15
-0.400513	-0.315737	0.032057	16
-0.416219	-0.328118	0.070254	17
-0.431925	-0.340500	0.137014	18
-0.447632	-0.352882	0.240003	19
-0.463338	-0.365264	0.386073	20
-0.479045	-0.377646	0.580376	21
-0.494751	-0.390028	0.825672	22
-0.510457	-0.402409	1.121991	23
-0.526164	-0.414791	1.466338	24
-0.541870	-0.427173	1.852852	25
-0.557576	-0.439555	2.273228	26
-0.573283	-0.451937	2.717277	27
-0.588989	-0.464319	3.173536	28
-0.604696	-0.476700	3.629915	29
-0.620402	-0.489082	4.074409	30
-0.636108	-0.501464	4.495955	31
-0.651815	-0.513846	4.885466	32
-0.667521	-0.526228	5.237053	33
-0.683227	-0.538610	5.549343	34
-0.698934	-0.550991	5.826809	35
-0.714640	-0.563373	6.081024	36
-0.730347	-0.575755	6.331816	37
-0.746053	-0.588137	6.608369	38
-0.761759	-0.600519	6.950420	39
-0.777466	-0.612901	7.409714	40
48
-0.154208	-0.142548	0.005323	1
-0.168895	-0.156124	0.007345	2
-0.183581	-0.169700	0.011987	3
-0.198268	-0.183276	0.018420	4
-0.212954	-0.196852	0.025755	5
-0.227641	-0.210427	0.032960	6
-0.242327	-0.224003	0.038956	7
-0.257014	-0.237579	0.042724	8
-0.271700	-0.251155	0.043455	9
-0.286387	-0.264731	0.040731	10
-0.301073	-0.278307	0.034749	11
-0.315760	-0.291883	0.026568	12
-0.330446	-0.305459	0.018355	13
-0.345133	-0.319035	0.013574	14
-0.359819	-0.332611	0.017078	15
-0.374506	-0.346187	0.035011	16
-0.389192	-0.359763	0.074547	17
-0.403879	-0.373339	0.143420	18
-0.418565	-0.386915	0.249111	19
-0.433252	-0.400491	0.397950	20
-0.447938	-0.414067	0.594285	21
-0.462625	-0.427643	0.839761	22
-0.477311	-0.441219	1.132996	23
-0.491998	-0.454795	1.469675	24
-0.506684	-0.468371	1.843126	25
-0.521371	-0.481947	2.245108	26
-0.536057	-0.495523	2.666543	27
-0.550744	-0.509099	3.098153	28
-0.565430	-0.522675	3.530951	29
-0.580117	-0.536251	3.956598	30
-0.594803	-0.549827	4.367799	31
-0.609490	-0.563403	4.758843	32
-0.624176	-0.576979	5.126388	33
-0.638863	-0.590555	5.470480	34
-0.653549	-0.604131	5.795727	35
-0.668236	-0.617706	6.112525	36
-0.682922	-0.631282	6.438238	37
-0.697609	-0.644858	6.798251	38
-0.712295	-0.658434	7.226864	39
-0.726981	-0.672010	7.767967	40
49
-0.142549	-0.154207	0.005296	1
-0.156125	-0.168894	0.008938	2
-0.169701	-0.183580	0.014578	3
-0.183277	-0.198266	0.021397	4
-0.196853	-0.212953	0.028746	5
-0.210429	-0.227639	0.035791	6
-0.224005	-0.242326	0.041586	7
-0.237581	-0.257012	0.045198	8
-0.251157	-0.271698	0.045862	9
-0.264733	-0.286385	0.043164	10
-0.278309	-0.301071	0.037274	11
-0.291885	-0.315758	0.029202	12
-0.305461	-0.330444	0.021062	13
-0.319038	-0.345131	0.016306	14
-0.332614	-0.359817	0.019843	15
-0.346190	-0.374503	0.037999	16
-0.359766	-0.389190	0.078266	17
-0.373342	-0.403876	0.148819	18
-0.386918	-0.418563	0.257658	19
-0.400494	-0.433249	0.411534	20
-0.414070	-0.447935	0.614802	21
-0.427646	-0.462622	0.868408	22
-0.441222	-0.477308	1.169404	23
-0.454798	-0.491995	1.511172	24
-0.468374	-0.506681	1.884760	25
-0.481950	-0.521367	2.280411	26
-0.495526	-0.536054	2.688601	27
-0.509102	-0.550740	3.101041	28
-0.522678	-0.565427	3.511167	29
-0.536255	-0.580113	3.914130	30
-0.549831	-0.594799	4.306633	31
-0.563407	-0.609486	4.686873	32
-0.576983	-0.624172	5.054790	33
-0.590559	-0.638859	5.412659	34
-0.604135	-0.653545	5.765974	35
-0.617711	-0.668231	6.124497	36
-0.631287	-0.682918	6.503308	37
-0.644863	-0.697604	6.923706	38
-0.658439	-0.712291	7.413778	39
-0.672015	-0.726977	8.008415	40
50
-0.130010	-0.164916	0.005177	1
-0.142392	-0.180622	0.011401	2
-0.154774	-0.196329	0.018413	3
-0.167156	-0.212035	0.025428	4
-0.179538	-0.227741	0.032231	5
-0.191920	-0.243448	0.038377	6
-0.204302	-0.259154	0.043225	7
-0.216684	-0.274860	0.046076	8
-0.229066	-0.290566	0.046324	9
-0.241448	-0.306273	0.043627	10
-0.253830	-0.321979	0.038129	11
-0.266212	-0.337685	0.030709	12
-0.278593	-0.353392	0.023269	13
-0.290975	-0.369098	0.019025	14
-0.303357	-0.384804	0.022735	15
-0.315739	-0.400511	0.040800	16
-0.328121	-0.416217	0.081157	17
-0.340503	-0.431923	0.152911	18
-0.352885	-0.447629	0.265473	19
-0.365267	-0.463336	0.427226	20
-0.377649	-0.479042	0.643769	21
-0.390031	-0.494748	0.916037	22
-0.402413	-0.510455	1.239216	23
-0.414795	-0.526161	1.602632	24
-0.427177	-0.541867	1.992658	25
-0.439559	-0.557574	2.395636	26
-0.451941	-0.573280	2.799467	27
-0.464322	-0.588986	3.195901	28
-0.476704	-0.604692	3.580897	29
-0.489086	-0.620399	3.953801	30
-0.501468	-0.636105	4.316208	31
-0.513850	-0.651811	4.671063	32
-0.526232	-0.667518	5.022271	33
-0.538614	-0.683224	5.374850	34
-0.550996	-0.698930	5.735539	35
-0.563378	-0.714636	6.113664	36
-0.575760	-0.730343	6.522041	37
-0.588142	-0.746049	6.977674	38
-0.600524	-0.761755	7.501996	39
-0.612906	-0.777462	8.120283	40
51
-0.116670	-0.174608	0.004853	1
-0.127782	-0.191238	0.013569	2
-0.138893	-0.207867	0.021821	3
-0.150005	-0.224496	0.028832	4
-0.161116	-0.241126	0.034778	5
-0.172228	-0.257755	0.039610	6
-0.183339	-0.274384	0.043050	7
-0.194451	-0.291014	0.044712	8
-0.205562	-0.307643	0.044238	9
-0.216674	-0.324272	0.041439	10
-0.227785	-0.340902	0.036478	11
-0.238896	-0.357531	0.030097	12
-0.250008	-0.374160	0.023903	13
-0.261119	-0.390790	0.020705	14
-0.272231	-0.407419	0.024880	15
-0.283342	-0.424049	0.042700	16
-0.294454	-0.440678	0.082516	17
-0.305565	-0.457307	0.154743	18
-0.316677	-0.473937	0.271237	19
-0.327788	-0.490566	0.443831	20
-0.338900	-0.507195	0.681745	21
-0.350011	-0.523825	0.987641	22
-0.361123	-0.540454	1.354378	23
-0.372234	-0.557083	1.765316	24
-0.383345	-0.573713	2.196768	25
-0.394457	-0.590342	2.624947	26
-0.405568	-0.606971	3.032179	27
-0.416680	-0.623601	3.410362	28
-0.427791	-0.640230	3.760036	29
-0.438903	-0.656859	4.087382	30
-0.450014	-0.673489	4.401175	31
-0.461126	-0.690118	4.710642	32
-0.472237	-0.706748	5.024424	33
-0.483349	-0.723377	5.350495	34
-0.494460	-0.740006	5.696707	35
-0.505572	-0.756636	6.071637	36
-0.516683	-0.773265	6.485424	37
-0.527794	-0.789894	6.950286	38
-0.538906	-0.806524	7.480374	39
-0.550017	-0.823153	8.090525	40
52
-0.102611	-0.183224	0.004186	1
-0.112384	-0.200674	0.014168	2
-0.122156	-0.218124	0.023064	3
-0.131929	-0.235573	0.029972	4
-0.141701	-0.253023	0.035164	5
-0.151474	-0.270473	0.038803	6
-0.161246	-0.287923	0.040877	7
-0.171019	-0.305373	0.041284	8
-0.180791	-0.322823	0.039919	9
-0.190563	-0.340273	0.036792	10
-0.200336	-0.357723	0.032157	11
-0.210108	-0.375173	0.026701	12
-0.219881	-0.392622	0.021789	13
-0.229653	-0.410072	0.019800	14
-0.239426	-0.427522	0.024584	15
-0.249198	-0.444972	0.042013	16
-0.258971	-0.462422	0.080578	17
-0.268743	-0.479872	0.151989	18
-0.278516	-0.497322	0.271403	19
-0.288288	-0.514772	0.456567	20
-0.298061	-0.532222	0.724898	21
-0.307833	-0.549671	1.085287	22
-0.317606	-0.567121	1.531860	23
-0.327378	-0.584571	2.036975	24
-0.337151	-0.602021	2.553055	25
-0.346923	-0.619471	3.031244	26
-0.356696	-0.636921	3.444047	27
-0.366468	-0.654371	3.787862	28
-0.376241	-0.671821	4.075342	29
-0.386013	-0.689270	4.326279	30
-0.395786	-0.706720	4.561045	31
-0.405558	-0.724170	4.797180	32
-0.415331	-0.741620	5.048386	33
-0.425103	-0.759070	5.324927	34
-0.434876	-0.776520	5.634675	35
-0.444648	-0.793970	5.984277	36
-0.454421	-0.811420	6.380066	37
-0.464193	-0.828870	6.828401	38
-0.473966	-0.846319	7.335096	39
-0.483738	-0.863769	7.903443	40
53
-0.087919	-0.190710	0.003096	1
-0.096292	-0.208873	0.012416	2
-0.104666	-0.227035	0.021128	3
-0.113039	-0.245198	0.028003	4
-0.121412	-0.263361	0.033022	5
-0.129786	-0.281524	0.036283	6
-0.138159	-0.299687	0.037839	7
-0.146532	-0.317850	0.037691	8
-0.154905	-0.336012	0.035853	9
-0.163279	-0.354175	0.032431	10
-0.171652	-0.372338	0.027741	11
-0.180025	-0.390501	0.022459	12
-0.188398	-0.408664	0.017824	13
-0.196772	-0.426827	0.015940	14
-0.205145	-0.444989	0.020219	15
-0.213518	-0.463152	0.036037	16
-0.221891	-0.481315	0.071680	17
-0.230265	-0.499478	0.139585	18
-0.238638	-0.517641	0.258111	19
-0.247011	-0.535804	0.452999	20
-0.255384	-0.553966	0.756629	21
-0.263758	-0.572129	1.197611	22
-0.272131	-0.590292	1.785764	23
-0.280504	-0.608455	2.482550	24
-0.288877	-0.626618	3.168910	25
-0.297251	-0.644781	3.726795	26
-0.305624	-0.662943	4.121699	27
-0.313997	-0.681106	4.377935	28
-0.322371	-0.699269	4.542304	29
-0.330744	-0.717432	4.661417	30
-0.339117	-0.735595	4.772340	31
-0.347490	-0.753758	4.900972	32
-0.355864	-0.771920	5.063749	33
-0.364237	-0.790083	5.270224	34
-0.372610	-0.808246	5.525441	35
-0.380983	-0.826409	5.831702	36
-0.389357	-0.844572	6.189539	37
-0.397730	-0.862735	6.597767	38
-0.406103	-0.880897	7.052345	39
-0.414476	-0.899060	7.543669	40
54
-0.072685	-0.197020	0.001719	1
-0.079608	-0.215784	0.008637	2
-0.086530	-0.234548	0.016384	3
-0.093453	-0.253311	0.023410	4
-0.100375	-0.272075	0.029260	5
-0.107297	-0.290839	0.033794	6
-0.114220	-0.309603	0.036900	7
-0.121142	-0.328367	0.038423	8
-0.128065	-0.347130	0.038194	9
-0.134987	-0.365894	0.036106	10
-0.141909	-0.384658	0.032223	11
-0.148832	-0.403422	0.026935	12
-0.155754	-0.422186	0.021167	13
-0.162677	-0.440949	0.016684	14
-0.169599	-0.459713	0.016534	15
-0.176521	-0.478477	0.025731	16
-0.183444	-0.497241	0.052331	17
-0.190366	-0.516005	0.109085	18
-0.197289	-0.534768	0.216303	19
-0.204211	-0.553532	0.406844	20
-0.211134	-0.572296	0.732958	21
-0.218056	-0.591060	1.266493	22
-0.224978	-0.609824	2.089769	23
-0.231901	-0.628587	3.217427	24
-0.238823	-0.647351	4.265980	25
-0.245746	-0.666115	4.885733	26
-0.252668	-0.684879	5.135928	27
-0.259590	-0.703643	5.163686	28
-0.266513	-0.722406	5.092986	29
-0.273435	-0.741170	5.005636	30
-0.280358	-0.759934	4.948939	31
-0.287280	-0.778698	4.947121	32
-0.294202	-0.797462	5.010405	33
-0.301125	-0.816225	5.140992	34
-0.308047	-0.834989	5.336566	35
-0.314970	-0.853753	5.592051	36
-0.321892	-0.872517	5.900043	37
-0.328814	-0.891281	6.250086	38
-0.335737	-0.910044	6.626680	39
-0.342659	-0.928808	7.005741	40
55
-0.057003	-0.202115	0.000526	1
-0.062432	-0.221364	0.004356	2
-0.067861	-0.240614	0.010506	3
-0.073290	-0.259863	0.017864	4
-0.078719	-0.279112	0.025931	5
-0.084148	-0.298361	0.034372	6
-0.089577	-0.317610	0.042790	7
-0.095005	-0.336859	0.050683	8
-0.100434	-0.356108	0.057452	9
-0.105863	-0.375357	0.062445	10
-0.111292	-0.394606	0.065010	11
-0.116721	-0.413855	0.064605	12
-0.122150	-0.433104	0.060977	13
-0.127579	-0.452353	0.054474	14
-0.133008	-0.471603	0.046550	15
-0.138436	-0.490852	0.040586	16
-0.143865	-0.510101	0.043224	17
-0.149294	-0.529350	0.066556	18
-0.154723	-0.548599	0.131797	19
-0.160152	-0.567848	0.276059	20
-0.165581	-0.587097	0.566662	21
-0.171010	-0.606346	1.128045	22
-0.176439	-0.625595	2.215093	23
-0.181868	-0.644844	4.496436	24
-0.187296	-0.664093	6.294028	25
-0.192725	-0.683342	6.529381	26
-0.198154	-0.702592	6.226261	27
-0.203583	-0.721841	5.799387	28
-0.209012	-0.741090	5.405793	29
-0.214441	-0.760339	5.101869	30
-0.219870	-0.779588	4.902626	31
-0.225299	-0.798837	4.806204	32
-0.230727	-0.818086	4.804322	33
-0.236156	-0.837335	4.886435	34
-0.241585	-0.856584	5.040949	35
-0.247014	-0.875833	5.254974	36
-0.252443	-0.895082	5.513137	37
-0.257872	-0.914332	5.795552	38
-0.263301	-0.933581	6.074780	39
-0.268730	-0.952830	6.311650	40
56
-0.040970	-0.205965	0.000048	1
-0.044872	-0.225580	0.001217	2
-0.048774	-0.245196	0.005357	3
-0.052675	-0.264812	0.013496	4
-0.056577	-0.284428	0.025819	5
-0.060479	-0.304043	0.041946	6
-0.064381	-0.323659	0.061265	7
-0.068283	-0.343275	0.083078	8
-0.072185	-0.362890	0.106603	9
-0.076087	-0.382506	0.130920	10
-0.079989	-0.402122	0.154892	11
-0.083890	-0.421737	0.177086	12
-0.087792	-0.441353	0.195716	13
-0.091694	-0.460969	0.208643	14
-0.095596	-0.480584	0.213484	15
-0.099498	-0.500200	0.207991	16
-0.103400	-0.519816	0.190905	17
-0.107302	-0.539431	0.163789	18
-0.111204	-0.559047	0.134796	19
-0.115105	-0.578663	0.126759	20
-0.119007	-0.598279	0.197427	21
-0.122909	-0.617894	0.501058	22
-0.126811	-0.637510	1.500022	23
-0.130713	-0.657126	7.189640	24
-0.134615	-0.676741	8.561078	25
-0.138517	-0.696357	6.860395	26
-0.142419	-0.715973	5.974956	27
-0.146321	-0.735588	5.363075	28
-0.150222	-0.755204	4.930487	29
-0.154124	-0.774820	4.641748	30
-0.158026	-0.794435	4.472684	31
-0.161928	-0.814051	4.404445	32
-0.165830	-0.833667	4.421750	33
-0.169732	-0.853283	4.511194	34
-0.173634	-0.872898	4.659398	35
-0.177536	-0.892514	4.850972	36
-0.181437	-0.912130	5.066205	37
-0.185339	-0.931745	5.278251	38
-0.189241	-0.951361	5.449704	39
-0.193143	-0.970977	5.528729	40
57
-0.081103	-0.685217	17.019841	25
-0.083454	-0.705078	9.677989	26
-0.085805	-0.724940	6.601846	27
-0.088156	-0.744801	5.212543	28
-0.090507	-0.764662	4.539438	29
-0.092858	-0.784524	4.206227	30
-0.095208	-0.804385	4.056905	31
-0.097559	-0.824246	4.021520	32
-0.099910	-0.844108	4.065081	33
-0.102261	-0.863969	4.166694	34
-0.104612	-0.883831	4.309816	35
-0.106963	-0.903692	4.476631	36
-0.109313	-0.923553	4.644015	37
-0.111664	-0.943415	4.780054	38
-0.114015	-0.963276	4.840838	39
-0.116366	-0.983137	4.768227	40
58
-0.027092	-0.689468	20.060978	25
-0.027877	-0.709453	12.239113	26
-0.028663	-0.729437	8.323823	27
-0.029448	-0.749422	6.252046	28
-0.030233	-0.769406	5.115602	29
-0.031018	-0.789391	4.495218	30
-0.031804	-0.809375	4.172790	31
-0.032589	-0.829360	4.031418	32
-0.033374	-0.849345	4.004315	33
-0.034159	-0.869329	4.050325	34
-0.034945	-0.889314	4.140315	35
-0.035730	-0.909298	4.248044	36
-0.036515	-0.929283	4.344145	37
-0.037301	-0.949267	4.392100	38
-0.038086	-0.969252	4.345657	39
-0.038871	-0.989237	4.148991	40
59
0.027087	-0.689468	13.657381	25
0.027872	-0.709453	9.742858	26
0.028657	-0.729437	7.772412	27
0.029442	-0.749422	6.532217	28
0.030227	-0.769406	5.666897	29
0.031012	-0.789391	5.065761	30
0.031797	-0.809376	4.664317	31
0.032582	-0.829360	4.415420	32
0.033367	-0.849345	4.278938	33
0.034153	-0.869329	4.221026	34
0.034938	-0.889314	4.213026	35
0.035723	-0.909299	4.225608	36
0.036508	-0.929283	4.225838	37
0.037293	-0.949268	4.176214	38
0.038078	-0.969252	4.033863	39
0.038863	-0.989237	3.753218	40
60
0.024682	-0.208544	0.000013	1
0.027033	-0.228406	0.000723	2
0.029383	-0.248267	0.003628	3
0.031734	-0.268129	0.009870	4
0.034085	-0.287990	0.020109	5
0.036435	-0.307851	0.034682	6
0.038786	-0.327713	0.053814	7
0.041137	-0.347574	0.077701	8
0.043487	-0.367436	0.106510	9
0.045838	-0.387297	0.140354	10
0.048189	-0.407158	0.179241	11
0.050539	-0.427020	0.223021	12
0.052890	-0.446881	0.271301	13
0.055241	-0.466742	0.323323	14
0.057591	-0.486604	0.377723	15
0.059942	-0.506465	0.432093	16
0.062293	-0.526327	0.482167	17
0.064643	-0.546188	0.520463	18
0.066994	-0.566049	0.534516	19
0.069345	-0.585911	0.506830	20
0.071695	-0.605772	0.427461	21
0.074046	-0.625633	0.364840	22
0.076397	-0.645495	0.768528	23
0.078747	-0.665356	4.897956	24
0.081098	-0.685218	7.285988	25
0.083449	-0.705079	7.283769	26
0.085799	-0.724940	7.079976	27
0.088150	-0.744802	6.677633	28
0.090501	-0.764663	6.199901	29
0.092851	-0.784524	5.739053	30
0.095202	-0.804386	5.343008	31
0.097553	-0.824247	5.029003	32
0.099903	-0.844109	4.794090	33
0.102254	-0.863970	4.624669	34
0.104605	-0.883831	4.502511	35
0.106955	-0.903693	4.403244	36
0.109306	-0.923554	4.297272	37
0.111657	-0.943415	4.152056	38
0.114007	-0.963277	3.933835	39
0.116358	-0.983138	3.612097	40
61
0.040968	-0.205965	0.000344	1
0.044870	-0.225581	0.002915	2
0.048772	-0.245197	0.007534	3
0.052673	-0.264812	0.013937	4
0.056575	-0.284428	0.022127	5
0.060477	-0.304044	0.032120	6
0.064378	-0.323659	0.043816	7
0.068280	-0.343275	0.056951	8
0.072182	-0.362891	0.071079	9
0.076084	-0.382507	0.085543	10
0.079985	-0.402122	0.099444	11
0.083887	-0.421738	0.111616	12
0.087789	-0.441354	0.120633	13
0.091691	-0.460969	0.124874	14
0.095592	-0.480585	0.122754	15
0.099494	-0.500201	0.113293	16
0.103396	-0.519817	0.097367	17
0.107297	-0.539432	0.080228	18
0.111199	-0.559048	0.076238	19
0.115101	-0.578664	0.116878	20
0.119003	-0.598280	0.262534	21
0.122904	-0.617895	0.620948	22
0.126806	-0.637511	1.390657	23
0.130708	-0.657127	3.091726	24
0.134610	-0.676742	4.892599	25
0.138511	-0.696358	5.874200	26
0.142413	-0.715974	6.338150	27
0.146315	-0.735590	6.461652	28
0.150216	-0.755205	6.367726	29
0.154118	-0.774821	6.151222	30
0.158020	-0.794437	5.881648	31
0.161922	-0.814052	5.604817	32
0.165823	-0.833668	5.346044	33
0.169725	-0.853284	5.114767	34
0.173627	-0.872900	4.908833	35
0.177528	-0.892515	4.716937	36
0.181430	-0.912131	4.521394	37
0.185332	-0.931747	4.301622	38
0.189234	-0.951363	4.038179	39
0.193135	-0.970978	3.718337	40
62
0.057002	-0.202116	0.001073	1
0.062430	-0.221365	0.005478	2
0.067859	-0.240614	0.010986	3
0.073288	-0.259863	0.016933	4
0.078717	-0.279112	0.023120	5
0.084145	-0.298361	0.029405	6
0.089574	-0.317611	0.035550	7
0.095003	-0.336860	0.041172	8
0.100431	-0.356109	0.045757	9
0.105860	-0.375358	0.048685	10
0.111289	-0.394607	0.049301	11
0.116718	-0.413856	0.047032	12
0.122146	-0.433105	0.041582	13
0.127575	-0.452354	0.033248	14
0.133004	-0.471604	0.023412	15
0.138433	-0.490853	0.015283	16
0.143861	-0.510102	0.014941	17
0.149290	-0.529351	0.032784	18
0.154719	-0.548600	0.085435	19
0.160147	-0.567849	0.198234	20
0.165576	-0.587098	0.411134	21
0.171005	-0.606348	0.788898	22
0.176434	-0.625597	1.421496	23
0.181862	-0.644846	2.395338	24
0.187291	-0.664095	3.521647	25
0.192720	-0.683344	4.506726	26
0.198149	-0.702593	5.249718	27
0.203577	-0.721842	5.739798	28
0.209006	-0.741091	6.005459	29
0.214435	-0.760341	6.091721	30
0.219863	-0.779590	6.047269	31
0.225292	-0.798839	5.916324	32
0.230721	-0.818088	5.734035	33
0.236150	-0.837337	5.524779	34
0.241578	-0.856586	5.302480	35
0.247007	-0.875835	5.072146	36
0.252436	-0.895084	4.832549	37
0.257865	-0.914334	4.580013	38
0.263293	-0.933583	4.313243	39
0.268722	-0.952832	4.039374	40
63
0.072684	-0.197020	0.001828	1
0.079606	-0.215784	0.007314	2
0.086528	-0.234548	0.012909	3
0.093451	-0.253312	0.018073	4
0.100373	-0.272076	0.022741	5
0.107295	-0.290840	0.026793	6
0.114217	-0.309604	0.029990	7
0.121140	-0.328367	0.031996	8
0.128062	-0.347131	0.032420	9
0.134984	-0.365895	0.030902	10
0.141906	-0.384659	0.027222	11
0.148829	-0.403423	0.021453	12
0.155751	-0.422187	0.014187	13
0.162673	-0.440951	0.006805	14
0.169595	-0.459714	0.001854	15
0.176518	-0.478478	0.003520	16
0.183440	-0.497242	0.018276	17
0.190362	-0.516006	0.055825	18
0.197284	-0.534770	0.130133	19
0.204207	-0.553534	0.262140	20
0.211129	-0.572298	0.482671	21
0.218051	-0.591061	0.831248	22
0.224973	-0.609825	1.342655	23
0.231896	-0.628589	2.030387	24
0.238818	-0.647353	2.834620	25
0.245740	-0.666117	3.649216	26
0.252663	-0.684881	4.387834	27
0.259585	-0.703645	4.997030	28
0.266507	-0.722408	5.452745	29
0.273429	-0.741172	5.753320	30
0.280352	-0.759936	5.912349	31
0.287274	-0.778700	5.952059	32
0.294196	-0.797464	5.897697	33
0.301118	-0.816228	5.773368	34
0.308041	-0.834992	5.599621	35
0.314963	-0.853755	5.392804	36
0.321885	-0.872519	5.166196	37
0.328807	-0.891283	4.932773	38
0.335730	-0.910047	4.709519	39
0.342652	-0.928811	4.523339	40
64
0.087918	-0.190710	0.002323	1
0.096291	-0.208873	0.007658	2
0.104664	-0.227036	0.012783	3
0.113037	-0.245199	0.017353	4
0.121410	-0.263362	0.021435	5
0.129783	-0.281525	0.024932	6
0.138156	-0.299688	0.027590	7
0.146530	-0.317851	0.029057	8
0.154903	-0.336014	0.028961	9
0.163276	-0.354177	0.027006	10
0.171649	-0.372339	0.023094	11
0.180022	-0.390502	0.017486	12
0.188395	-0.408665	0.011021	13
0.196768	-0.426828	0.005372	14
0.205141	-0.444991	0.003398	15
0.213514	-0.463154	0.009576	16
0.221888	-0.481317	0.030586	17
0.230261	-0.499480	0.075974	18
0.238634	-0.517643	0.159134	19
0.247007	-0.535806	0.298289	20
0.255380	-0.553968	0.516117	21
0.263753	-0.572131	0.833432	22
0.272126	-0.590294	1.265504	23
0.280499	-0.608457	1.813169	24
0.288872	-0.626620	2.449637	25
0.297246	-0.644783	3.127315	26
0.305619	-0.662946	3.794381	27
0.313992	-0.681109	4.405580	28
0.322365	-0.699272	4.927257	29
0.330738	-0.717435	5.338844	30
0.339111	-0.735597	5.632279	31
0.347484	-0.753760	5.810132	32
0.355857	-0.771923	5.882993	33
0.364231	-0.790086	5.866699	34
0.372604	-0.808249	5.780035	35
0.380977	-0.826412	5.643391	36
0.389350	-0.844575	5.478771	37
0.397723	-0.862738	5.311353	38
0.406096	-0.880901	5.172723	39
0.414469	-0.899064	5.106129	40
65
0.102610	-0.183225	0.002520	1
0.112382	-0.200675	0.006647	2
0.122154	-0.218125	0.011038	3
0.131927	-0.235575	0.015450	4
0.141699	-0.253024	0.019892	5
0.151471	-0.270474	0.024164	6
0.161244	-0.287924	0.027875	7
0.171016	-0.305374	0.030522	8
0.180788	-0.322824	0.031570	9
0.190561	-0.340274	0.030564	10
0.200333	-0.357724	0.027277	11
0.210105	-0.375174	0.021913	12
0.219878	-0.392624	0.015365	13
0.229650	-0.410074	0.009535	14
0.239423	-0.427524	0.007710	15
0.249195	-0.444974	0.014995	16
0.258967	-0.462424	0.038733	17
0.268740	-0.479874	0.088780	18
0.278512	-0.497324	0.177878	19
0.288284	-0.514774	0.321240	20
0.298057	-0.532224	0.534208	21
0.307829	-0.549674	0.828247	22
0.317601	-0.567124	1.210993	23
0.327374	-0.584574	1.679865	24
0.337146	-0.602024	2.219224	25
0.346918	-0.619474	2.802813	26
0.356691	-0.636924	3.398790	27
0.366463	-0.654374	3.974745	28
0.376235	-0.671824	4.501534	29
0.386008	-0.689274	4.955874	30
0.395780	-0.706724	5.321918	31
0.405552	-0.724173	5.591927	32
0.415325	-0.741623	5.766162	33
0.425097	-0.759073	5.852198	34
0.434869	-0.776523	5.863998	35
0.444642	-0.793973	5.821194	36
0.454414	-0.811423	5.748982	37
0.464187	-0.828873	5.679048	38
0.473959	-0.846323	5.651899	39
0.483731	-0.863773	5.721151	40
66
0.116669	-0.174609	0.002529	1
0.127780	-0.191239	0.005123	2
0.138892	-0.207868	0.008852	3
0.150003	-0.224497	0.013495	4
0.161114	-0.241127	0.018860	5
0.172226	-0.257756	0.024532	6
0.183337	-0.274386	0.029904	7
0.194448	-0.291015	0.034235	8
0.205560	-0.307645	0.036737	9
0.216671	-0.324274	0.036716	10
0.227782	-0.340904	0.033759	11
0.238894	-0.357533	0.028002	12
0.250005	-0.374162	0.020452	13
0.261116	-0.390792	0.013365	14
0.272228	-0.407421	0.010633	15
0.283339	-0.424051	0.018113	16
0.294450	-0.440680	0.043802	17
0.305562	-0.457310	0.097783	18
0.316673	-0.473939	0.191906	19
0.327784	-0.490569	0.338477	20
0.338896	-0.507198	0.547918	21
0.350007	-0.523827	0.827942	22
0.361118	-0.540457	1.181309	23
0.372230	-0.557086	1.603887	24
0.383341	-0.573716	2.084273	25
0.394452	-0.590345	2.604880	26
0.405564	-0.606975	3.144103	27
0.416675	-0.623604	3.678741	28
0.427786	-0.640234	4.186214	29
0.438898	-0.656863	4.646441	30
0.450009	-0.673492	5.043426	31
0.461120	-0.690122	5.366539	32
0.472232	-0.706751	5.611459	33
0.483343	-0.723381	5.780763	34
0.494454	-0.740010	5.884222	35
0.505566	-0.756640	5.938989	36
0.516677	-0.773269	5.969927	37
0.527788	-0.789898	6.010454	38
0.538900	-0.806528	6.104297	39
0.550011	-0.823157	6.308734	40
67
0.130009	-0.164917	0.002492	1
0.142391	-0.180624	0.004081	2
0.154773	-0.196330	0.007516	3
0.167154	-0.212036	0.012577	4
0.179536	-0.227743	0.018887	5
0.191918	-0.243449	0.025843	6
0.204300	-0.259156	0.032645	7
0.216682	-0.274862	0.038345	8
0.229063	-0.290568	0.041941	9
0.241445	-0.306275	0.042541	10
0.253827	-0.321981	0.039596	11
0.266209	-0.337687	0.033218	12
0.278591	-0.353394	0.024563	13
0.290972	-0.369100	0.016238	14
0.303354	-0.384807	0.012677	15
0.315736	-0.400513	0.020369	16
0.328118	-0.416219	0.047811	17
0.340500	-0.431926	0.105221	18
0.352882	-0.447632	0.203679	19
0.365263	-0.463339	0.353690	20
0.377645	-0.479045	0.563582	21
0.390027	-0.494751	0.838022	22
0.402409	-0.510458	1.176907	23
0.414791	-0.526164	1.574748	24
0.427172	-0.541871	2.021028	25
0.439554	-0.557577	2.501336	26
0.451936	-0.573283	2.998924	27
0.464318	-0.588990	3.496263	28
0.476700	-0.604696	3.976348	29
0.489081	-0.620403	4.423781	30
0.501463	-0.636109	4.825757	31
0.513845	-0.651815	5.173044	32
0.526227	-0.667522	5.460998	33
0.538609	-0.683228	5.690560	34
0.550990	-0.698935	5.869163	35
0.563372	-0.714641	6.011559	36
0.575754	-0.730347	6.140607	37
0.588136	-0.746054	6.288238	38
0.600518	-0.761760	6.496847	39
0.612899	-0.777467	6.821500	40
68
0.142547	-0.154208	0.002498	1
0.156123	-0.168895	0.004146	2
0.169699	-0.183581	0.007793	3
0.183275	-0.198268	0.013228	4
0.196851	-0.212954	0.020055	5
0.210427	-0.227641	0.027631	6
0.224003	-0.242327	0.035094	7
0.237579	-0.257014	0.041418	8
0.251155	-0.271700	0.045513	9
0.264731	-0.286387	0.046395	10
0.278307	-0.301074	0.043450	11
0.291883	-0.315760	0.036774	12
0.305459	-0.330447	0.027588	13
0.319035	-0.345133	0.018683	14
0.332611	-0.359820	0.014792	15
0.346187	-0.374506	0.022800	16
0.359763	-0.389193	0.051632	17
0.373339	-0.403879	0.111792	18
0.386914	-0.418566	0.214366	19
0.400490	-0.433252	0.369444	20
0.414066	-0.447939	0.584390	21
0.427642	-0.462625	0.862249	22
0.441218	-0.477312	1.200691	23
0.454794	-0.491998	1.592024	24
0.468370	-0.506685	2.024257	25
0.481946	-0.521371	2.482788	26
0.495522	-0.536058	2.952343	27
0.509098	-0.550744	3.418552	28
0.522674	-0.565431	3.868820	29
0.536250	-0.580117	4.292682	30
0.549826	-0.594804	4.682017	31
0.563402	-0.609490	5.031319	32
0.576978	-0.624177	5.338278	33
0.590554	-0.638863	5.604633	34
0.604130	-0.653550	5.837207	35
0.617706	-0.668236	6.049004	36
0.631282	-0.682923	6.260275	37
0.644857	-0.697609	6.499564	38
0.658433	-0.712296	6.804804	39
0.672009	-0.726982	7.224537	40
69
0.154207	-0.142549	0.002548	1
0.168893	-0.156125	0.005296	2
0.183580	-0.169701	0.009557	3
0.198266	-0.183277	0.015154	4
0.212953	-0.196853	0.021856	5
0.227639	-0.210429	0.029157	6
0.242325	-0.224005	0.036307	7
0.257012	-0.237581	0.042369	8
0.271698	-0.251158	0.046324	9
0.286385	-0.264734	0.047235	10
0.301071	-0.278310	0.044493	11
0.315757	-0.291886	0.038156	12
0.330444	-0.305462	0.029373	13
0.345130	-0.319038	0.020854	14
0.359816	-0.332614	0.017305	15
0.374503	-0.346190	0.025725	16
0.389189	-0.359766	0.055399	17
0.403876	-0.373342	0.117496	18
0.418562	-0.386918	0.224074	19
0.433248	-0.400494	0.386350	20
0.447935	-0.414071	0.612449	21
0.462621	-0.427647	0.905012	22
0.477308	-0.441223	1.259404	23
0.491994	-0.454799	1.664144	24
0.506680	-0.468375	2.102958	25
0.521367	-0.481951	2.557570	26
0.536053	-0.495527	3.011219	27
0.550740	-0.509103	3.451043	28
0.565426	-0.522679	3.868495	29
0.580112	-0.536255	4.258664	30
0.594799	-0.549831	4.619423	31
0.609485	-0.563407	4.950606	32
0.624171	-0.576984	5.253913	33
0.638858	-0.590560	5.533390	34
0.653544	-0.604136	5.796364	35
0.668231	-0.617712	6.054606	36
0.682917	-0.631288	6.325499	37
0.697603	-0.644864	6.633078	38
0.712290	-0.658440	7.008796	39
0.726976	-0.672016	7.491879	40
70
0.164916	-0.130011	0.002550	1
0.180622	-0.142392	0.006857	2
0.196328	-0.154774	0.011838	3
0.212035	-0.167156	0.017332	4
0.227741	-0.179538	0.023341	5
0.243447	-0.191920	0.029593	6
0.259154	-0.204302	0.035566	7
0.274860	-0.216684	0.040553	8
0.290566	-0.229066	0.043755	9
0.306272	-0.241448	0.044418	10
0.321979	-0.253830	0.042034	11
0.337685	-0.266212	0.036639	12
0.353391	-0.278594	0.029201	13
0.369098	-0.290976	0.022104	14
0.384804	-0.303358	0.019672	15
0.400510	-0.315740	0.028659	16
0.416216	-0.328122	0.058541	17
0.431923	-0.340504	0.121485	18
0.447629	-0.352886	0.231638	19
0.463335	-0.365268	0.403370	20
0.479042	-0.377650	0.648240	21
0.494748	-0.390032	0.970788	22
0.510454	-0.402413	1.364046	23
0.526160	-0.414795	1.810153	24
0.541867	-0.427177	2.283198	25
0.557573	-0.439559	2.754854	26
0.573279	-0.451941	3.203135	27
0.588985	-0.464323	3.616181	28
0.604692	-0.476705	3.991216	29
0.620398	-0.489087	4.331457	30
0.636104	-0.501469	4.643133	31
0.651811	-0.513851	4.933232	32
0.667517	-0.526233	5.208670	33
0.683223	-0.538615	5.476505	34
0.698929	-0.550997	5.744871	35
0.714636	-0.563379	6.024233	36
0.730342	-0.575761	6.328632	37
0.746048	-0.588143	6.676637	38
0.761755	-0.600525	7.091737	39
0.777461	-0.612907	7.601836	40
71
0.174608	-0.116671	0.002356	1
0.191237	-0.127782	0.007802	2
0.207867	-0.138894	0.013256	3
0.224496	-0.150005	0.018469	4
0.241125	-0.161117	0.023559	5
0.257755	-0.172228	0.028434	6
0.274384	-0.183339	0.032803	7
0.291013	-0.194451	0.036230	8
0.307643	-0.205562	0.038204	9
0.324272	-0.216674	0.038244	10
0.340901	-0.227785	0.036044	11
0.357531	-0.238897	0.031696	12
0.374160	-0.250008	0.026013	13
0.390789	-0.261120	0.020963	14
0.407419	-0.272231	0.020244	15
0.424048	-0.283343	0.029982	16
0.440677	-0.294454	0.059458	17
0.457307	-0.305566	0.121742	18
0.473936	-0.316677	0.233922	19
0.490565	-0.327789	0.416081	20
0.507195	-0.338900	0.688011	21
0.523824	-0.350012	1.061014	22
0.540454	-0.361123	1.529953	23
0.557083	-0.372235	2.066027	24
0.573712	-0.383346	2.618773	25
0.590342	-0.394458	3.134825	26
0.606971	-0.405569	3.582236	27
0.623600	-0.416681	3.954091	28
0.640230	-0.427792	4.260756	29
0.656859	-0.438904	4.520349	30
0.673488	-0.450015	4.751841	31
0.690118	-0.461127	4.971458	32
0.706747	-0.472238	5.191759	33
0.723376	-0.483350	5.422314	34
0.740006	-0.494461	5.671155	35
0.756635	-0.505573	5.946397	36
0.773264	-0.516684	6.257616	37
0.789894	-0.527796	6.616660	38
0.806523	-0.538907	7.037543	39
0.823152	-0.550018	7.534957	40
72
0.183224	-0.102611	0.001849	1
0.200674	-0.112384	0.007302	2
0.218123	-0.122156	0.012746	3
0.235573	-0.131929	0.017687	4
0.253023	-0.141701	0.022121	5
0.270473	-0.151474	0.025986	6
0.287923	-0.161246	0.029113	7
0.305373	-0.171019	0.031240	8
0.322823	-0.180791	0.032067	9
0.340273	-0.190564	0.031329	10
0.357722	-0.200336	0.028909	11
0.375172	-0.210109	0.025008	12
0.392622	-0.219881	0.020382	13
0.410072	-0.229654	0.016707	14
0.427522	-0.239426	0.017101	15
0.444972	-0.249199	0.026893	16
0.462422	-0.258972	0.054712	17
0.479871	-0.268744	0.113853	18
0.497321	-0.278517	0.224111	19
0.514771	-0.288289	0.413263	20
0.532221	-0.298062	0.716368	21
0.549671	-0.307834	1.164782	22
0.567121	-0.317607	1.770716	23
0.584571	-0.327379	2.494995	24
0.602021	-0.337152	3.215386	25
0.619470	-0.346924	3.807766	26
0.636920	-0.356697	4.232577	27
0.654370	-0.366469	4.511328	28
0.671820	-0.376242	4.689678	29
0.689270	-0.386014	4.813820	30
0.706720	-0.395787	4.920476	31
0.724170	-0.405559	5.035007	32
0.741620	-0.415332	5.173183	33
0.759069	-0.425104	5.344059	34
0.776519	-0.434877	5.552764	35
0.793969	-0.444649	5.802734	36
0.811419	-0.454422	6.097155	37
0.828869	-0.464194	6.439436	38
0.846319	-0.473967	6.832425	39
0.863769	-0.483739	7.275881	40
73
0.190710	-0.087919	0.001073	1
0.208872	-0.096293	0.005312	2
0.227035	-0.104666	0.010231	3
0.245198	-0.113039	0.015068	4
0.263361	-0.121413	0.019589	5
0.281524	-0.129786	0.023656	6
0.299687	-0.138159	0.027081	7
0.317849	-0.146532	0.029598	8
0.336012	-0.154906	0.030888	9
0.354175	-0.163279	0.030642	10
0.372338	-0.171652	0.028661	11
0.390501	-0.180026	0.025005	12
0.408663	-0.188399	0.020210	13
0.426826	-0.196772	0.015618	14
0.444989	-0.205145	0.013860	15
0.463152	-0.213519	0.019604	16
0.481315	-0.221892	0.040739	17
0.499478	-0.230265	0.090227	18
0.517640	-0.238639	0.189064	19
0.535803	-0.247012	0.371472	20
0.553966	-0.255385	0.692114	21
0.572129	-0.263758	1.226465	22
0.590292	-0.272132	2.060493	23
0.608455	-0.280505	3.211437	24
0.626617	-0.288878	4.293953	25
0.644780	-0.297252	4.947477	26
0.662943	-0.305625	5.224420	27
0.681106	-0.313998	5.270041	28
0.699269	-0.322371	5.208821	29
0.717431	-0.330745	5.123517	30
0.735594	-0.339118	5.061981	31
0.753757	-0.347491	5.048421	32
0.771920	-0.355865	5.092670	33
0.790083	-0.364238	5.196515	34
0.808246	-0.372611	5.357645	35
0.826408	-0.380984	5.571844	36
0.844571	-0.389358	5.833857	37
0.862734	-0.397731	6.137019	38
0.880897	-0.406104	6.471484	39
0.899060	-0.414478	6.820683	40
74
0.197020	-0.072686	0.000339	1
0.215784	-0.079608	0.002752	2
0.234547	-0.086530	0.006704	3
0.253311	-0.093453	0.011646	4
0.272075	-0.100375	0.017376	5
0.290839	-0.107298	0.023744	6
0.309603	-0.114220	0.030509	7
0.328366	-0.121143	0.037300	8
0.347130	-0.128065	0.043614	9
0.365894	-0.134987	0.048835	10
0.384658	-0.141910	0.052279	11
0.403422	-0.148832	0.053285	12
0.422185	-0.155755	0.051391	13
0.440949	-0.162677	0.046630	14
0.459713	-0.169600	0.040039	15
0.478477	-0.176522	0.034492	16
0.497240	-0.183445	0.036065	17
0.516004	-0.190367	0.056315	18
0.534768	-0.197289	0.116132	19
0.553532	-0.204212	0.252767	20
0.572296	-0.211134	0.534547	21
0.591059	-0.218057	1.089172	22
0.609823	-0.224979	2.176078	23
0.628587	-0.231902	4.470323	24
0.647351	-0.238824	6.307424	25
0.666115	-0.245746	6.580038	26
0.684878	-0.252669	6.300743	27
0.703642	-0.259591	5.886365	28
0.722406	-0.266514	5.497496	29
0.741170	-0.273436	5.192839	30
0.759934	-0.280359	4.988404	31
0.778697	-0.287281	4.882421	32
0.797461	-0.294203	4.866229	33
0.816225	-0.301126	4.928852	34
0.834989	-0.308048	5.058621	35
0.853753	-0.314971	5.243305	36
0.872516	-0.321893	5.469289	37
0.891280	-0.328816	5.719804	38
0.910044	-0.335738	5.972020	39
0.928808	-0.342661	6.192716	40
75
0.202115	-0.057004	0.000031	1
0.221364	-0.062432	0.000783	2
0.240613	-0.067861	0.003463	3
0.259863	-0.073290	0.008863	4
0.279112	-0.078719	0.017332	5
0.298361	-0.084148	0.028907	6
0.317610	-0.089577	0.043462	7
0.336859	-0.095006	0.060756	8
0.356108	-0.100435	0.080406	9
0.375357	-0.105864	0.101819	10
0.394606	-0.111293	0.124112	11
0.413855	-0.116721	0.146027	12
0.433104	-0.122150	0.165865	13
0.452353	-0.127579	0.181464	14
0.471602	-0.133008	0.190288	15
0.490851	-0.138437	0.189765	16
0.510101	-0.143866	0.178108	17
0.529350	-0.149295	0.156089	18
0.548599	-0.154724	0.130756	19
0.567848	-0.160153	0.123487	20
0.587097	-0.165582	0.190207	21
0.606346	-0.171011	0.482786	22
0.625595	-0.176439	1.460446	23
0.644844	-0.181868	7.128151	24
0.664093	-0.187297	8.579334	25
0.683342	-0.192726	6.922524	26
0.702591	-0.198155	6.049452	27
0.721840	-0.203584	5.440049	28
0.741089	-0.209013	5.005956	29
0.760339	-0.214442	4.713515	30
0.779588	-0.219871	4.538839	31
0.798837	-0.225300	4.462732	32
0.818086	-0.230729	4.469348	33
0.837335	-0.236157	4.544804	34
0.856584	-0.241586	4.675606	35
0.875833	-0.247015	4.846899	36
0.895082	-0.252444	5.040421	37
0.914331	-0.257873	5.231880	38
0.933580	-0.263302	5.387559	39
0.952829	-0.268731	5.460197	40
76
0.676741	-0.134616	16.951836	25
0.696357	-0.138518	9.682475	26
0.715973	-0.142420	6.638303	27
0.735588	-0.146322	5.261194	28
0.755204	-0.150223	4.591493	29
0.774820	-0.154125	4.257547	30
0.794435	-0.158027	4.105113	31
0.814051	-0.161929	4.064626	32
0.833667	-0.165831	4.100987	33
0.853282	-0.169733	4.193112	34
0.872898	-0.173635	4.324506	35
0.892514	-0.177537	4.477899	36
0.912129	-0.181439	4.631405	37
0.931745	-0.185341	4.755168	38
0.951361	-0.189243	4.808117	39
0.970976	-0.193144	4.735395	40
77
0.685217	-0.081104	20.051170	25
0.705078	-0.083455	12.227017	26
0.724940	-0.085806	8.322398	27
0.744801	-0.088157	6.262302	28
0.764662	-0.090508	5.134693	29
0.784524	-0.092859	4.519448	30
0.804385	-0.095209	4.199234	31
0.824246	-0.097560	4.057425	32
0.844108	-0.099911	4.027542	33
0.863969	-0.102262	4.068608	34
0.883830	-0.104613	4.151805	35
0.903692	-0.106964	4.251629	36
0.923553	-0.109315	4.339850	37
0.943414	-0.111665	4.381583	38
0.963276	-0.114016	4.332636	39
0.983137	-0.116367	4.139288	40
78
0.689468	-0.027093	13.680179	25
0.709452	-0.027878	9.739419	26
0.729437	-0.028664	7.762307	27
0.749422	-0.029449	6.524648	28
0.769406	-0.030234	5.665107	29
0.789391	-0.031019	5.069372	30
0.809375	-0.031805	4.672149	31
0.829360	-0.032590	4.425617	32
0.849345	-0.033375	4.289887	33
0.869329	-0.034161	4.230907	34
0.889314	-0.034946	4.220088	35
0.909298	-0.035731	4.229176	36
0.929283	-0.036517	4.226132	37
0.949267	-0.037302	4.174651	38
0.969252	-0.038087	4.033219	39
0.989237	-0.038872	3.757431	40
79
0.209838	0.008243	0.000018	1
0.229823	0.009029	0.001085	2
0.249807	0.009814	0.005474	3
0.269792	0.010599	0.014734	4
0.289776	0.011384	0.029457	5
0.309761	0.012169	0.049591	6
0.329746	0.012954	0.074856	7
0.349730	0.013739	0.104941	8
0.369715	0.014524	0.139558	9
0.389699	0.015309	0.178431	10
0.409684	0.016094	0.221256	11
0.429669	0.016879	0.267651	12
0.449653	0.017665	0.317083	13
0.469638	0.018450	0.368734	14
0.489622	0.019235	0.421271	15
0.509607	0.020020	0.472398	16
0.529592	0.020805	0.518035	17
0.549576	0.021590	0.550959	18
0.569561	0.022375	0.559041	19
0.589545	0.023160	0.525240	20
0.609530	0.023945	0.440300	21
0.629514	0.024730	0.373871	22
0.649499	0.025515	0.778266	23
0.669484	0.026301	4.925943	24
0.689468	0.027086	7.304590	25
0.709453	0.027871	7.285606	26
0.729437	0.028656	7.072393	27
0.749422	0.029441	6.666507	28
0.769407	0.030226	6.189307	29
0.789391	0.031011	5.731038	30
0.809376	0.031796	5.338270	31
0.829360	0.032581	5.027248	32
0.849345	0.033366	4.794886	33
0.869329	0.034151	4.627019	34
0.889314	0.034936	4.505149	35
0.909299	0.035722	4.405824	36
0.929283	0.036507	4.300056	37
0.949268	0.037292	4.156086	38
0.969252	0.038077	3.940944	39
0.989237	0.038862	3.624654	40
80
