time = 8	Re = 0.5	40	80
0
0.208544	0.024683	0.000477	1
0.228406	0.027034	0.003932	2
0.248267	0.029384	0.009811	3
0.268128	0.031735	0.017410	4
0.287990	0.034086	0.026401	5
0.307851	0.036437	0.036483	6
0.327713	0.038787	0.047238	7
0.347574	0.041138	0.058104	8
0.367435	0.043489	0.068393	9
0.387297	0.045840	0.077298	10
0.407158	0.048190	0.083914	11
0.427019	0.050541	0.087282	12
0.446881	0.052892	0.086519	13
0.466742	0.055243	0.081068	14
0.486604	0.057593	0.071233	15
0.506465	0.059944	0.059175	16
0.526326	0.062295	0.050708	17
0.546188	0.064646	0.058315	18
0.566049	0.066996	0.105762	19
0.585910	0.069347	0.234265	20
0.605772	0.071698	0.509241	21
0.625633	0.074048	1.028465	22
0.645495	0.076399	1.961451	23
0.665356	0.078750	3.841486	24
0.685217	0.081101	5.560433	25
0.705079	0.083451	6.153450	26
0.724940	0.085802	6.260981	27
0.744801	0.088153	6.163301	28
0.764663	0.090504	5.983792	29
0.784524	0.092854	5.780299	30
0.804385	0.095205	5.578839	31
0.824247	0.097556	5.388688	32
0.844108	0.099907	5.210220	33
0.863970	0.102257	5.039244	34
0.883831	0.104608	4.869501	35
0.903692	0.106959	4.694219	36
0.923554	0.109310	4.507231	37
0.943415	0.111660	4.304017	38
0.963276	0.114011	4.082883	39
0.983138	0.116362	3.846531	40
1
0.205965	0.040969	0.001478	1
0.225581	0.044871	0.007455	2
0.245196	0.048773	0.014433	3
0.264812	0.052674	0.021183	4
0.284428	0.056576	0.027294	5
0.304043	0.060478	0.032551	6
0.323659	0.064380	0.036706	7
0.343275	0.068282	0.039435	8
0.362891	0.072183	0.040375	9
0.382506	0.076085	0.039202	10
0.402122	0.079987	0.035758	11
0.421738	0.083889	0.030231	12
0.441353	0.087791	0.023429	13
0.460969	0.091692	0.017169	14
0.480585	0.095594	0.014817	15
0.500201	0.099496	0.021999	16
0.519816	0.103398	0.047464	17
0.539432	0.107300	0.104123	18
0.559048	0.111201	0.210392	19
0.578663	0.115103	0.392488	20
0.598279	0.119005	0.689203	21
0.617895	0.122907	1.160817	22
0.637510	0.126809	1.894037	23
0.657126	0.130710	2.944719	24
0.676742	0.134612	4.018029	25
0.696358	0.138514	4.796751	26
0.715973	0.142416	5.272432	27
0.735589	0.146318	5.520745	28
0.755205	0.150219	5.618283	29
0.774820	0.154121	5.623015	30
0.794436	0.158023	5.574217	31
0.814052	0.161925	5.496784	32
0.833668	0.165827	5.405671	33
0.853283	0.169728	5.309472	34
0.872899	0.173630	5.213125	35
0.892515	0.177532	5.119969	36
0.912130	0.181434	5.033420	37
0.931746	0.185336	4.958509	38
0.951362	0.189237	4.903521	39
0.970977	0.193139	4.882002	40
2
0.202116	0.057002	0.002575	1
0.221365	0.062431	0.010282	2
0.240614	0.067860	0.017467	3
0.259863	0.073289	0.023039	4
0.279112	0.078718	0.026894	5
0.298361	0.084146	0.029029	6
0.317610	0.089575	0.029414	7
0.336859	0.095004	0.028003	8
0.356108	0.100433	0.024815	9
0.375358	0.105862	0.020039	10
0.394607	0.111290	0.014173	11
0.413856	0.116719	0.008202	12
0.433105	0.122148	0.003804	13
0.452354	0.127577	0.003618	14
0.471603	0.133006	0.011542	15
0.490852	0.138435	0.033124	16
0.510101	0.143863	0.076078	17
0.529350	0.149292	0.151074	18
0.548600	0.154721	0.272981	19
0.567849	0.160150	0.462582	20
0.587098	0.165579	0.747894	21
0.606347	0.171007	1.161897	22
0.625596	0.176436	1.728856	23
0.644845	0.181865	2.430611	24
0.664094	0.187294	3.167826	25
0.683343	0.192723	3.825721	26
0.702592	0.198151	4.349573	27
0.721841	0.203580	4.733881	28
0.741091	0.209009	4.998043	29
0.760340	0.214438	5.169276	30
0.779589	0.219867	5.273974	31
0.798838	0.225295	5.334483	32
0.818087	0.230724	5.368664	33
0.837336	0.236153	5.390693	34
0.856585	0.241582	5.412309	35
0.875834	0.247011	5.444202	36
0.895083	0.252439	5.497433	37
0.914333	0.257868	5.584961	38
0.933582	0.263297	5.723367	39
0.952831	0.268726	5.935022	40
3
0.197020	0.072685	0.003425	1
0.215784	0.079607	0.011392	2
0.234548	0.086529	0.018092	3
0.253312	0.093452	0.022653	4
0.272076	0.100374	0.025240	5
0.290839	0.107296	0.026000	6
0.309603	0.114219	0.025006	7
0.328367	0.121141	0.022336	8
0.347131	0.128063	0.018177	9
0.365895	0.134986	0.012929	10
0.384658	0.141908	0.007336	11
0.403422	0.148830	0.002628	12
0.422186	0.155753	0.000695	13
0.440950	0.162675	0.004295	14
0.459714	0.169597	0.017323	15
0.478478	0.176520	0.045160	16
0.497241	0.183442	0.095134	17
0.516005	0.190364	0.177073	18
0.534769	0.197287	0.303796	19
0.553533	0.204209	0.491034	20
0.572297	0.211131	0.755848	21
0.591061	0.218054	1.112129	22
0.609824	0.224976	1.562168	23
0.628588	0.231898	2.086696	24
0.647352	0.238821	2.642330	25
0.666116	0.245743	3.178791	26
0.684880	0.252665	3.659489	27
0.703644	0.259588	4.067147	28
0.722407	0.266510	4.400297	29
0.741171	0.273432	4.667344	30
0.759935	0.280355	4.881543	31
0.778699	0.287277	5.057753	32
0.797463	0.294199	5.210778	33
0.816227	0.301122	5.354836	34
0.834990	0.308044	5.503730	35
0.853754	0.314966	5.671451	36
0.872518	0.321889	5.873075	37
0.891282	0.328811	6.125900	38
0.910046	0.335733	6.450841	39
0.928810	0.342656	6.874177	40
4
0.190710	0.087918	0.003945	1
0.208873	0.096292	0.010693	2
0.227036	0.104665	0.016438	3
0.245199	0.113038	0.020410	4
0.263362	0.121411	0.022764	5
0.281524	0.129784	0.023572	6
0.299687	0.138158	0.022814	7
0.317850	0.146531	0.020486	8
0.336013	0.154904	0.016717	9
0.354176	0.163277	0.011884	10
0.372339	0.171650	0.006750	11
0.390502	0.180024	0.002616	12
0.408664	0.188397	0.001502	13
0.426827	0.196770	0.006367	14
0.444990	0.205143	0.021347	15
0.463153	0.213516	0.052011	16
0.481316	0.221889	0.105579	17
0.499479	0.230263	0.190983	18
0.517642	0.238636	0.318565	19
0.535805	0.247009	0.499091	20
0.553967	0.255382	0.741811	21
0.572130	0.263755	1.051427	22
0.590293	0.272129	1.424542	23
0.608456	0.280502	1.847342	24
0.626619	0.288875	2.296925	25
0.644782	0.297248	2.747374	26
0.662945	0.305621	3.176819	27
0.681107	0.313995	3.571314	28
0.699270	0.322368	3.925323	29
0.717433	0.330741	4.240260	30
0.735596	0.339114	4.522445	31
0.753759	0.347487	4.781304	32
0.771922	0.355860	5.028109	33
0.790085	0.364234	5.275290	34
0.808248	0.372607	5.536240	35
0.826410	0.380980	5.825484	36
0.844573	0.389353	6.159148	37
0.862736	0.397726	6.555652	38
0.880899	0.406100	7.036609	39
0.899062	0.414473	7.627914	40
5
0.183224	0.102610	0.004208	1
0.200674	0.112383	0.008880	2
0.218124	0.122155	0.013499	3
0.235574	0.131928	0.017310	4
0.253024	0.141700	0.020182	5
0.270474	0.151472	0.021902	6
0.287924	0.161245	0.022194	7
0.305374	0.171017	0.020838	8
0.322824	0.180790	0.017794	9
0.340274	0.190562	0.013342	10
0.357723	0.200335	0.008238	11
0.375173	0.210107	0.003895	12
0.392623	0.219879	0.002568	13
0.410073	0.229652	0.007549	14
0.427523	0.239424	0.023320	15
0.444973	0.249197	0.055630	16
0.462423	0.258969	0.111421	17
0.479873	0.268741	0.198512	18
0.497323	0.278514	0.324925	19
0.514773	0.288286	0.497799	20
0.532223	0.298059	0.721932	21
0.549673	0.307831	0.998176	22
0.567123	0.317604	1.322156	23
0.584572	0.327376	1.684053	24
0.602022	0.337148	2.069959	25
0.619472	0.346921	2.464662	26
0.636922	0.356693	2.854708	27
0.654372	0.366466	3.230540	28
0.671822	0.376238	3.587350	29
0.689272	0.386010	3.924913	30
0.706722	0.395783	4.246872	31
0.724172	0.405555	4.559886	32
0.741622	0.415328	4.872902	33
0.759072	0.425100	5.196653	34
0.776522	0.434873	5.543427	35
0.793972	0.444645	5.927063	36
0.811421	0.454417	6.363152	37
0.828871	0.464190	6.869394	38
0.846321	0.473962	7.466053	39
0.863771	0.483735	8.176473	40
6
0.174609	0.116670	0.004318	1
0.191238	0.127781	0.006952	2
0.207867	0.138892	0.010633	3
0.224497	0.150004	0.014585	4
0.241126	0.161115	0.018300	5
0.257756	0.172227	0.021203	6
0.274385	0.183338	0.022717	7
0.291014	0.194449	0.022380	8
0.307644	0.205561	0.019978	9
0.324273	0.216672	0.015708	10
0.340903	0.227784	0.010354	11
0.357532	0.238895	0.005479	12
0.374161	0.250006	0.003600	13
0.390791	0.261118	0.008329	14
0.407420	0.272229	0.024422	15
0.424050	0.283341	0.057693	16
0.440679	0.294452	0.114738	17
0.457308	0.305563	0.202426	18
0.473938	0.316675	0.327147	19
0.490567	0.327786	0.493865	20
0.507197	0.338898	0.705136	21
0.523826	0.350009	0.960296	22
0.540455	0.361120	1.255086	23
0.557085	0.372232	1.581994	24
0.573714	0.383343	1.931357	25
0.590344	0.394455	2.292984	26
0.606973	0.405566	2.657845	27
0.623602	0.416677	3.019364	28
0.640232	0.427789	3.374108	29
0.656861	0.438900	3.721926	30
0.673491	0.450012	4.065711	31
0.690120	0.461123	4.410994	32
0.706749	0.472234	4.765523	33
0.723379	0.483346	5.138933	34
0.740008	0.494457	5.542547	35
0.756638	0.505569	5.989315	36
0.773267	0.516680	6.493869	37
0.789896	0.527791	7.072665	38
0.806526	0.538903	7.744153	39
0.823155	0.550014	8.528913	40
7
0.164917	0.130010	0.004357	1
0.180623	0.142392	0.005785	2
0.196329	0.154773	0.009018	3
0.212036	0.167155	0.013266	4
0.227742	0.179537	0.017749	5
0.243448	0.191919	0.021628	6
0.259155	0.204301	0.024104	7
0.274861	0.216683	0.024538	8
0.290567	0.229065	0.022594	9
0.306274	0.241446	0.018413	10
0.321980	0.253828	0.012807	11
0.337686	0.266210	0.007446	12
0.353393	0.278592	0.005028	13
0.369099	0.290974	0.009371	14
0.384805	0.303356	0.025396	15
0.400512	0.315738	0.058946	16
0.416218	0.328120	0.116414	17
0.431925	0.340501	0.204157	18
0.447631	0.352883	0.327752	19
0.463337	0.365265	0.491165	20
0.479044	0.377647	0.696016	21
0.494750	0.390029	0.941092	22
0.510456	0.402411	1.222303	23
0.526163	0.414793	1.533157	24
0.541869	0.427175	1.865726	25
0.557575	0.439556	2.211876	26
0.573282	0.451938	2.564493	27
0.588988	0.464320	2.918448	28
0.604694	0.476702	3.271162	29
0.620401	0.489084	3.622798	30
0.636107	0.501466	3.976160	31
0.651813	0.513848	4.336444	32
0.667520	0.526229	4.710940	33
0.683226	0.538611	5.108781	34
0.698932	0.550993	5.540767	35
0.714639	0.563375	6.019283	36
0.730345	0.575757	6.558290	37
0.746051	0.588139	7.173364	38
0.761758	0.600521	7.881729	39
0.777464	0.612903	8.702217	40
8
0.154208	0.142548	0.004364	1
0.168894	0.156124	0.005860	2
0.183581	0.169700	0.009286	3
0.198267	0.183276	0.013857	4
0.212954	0.196852	0.018762	5
0.227640	0.210428	0.023116	6
0.242327	0.224004	0.026060	7
0.257013	0.237580	0.026898	8
0.271699	0.251156	0.025242	9
0.286386	0.264732	0.021193	10
0.301072	0.278308	0.015540	11
0.315759	0.291884	0.009956	12
0.330445	0.305460	0.007166	13
0.345132	0.319036	0.011040	14
0.359818	0.332612	0.026569	15
0.374505	0.346188	0.059670	16
0.389191	0.359764	0.116801	17
0.403878	0.373340	0.204365	18
0.418564	0.386916	0.327947	19
0.433251	0.400492	0.491490	20
0.447937	0.414068	0.696556	21
0.462623	0.427644	0.941862	22
0.477310	0.441220	1.223240	23
0.491996	0.454796	1.534142	24
0.506683	0.468372	1.866601	25
0.521369	0.481948	2.212477	26
0.536056	0.495524	2.564681	27
0.550742	0.509100	2.918131	28
0.565429	0.522676	3.270319	29
0.580115	0.536252	3.621488	30
0.594802	0.549828	3.974523	31
0.609488	0.563404	4.334692	32
0.624174	0.576980	4.709343	33
0.638861	0.590556	5.107639	34
0.653547	0.604132	5.540386	35
0.668234	0.617708	6.019942	36
0.682920	0.631284	6.560209	37
0.697607	0.644860	7.176667	38
0.712293	0.658436	7.886398	39
0.726980	0.672012	8.708036	40
9
0.142548	0.154208	0.004337	1
0.156124	0.168894	0.007155	2
0.169700	0.183581	0.011354	3
0.183276	0.198267	0.016182	4
0.196852	0.212953	0.021059	5
0.210428	0.227640	0.025285	6
0.224004	0.242326	0.028134	7
0.237580	0.257013	0.028985	8
0.251156	0.271699	0.027476	9
0.264732	0.286386	0.023678	10
0.278309	0.301072	0.018299	11
0.291885	0.315758	0.012883	12
0.305461	0.330445	0.010007	13
0.319037	0.345131	0.013415	14
0.332613	0.359818	0.028056	15
0.346189	0.374504	0.059968	16
0.359765	0.389191	0.115965	17
0.373341	0.403877	0.203075	18
0.386917	0.418564	0.327751	19
0.400493	0.433250	0.494901	20
0.414069	0.447936	0.706919	21
0.427645	0.462623	0.962906	22
0.441221	0.477309	1.258353	23
0.454797	0.491996	1.585541	24
0.468373	0.506682	1.934676	25
0.481949	0.521369	2.295536	26
0.495525	0.536055	2.659156	27
0.509101	0.550742	3.019109	28
0.522677	0.565428	3.372183	29
0.536253	0.580114	3.718482	30
0.549829	0.594801	4.061159	31
0.563405	0.609487	4.405978	32
0.576981	0.624174	4.760864	33
0.590557	0.638860	5.135557	34
0.604133	0.653547	5.541396	35
0.617709	0.668233	5.991258	36
0.631285	0.682919	6.499601	37
0.644861	0.697606	7.082595	38
0.658437	0.712292	7.758273	39
0.672013	0.726979	8.546635	40
10
0.130010	0.164916	0.004232	1
0.142392	0.180623	0.009140	2
0.154774	0.196329	0.014431	3
0.167156	0.212035	0.019403	4
0.179537	0.227742	0.023857	5
0.191919	0.243448	0.027442	6
0.204301	0.259154	0.029698	7
0.216683	0.274861	0.030198	8
0.229065	0.290567	0.028683	9
0.241447	0.306273	0.025232	10
0.253829	0.321980	0.020442	11
0.266211	0.337686	0.015633	12
0.278593	0.353392	0.013076	13
0.290974	0.369099	0.016196	14
0.303356	0.384805	0.029733	15
0.315738	0.400511	0.059793	16
0.328120	0.416218	0.113722	17
0.340502	0.431924	0.199698	18
0.352884	0.447630	0.325969	19
0.365266	0.463337	0.499676	20
0.377648	0.479043	0.725381	21
0.390030	0.494749	1.003499	22
0.402411	0.510456	1.329142	23
0.414793	0.526162	1.692031	24
0.427175	0.541868	2.077962	25
0.439557	0.557575	2.471615	26
0.451939	0.573281	2.859621	27
0.464321	0.588987	3.232686	28
0.476703	0.604694	3.586405	29
0.489085	0.620400	3.921030	30
0.501467	0.636106	4.240698	31
0.513848	0.651813	4.552504	32
0.526230	0.667519	4.865728	33
0.538612	0.683225	5.191303	34
0.550994	0.698932	5.541559	35
0.563376	0.714638	5.930220	36
0.575758	0.730344	6.372599	37
0.588140	0.746051	6.885934	38
0.600522	0.761757	7.489820	39
0.612904	0.777463	8.206673	40
11
0.116670	0.174609	0.003965	1
0.127781	0.191238	0.010906	2
0.138893	0.207867	0.017222	3
0.150004	0.224497	0.022232	4
0.161116	0.241126	0.026077	5
0.172227	0.257755	0.028753	6
0.183338	0.274385	0.030110	7
0.194450	0.291014	0.029969	8
0.205561	0.307644	0.028247	9
0.216673	0.324273	0.025086	10
0.227784	0.340902	0.021008	11
0.238895	0.357532	0.017102	12
0.250007	0.374161	0.015256	13
0.261118	0.390791	0.018417	14
0.272230	0.407420	0.030897	15
0.283341	0.424049	0.058646	16
0.294453	0.440679	0.109457	17
0.305564	0.457308	0.192931	18
0.316675	0.473937	0.320012	19
0.327787	0.490567	0.501781	20
0.338898	0.507196	0.747328	21
0.350010	0.523826	1.060700	22
0.361121	0.540455	1.437531	23
0.372233	0.557084	1.863063	24
0.383344	0.573714	2.313757	25
0.394455	0.590343	2.763402	26
0.405567	0.606972	3.190172	27
0.416678	0.623602	3.580499	28
0.427790	0.640231	3.929502	29
0.438901	0.656861	4.239407	30
0.450012	0.673490	4.517370	31
0.461124	0.690119	4.773547	32
0.472235	0.706749	5.019755	33
0.483347	0.723378	5.268744	34
0.494458	0.740008	5.533986	35
0.505570	0.756637	5.829855	36
0.516681	0.773266	6.172097	37
0.527792	0.789896	6.578517	38
0.538904	0.806525	7.069854	39
0.550015	0.823154	7.670797	40
12
0.102611	0.183224	0.003429	1
0.112383	0.200674	0.011447	2
0.122156	0.218124	0.018350	3
0.131928	0.235574	0.023364	4
0.141700	0.253024	0.026725	5
0.151473	0.270474	0.028616	6
0.161245	0.287924	0.029107	7
0.171018	0.305373	0.028241	8
0.180790	0.322823	0.026112	9
0.190563	0.340273	0.022967	10
0.200335	0.357723	0.019327	11
0.210107	0.375173	0.016133	12
0.219880	0.392623	0.014949	13
0.229652	0.410073	0.018236	14
0.239425	0.427523	0.029719	15
0.249197	0.444973	0.054871	16
0.258970	0.462423	0.101502	17
0.268742	0.479873	0.180363	18
0.278515	0.497322	0.305508	19
0.288287	0.514772	0.493845	20
0.298059	0.532222	0.762959	21
0.307832	0.549672	1.126103	22
0.317604	0.567122	1.583806	23
0.327377	0.584572	2.114763	24
0.337149	0.602022	2.674266	25
0.346922	0.619472	3.211293	26
0.356694	0.636922	3.689060	27
0.366467	0.654372	4.090790	28
0.376239	0.671822	4.416129	29
0.386011	0.689271	4.674912	30
0.395784	0.706721	4.881797	31
0.405556	0.724171	5.052795	32
0.415329	0.741621	5.203506	33
0.425101	0.759071	5.348572	34
0.434874	0.776521	5.501877	35
0.444646	0.793971	5.677197	36
0.454418	0.811421	5.889123	37
0.464191	0.828871	6.154210	38
0.473963	0.846321	6.492356	39
0.483736	0.863771	6.928484	40
13
0.087919	0.190710	0.002556	1
0.096292	0.208873	0.010116	2
0.104665	0.227036	0.016962	3
0.113038	0.245199	0.022064	4
0.121412	0.263361	0.025423	5
0.129785	0.281524	0.027168	6
0.138158	0.299687	0.027415	7
0.146531	0.317850	0.026271	8
0.154904	0.336013	0.023891	9
0.163278	0.354176	0.020555	10
0.171651	0.372339	0.016768	11
0.180024	0.390501	0.013382	12
0.188397	0.408664	0.011774	13
0.196770	0.426827	0.014076	14
0.205144	0.444990	0.023532	15
0.213517	0.463153	0.045029	16
0.221890	0.481316	0.085915	17
0.230263	0.499479	0.157224	18
0.238637	0.517641	0.275324	19
0.247010	0.535804	0.463659	20
0.255383	0.553967	0.753175	21
0.263756	0.572130	1.178038	22
0.272129	0.590293	1.759976	23
0.280503	0.608456	2.475603	24
0.288876	0.626619	3.222597	25
0.297249	0.644781	3.884250	26
0.305622	0.662944	4.404893	27
0.313995	0.681107	4.780044	28
0.322369	0.699270	5.031578	29
0.330742	0.717433	5.189496	30
0.339115	0.735596	5.282499	31
0.347488	0.753759	5.334485	32
0.355862	0.771921	5.364163	33
0.364235	0.790084	5.386005	34
0.372608	0.808247	5.411659	35
0.380981	0.826410	5.451438	36
0.389354	0.844573	5.515799	37
0.397728	0.862736	5.616879	38
0.406101	0.880898	5.770208	39
0.414474	0.899061	5.996815	40
14
0.072685	0.197020	0.001442	1
0.079607	0.215784	0.007119	2
0.086530	0.234548	0.013289	3
0.093452	0.253312	0.018647	4
0.100374	0.272075	0.022824	5
0.107297	0.290839	0.025730	6
0.114219	0.309603	0.027316	7
0.121141	0.328367	0.027525	8
0.128064	0.347131	0.026320	9
0.134986	0.365894	0.023752	10
0.141908	0.384658	0.020058	11
0.148831	0.403422	0.015791	12
0.155753	0.422186	0.011997	13
0.162675	0.440950	0.010468	14
0.169598	0.459714	0.014094	15
0.176520	0.478477	0.027400	16
0.183443	0.497241	0.057371	17
0.190365	0.516005	0.114844	18
0.197287	0.534769	0.216964	19
0.204210	0.553533	0.391501	20
0.211132	0.572296	0.683717	21
0.218054	0.591060	1.164249	22
0.224977	0.609824	1.924742	23
0.231899	0.628588	3.006852	24
0.238821	0.647352	4.101385	25
0.245744	0.666116	4.886642	26
0.252666	0.684879	5.353482	27
0.259589	0.703643	5.583290	28
0.266511	0.722407	5.659550	29
0.273433	0.741171	5.645094	30
0.280356	0.759935	5.581655	31
0.287278	0.778699	5.494914	32
0.294200	0.797462	5.399716	33
0.301123	0.816226	5.304169	34
0.308045	0.834990	5.212621	35
0.314967	0.853754	5.127802	36
0.321890	0.872518	5.052494	37
0.328812	0.891281	4.991010	38
0.335734	0.910045	4.950760	39
0.342657	0.928809	4.944186	40
15
0.057003	0.202116	0.000454	1
0.062432	0.221365	0.003645	2
0.067860	0.240614	0.008633	3
0.073289	0.259863	0.014442	4
0.078718	0.279112	0.020622	5
0.084147	0.298361	0.026865	6
0.089576	0.317610	0.032824	7
0.095005	0.336859	0.038088	8
0.100433	0.356108	0.042197	9
0.105862	0.375357	0.044685	10
0.111291	0.394607	0.045133	11
0.116720	0.413856	0.043260	12
0.122149	0.433105	0.039079	13
0.127578	0.452354	0.033158	14
0.133006	0.471603	0.027045	15
0.138435	0.490852	0.023936	16
0.143864	0.510101	0.029744	17
0.149293	0.529350	0.054803	18
0.154722	0.548599	0.116755	19
0.160150	0.567848	0.245945	20
0.165579	0.587098	0.496747	21
0.171008	0.606347	0.974275	22
0.176437	0.625596	1.907837	23
0.181866	0.644845	3.902381	24
0.187295	0.664094	5.647127	25
0.192723	0.683343	6.218934	26
0.198152	0.702592	6.289688	27
0.203581	0.721841	6.160380	28
0.209010	0.741090	5.960797	29
0.214439	0.760339	5.747984	30
0.219868	0.779589	5.545063	31
0.225296	0.798838	5.358532	32
0.230725	0.818087	5.186755	33
0.236154	0.837336	5.024308	34
0.241583	0.856585	4.864292	35
0.247012	0.875834	4.699656	36
0.252441	0.895083	4.524119	37
0.257869	0.914332	4.333023	38
0.263298	0.933581	4.124369	39
0.268727	0.952830	3.900254	40
16
0.040969	0.205965	0.000042	1
0.044871	0.225581	0.001049	2
0.048773	0.245196	0.004529	3
0.052675	0.264812	0.011260	4
0.056577	0.284428	0.021285	5
0.060478	0.304043	0.034161	6
0.064380	0.323659	0.049255	7
0.068282	0.343275	0.065875	8
0.072184	0.362890	0.083283	9
0.076086	0.382506	0.100663	10
0.079987	0.402122	0.117077	11
0.083889	0.421738	0.131415	12
0.087791	0.441353	0.142373	13
0.091693	0.460969	0.148472	14
0.095595	0.480585	0.148168	15
0.099497	0.500200	0.140187	16
0.103398	0.519816	0.124250	17
0.107300	0.539432	0.102591	18
0.111202	0.559047	0.082963	19
0.115104	0.578663	0.084965	20
0.119006	0.598279	0.155820	21
0.122908	0.617895	0.419925	22
0.126809	0.637510	1.264076	23
0.130711	0.657126	5.981992	24
0.134613	0.676742	7.534642	25
0.138515	0.696357	6.644141	26
0.142417	0.715973	6.182921	27
0.146319	0.735589	5.816220	28
0.150220	0.755204	5.510032	29
0.154122	0.774820	5.258401	30
0.158024	0.794436	5.052104	31
0.161926	0.814052	4.878399	32
0.165828	0.833667	4.723111	33
0.169730	0.853283	4.571853	34
0.173631	0.872899	4.410577	35
0.177533	0.892514	4.225844	36
0.181435	0.912130	4.005102	37
0.185337	0.931746	3.737200	38
0.189239	0.951362	3.413350	39
0.193141	0.970977	3.028844	40
17
0.081102	0.685217	15.138880	25
0.083452	0.705079	9.647712	26
0.085803	0.724940	7.169345	27
0.088154	0.744801	5.938340	28
0.090505	0.764663	5.265284	29
0.092856	0.784524	4.867410	30
0.095206	0.804385	4.615897	31
0.097557	0.824247	4.442997	32
0.099908	0.844108	4.307114	33
0.102259	0.863969	4.178839	34
0.104609	0.883831	4.034885	35
0.106960	0.903692	3.855286	36
0.109311	0.923554	3.622238	37
0.111662	0.943415	3.320060	38
0.114012	0.963276	2.936341	39
0.116363	0.983138	2.464729	40
18
0.027090	0.689468	19.585809	25
0.027875	0.709453	12.283648	26
0.028661	0.729437	8.578844	27
0.029446	0.749422	6.631156	28
0.030231	0.769406	5.560120	29
0.031016	0.789391	4.947086	30
0.031801	0.809375	4.582504	31
0.032587	0.829360	4.352892	32
0.033372	0.849345	4.190812	33
0.034157	0.869329	4.051934	34
0.034942	0.889314	3.904004	35
0.035728	0.909298	3.721338	36
0.036513	0.929283	3.482231	37
0.037298	0.949268	3.168268	38
0.038083	0.969252	2.765394	39
0.038868	0.989237	2.267281	40
19
-0.027088	0.689468	14.650464	25
-0.027874	0.709453	9.540953	26
-0.028659	0.729437	7.251243	27
-0.029444	0.749422	6.085689	28
-0.030229	0.769406	5.415844	29
-0.031014	0.789391	4.995400	30
-0.031799	0.809376	4.714189	31
-0.032585	0.829360	4.512870	32
-0.033370	0.849345	4.352976	33
-0.034155	0.869329	4.205711	34
-0.034940	0.889314	4.047322	35
-0.035725	0.909298	3.856997	36
-0.036510	0.929283	3.616036	37
-0.037296	0.949268	3.307983	38
-0.038081	0.969252	2.919867	39
-0.038866	0.989237	2.445115	40
20
-0.024683	0.208544	0.000014	1
-0.027033	0.228406	0.000685	2
-0.029384	0.248267	0.003288	3
-0.031735	0.268129	0.008710	4
-0.034085	0.287990	0.017358	5
-0.036436	0.307851	0.029327	6
-0.038787	0.327713	0.044586	7
-0.041138	0.347574	0.063040	8
-0.043488	0.367435	0.084529	9
-0.045839	0.387297	0.108770	10
-0.048190	0.407158	0.135304	11
-0.050540	0.427020	0.163404	12
-0.052891	0.446881	0.191970	13
-0.055242	0.466742	0.219363	14
-0.057593	0.486604	0.243181	15
-0.059943	0.506465	0.259939	16
-0.062294	0.526326	0.264727	17
-0.064645	0.546188	0.251257	18
-0.066996	0.566049	0.213955	19
-0.069346	0.585910	0.158030	20
-0.071697	0.605772	0.137735	21
-0.074048	0.625633	0.390048	22
-0.076398	0.645495	1.787491	23
-0.078749	0.665356	6.818866	24
-0.081100	0.685217	8.216195	25
-0.083451	0.705079	7.173378	26
-0.085801	0.724940	6.587498	27
-0.088152	0.744801	6.124517	28
-0.090503	0.764663	5.742863	29
-0.092853	0.784524	5.431211	30
-0.095204	0.804386	5.176963	31
-0.097555	0.824247	4.965054	32
-0.099906	0.844108	4.779488	33
-0.102256	0.863970	4.604319	34
-0.104607	0.883831	4.424129	35
-0.106958	0.903692	4.224283	36
-0.109308	0.923554	3.991234	37
-0.111659	0.943415	3.713077	38
-0.114010	0.963277	3.380580	39
-0.116361	0.983138	2.989000	40
21
-0.040969	0.205965	0.000322	1
-0.044870	0.225581	0.002579	2
-0.048772	0.245196	0.006460	3
-0.052674	0.264812	0.011650	4
-0.056576	0.284428	0.018060	5
-0.060478	0.304044	0.025590	6
-0.064379	0.323659	0.034016	7
-0.068281	0.343275	0.042962	8
-0.072183	0.362891	0.051889	9
-0.076085	0.382506	0.060093	10
-0.079986	0.402122	0.066709	11
-0.083888	0.421738	0.070758	12
-0.087790	0.441354	0.071261	13
-0.091692	0.460969	0.067495	14
-0.095594	0.480585	0.059521	15
-0.099495	0.500201	0.049190	16
-0.103397	0.519816	0.041955	17
-0.107299	0.539432	0.049927	18
-0.111201	0.559048	0.096577	19
-0.115102	0.578663	0.223055	20
-0.119004	0.598279	0.495187	21
-0.122906	0.617895	1.012004	22
-0.126808	0.637511	1.945572	23
-0.130710	0.657126	3.833292	24
-0.134611	0.676742	5.567696	25
-0.138513	0.696358	6.171227	26
-0.142415	0.715973	6.283682	27
-0.146317	0.735589	6.186983	28
-0.150218	0.755205	6.005991	29
-0.154120	0.774821	5.799553	30
-0.158022	0.794436	5.594333	31
-0.161924	0.814052	5.400044	32
-0.165826	0.833668	5.217381	33
-0.169727	0.853283	5.042421	34
-0.173629	0.872899	4.869142	35
-0.177531	0.892515	4.690985	36
-0.181433	0.912131	4.501968	37
-0.185334	0.931746	4.297705	38
-0.189236	0.951362	4.076577	39
-0.193138	0.970978	3.841285	40
22
-0.057002	0.202116	0.000957	1
-0.062431	0.221365	0.004723	2
-0.067860	0.240614	0.009204	3
-0.073289	0.259863	0.013778	4
-0.078717	0.279112	0.018236	5
-0.084146	0.298361	0.022409	6
-0.089575	0.317610	0.026050	7
-0.095004	0.336859	0.028812	8
-0.100432	0.356109	0.030278	9
-0.105861	0.375358	0.030029	10
-0.111290	0.394607	0.027760	11
-0.116719	0.413856	0.023460	12
-0.122148	0.433105	0.017689	13
-0.127576	0.452354	0.011982	14
-0.133005	0.471603	0.009429	15
-0.138434	0.490852	0.015424	16
-0.143863	0.510101	0.038622	17
-0.149291	0.529351	0.092072	18
-0.154720	0.548600	0.194700	19
-0.160149	0.567849	0.373710	20
-0.165578	0.587098	0.669408	21
-0.171007	0.606347	1.143961	22
-0.176435	0.625596	1.885745	23
-0.181864	0.644845	2.950771	24
-0.187293	0.664094	4.040329	25
-0.192722	0.683344	4.831179	26
-0.198150	0.702593	5.313225	27
-0.203579	0.721842	5.562792	28
-0.209008	0.741091	5.657786	29
-0.214437	0.760340	5.657435	30
-0.219866	0.779589	5.602026	31
-0.225294	0.798838	5.517228	32
-0.230723	0.818087	5.418590	33
-0.236152	0.837336	5.315185	34
-0.241581	0.856586	5.212346	35
-0.247009	0.875835	5.113751	36
-0.252438	0.895084	5.023097	37
-0.257867	0.914333	4.945636	38
-0.263296	0.933582	4.889813	39
-0.268725	0.952831	4.869273	40
23
-0.072684	0.197020	0.001589	1
-0.079607	0.215784	0.006191	2
-0.086529	0.234548	0.010652	3
-0.093451	0.253312	0.014471	4
-0.100374	0.272076	0.017572	5
-0.107296	0.290839	0.019839	6
-0.114218	0.309603	0.021079	7
-0.121140	0.328367	0.021055	8
-0.128063	0.347131	0.019559	9
-0.134985	0.365895	0.016515	10
-0.141907	0.384659	0.012118	11
-0.148830	0.403423	0.007028	12
-0.155752	0.422186	0.002613	13
-0.162674	0.440950	0.001256	14
-0.169597	0.459714	0.006732	15
-0.176519	0.478478	0.024677	16
-0.183441	0.497242	0.063202	17
-0.190364	0.516006	0.133758	18
-0.197286	0.534769	0.252403	19
-0.204208	0.553533	0.441433	20
-0.211130	0.572297	0.730453	21
-0.218053	0.591061	1.153607	22
-0.224975	0.609825	1.735195	23
-0.231897	0.628589	2.455243	24
-0.238820	0.647352	3.210601	25
-0.245742	0.666116	3.882535	26
-0.252664	0.684880	4.414399	27
-0.259587	0.703644	4.800588	28
-0.266509	0.722408	5.061406	29
-0.273431	0.741172	5.225331	30
-0.280354	0.759935	5.320026	31
-0.287276	0.778699	5.368964	32
-0.294198	0.797463	5.390956	33
-0.301121	0.816227	5.400969	34
-0.308043	0.834991	5.411403	35
-0.314965	0.853755	5.433500	36
-0.321887	0.872518	5.478791	37
-0.328810	0.891282	5.560631	38
-0.335732	0.910046	5.695957	39
-0.342654	0.928810	5.907475	40
24
-0.087918	0.190710	0.001987	1
-0.096291	0.208873	0.006388	2
-0.104665	0.227036	0.010420	3
-0.113038	0.245199	0.013737	4
-0.121411	0.263362	0.016359	5
-0.129784	0.281525	0.018184	6
-0.138157	0.299687	0.019007	7
-0.146530	0.317850	0.018592	8
-0.154904	0.336013	0.016767	9
-0.163277	0.354176	0.013537	10
-0.171650	0.372339	0.009227	11
-0.180023	0.390502	0.004679	12
-0.188396	0.408665	0.001476	13
-0.196769	0.426828	0.002244	14
-0.205143	0.444991	0.011005	15
-0.213516	0.463153	0.033620	16
-0.221889	0.481316	0.078309	17
-0.230262	0.499479	0.156194	18
-0.238635	0.517642	0.281676	19
-0.247008	0.535805	0.472100	20
-0.255382	0.553968	0.745770	21
-0.263755	0.572131	1.116921	22
-0.272128	0.590294	1.586835	23
-0.280501	0.608456	2.133728	24
-0.288874	0.626619	2.710665	25
-0.297247	0.644782	3.263982	26
-0.305620	0.662945	3.754956	27
-0.313994	0.681108	4.165634	28
-0.322367	0.699271	4.494995	29
-0.330740	0.717434	4.752547	30
-0.339113	0.735597	4.952922	31
-0.347486	0.753759	5.112391	32
-0.355859	0.771922	5.247072	33
-0.364233	0.790085	5.372351	34
-0.372606	0.808248	5.503046	35
-0.380979	0.826411	5.654032	36
-0.389352	0.844574	5.841171	37
-0.397725	0.862737	6.082489	38
-0.406098	0.880900	6.399631	39
-0.414472	0.899062	6.819665	40
25
-0.102610	0.183224	0.002136	1
-0.112383	0.200674	0.005482	2
-0.122155	0.218124	0.008905	3
-0.131927	0.235574	0.012120	4
-0.141700	0.253024	0.015065	5
-0.151472	0.270474	0.017518	6
-0.161245	0.287924	0.019133	7
-0.171017	0.305374	0.019527	8
-0.180789	0.322824	0.018383	9
-0.190562	0.340274	0.015585	10
-0.200334	0.357724	0.011394	11
-0.210106	0.375174	0.006674	12
-0.219879	0.392624	0.003174	13
-0.229651	0.410074	0.003851	14
-0.239424	0.427523	0.013224	15
-0.249196	0.444973	0.037707	16
-0.258968	0.462423	0.085839	17
-0.268741	0.479873	0.168248	18
-0.278513	0.497323	0.297118	19
-0.288286	0.514773	0.484837	20
-0.298058	0.532223	0.741584	21
-0.307830	0.549673	1.071844	22
-0.317603	0.567123	1.470602	23
-0.327375	0.584573	1.921128	24
-0.337148	0.602023	2.396891	25
-0.346920	0.619473	2.868518	26
-0.356692	0.636923	3.311639	27
-0.366465	0.654373	3.711085	28
-0.376237	0.671823	4.061290	29
-0.386010	0.689273	4.364514	30
-0.395782	0.706722	4.628457	31
-0.405554	0.724172	4.864157	32
-0.415327	0.741622	5.084533	33
-0.425099	0.759072	5.303583	34
-0.434872	0.776522	5.536141	35
-0.444644	0.793972	5.798061	36
-0.454416	0.811422	6.106722	37
-0.464189	0.828872	6.481797	38
-0.473961	0.846322	6.946244	39
-0.483734	0.863772	7.527495	40
26
-0.116669	0.174609	0.002137	1
-0.127781	0.191238	0.004194	2
-0.138892	0.207868	0.007079	3
-0.150004	0.224497	0.010507	4
-0.161115	0.241126	0.014210	5
-0.172226	0.257756	0.017756	6
-0.183338	0.274385	0.020584	7
-0.194449	0.291015	0.022093	8
-0.205560	0.307644	0.021759	9
-0.216672	0.324274	0.019294	10
-0.227783	0.340903	0.014875	11
-0.238895	0.357532	0.009417	12
-0.250006	0.374162	0.004901	13
-0.261117	0.390791	0.004698	14
-0.272229	0.407421	0.013868	15
-0.283340	0.424050	0.039307	16
-0.294451	0.440679	0.089657	17
-0.305563	0.457309	0.174825	18
-0.316674	0.473938	0.304992	19
-0.327786	0.490568	0.489061	20
-0.338897	0.507197	0.732676	21
-0.350008	0.523826	1.036175	22
-0.361120	0.540456	1.393130	23
-0.372231	0.557085	1.790342	24
-0.383342	0.573715	2.209804	25
-0.394454	0.590344	2.632305	26
-0.405565	0.606974	3.041235	27
-0.416677	0.623603	3.425146	28
-0.427788	0.640232	3.778657	29
-0.438899	0.656862	4.102078	30
-0.450011	0.673491	4.400368	31
-0.461122	0.690121	4.681956	32
-0.472233	0.706750	4.957751	33
-0.483345	0.723379	5.240469	34
-0.494456	0.740009	5.544320	35
-0.505568	0.756638	5.885009	36
-0.516679	0.773268	6.279991	37
-0.527790	0.789897	6.748936	38
-0.538902	0.806527	7.314331	39
-0.550013	0.823156	8.002145	40
27
-0.130009	0.164917	0.002105	1
-0.142391	0.180623	0.003333	2
-0.154773	0.196330	0.005979	3
-0.167155	0.212036	0.009743	4
-0.179537	0.227742	0.014191	5
-0.191919	0.243449	0.018712	6
-0.204301	0.259155	0.022572	7
-0.216682	0.274861	0.024995	8
-0.229064	0.290568	0.025288	9
-0.241446	0.306274	0.023036	10
-0.253828	0.321980	0.018360	11
-0.266210	0.337687	0.012224	12
-0.278592	0.353393	0.006789	13
-0.290973	0.369100	0.005729	14
-0.303355	0.384806	0.014457	15
-0.315737	0.400512	0.040154	16
-0.328119	0.416219	0.091478	17
-0.340501	0.431925	0.177866	18
-0.352883	0.447631	0.308389	19
-0.365265	0.463338	0.490237	20
-0.377646	0.479044	0.727086	21
-0.390028	0.494750	1.017733	22
-0.402410	0.510457	1.355493	23
-0.414792	0.526163	1.728762	24
-0.427174	0.541869	2.122795	25
-0.439556	0.557576	2.522280	26
-0.451937	0.573282	2.913922	27
-0.464319	0.588989	3.288310	28
-0.476701	0.604695	3.640783	29
-0.489083	0.620401	3.971398	30
-0.501465	0.636108	4.284337	31
-0.513847	0.651814	4.587106	32
-0.526229	0.667520	4.889777	33
-0.538610	0.683227	5.204424	34
-0.550992	0.698933	5.544819	35
-0.563374	0.714639	5.926362	36
-0.575756	0.730346	6.366241	37
-0.588138	0.746052	6.883725	38
-0.600520	0.761759	7.500562	39
-0.612902	0.777465	8.241360	40
28
-0.142548	0.154208	0.002111	1
-0.156124	0.168894	0.003396	2
-0.169700	0.183581	0.006203	3
-0.183276	0.198267	0.010246	4
-0.196852	0.212954	0.015078	5
-0.210428	0.227640	0.020060	6
-0.224004	0.242327	0.024416	7
-0.237580	0.257013	0.027314	8
-0.251156	0.271700	0.028001	9
-0.264732	0.286386	0.026004	10
-0.278308	0.301073	0.021393	11
-0.291884	0.315759	0.015109	12
-0.305460	0.330446	0.009316	13
-0.319036	0.345132	0.007733	14
-0.332612	0.359819	0.015860	15
-0.346188	0.374505	0.040985	16
-0.359764	0.389192	0.091883	17
-0.373340	0.403878	0.178087	18
-0.386916	0.418565	0.308717	19
-0.400492	0.433251	0.490944	20
-0.414068	0.447938	0.728358	21
-0.427644	0.462624	1.019625	22
-0.441220	0.477310	1.357920	23
-0.454796	0.491997	1.731518	24
-0.468372	0.506683	2.125596	25
-0.481948	0.521370	2.524815	26
-0.495523	0.536056	2.915903	27
-0.509099	0.550743	3.289520	28
-0.522675	0.565429	3.641112	29
-0.536251	0.580116	3.970863	30
-0.549827	0.594802	4.283092	31
-0.563403	0.609489	4.585428	32
-0.576979	0.624175	4.888038	33
-0.590555	0.638862	5.203057	34
-0.604131	0.653548	5.544276	35
-0.617707	0.668235	5.927075	36
-0.631283	0.682921	6.368574	37
-0.644859	0.697608	6.887931	38
-0.658435	0.712294	7.506727	39
-0.672011	0.726981	8.249335	40
29
-0.154207	0.142548	0.002152	1
-0.168894	0.156125	0.004354	2
-0.183580	0.169701	0.007651	3
-0.198267	0.183277	0.011800	4
-0.212953	0.196853	0.016514	5
-0.227640	0.210429	0.021295	6
-0.242326	0.224005	0.025480	7
-0.257012	0.237581	0.028332	8
-0.271699	0.251157	0.029166	9
-0.286385	0.264733	0.027529	10
-0.301072	0.278309	0.023449	11
-0.315758	0.291885	0.017741	12
-0.330445	0.305461	0.012365	13
-0.345131	0.319037	0.010783	14
-0.359817	0.332613	0.018259	15
-0.374504	0.346189	0.041999	16
-0.389190	0.359765	0.091004	17
-0.403877	0.373341	0.175515	18
-0.418563	0.386917	0.305922	19
-0.433249	0.400493	0.491134	20
-0.447936	0.414069	0.736573	21
-0.462622	0.427645	1.042168	22
-0.477309	0.441221	1.401014	23
-0.491995	0.454797	1.799494	24
-0.506682	0.468374	2.219324	25
-0.521368	0.481950	2.641183	26
-0.536054	0.495526	3.048515	27
-0.550741	0.509102	3.430078	28
-0.565427	0.522678	3.780827	29
-0.580114	0.536254	4.101487	30
-0.594800	0.549830	4.397449	31
-0.609487	0.563406	4.677536	32
-0.624173	0.576982	4.952958	33
-0.638859	0.590558	5.236623	34
-0.653546	0.604134	5.542804	35
-0.668232	0.617710	5.887139	36
-0.682919	0.631286	6.286890	37
-0.697605	0.644862	6.761399	38
-0.712292	0.658438	7.332667	39
-0.726978	0.672014	8.025984	40
30
-0.164916	0.130010	0.002153	1
-0.180623	0.142392	0.005660	2
-0.196329	0.154774	0.009552	3
-0.212035	0.167156	0.013616	4
-0.227742	0.179538	0.017795	5
-0.243448	0.191920	0.021817	6
-0.259154	0.204302	0.025242	7
-0.274860	0.216683	0.027541	8
-0.290567	0.229065	0.028208	9
-0.306273	0.241447	0.026905	10
-0.321979	0.253829	0.023659	11
-0.337686	0.266211	0.019124	12
-0.353392	0.278593	0.014915	13
-0.369098	0.290975	0.013985	14
-0.384805	0.303357	0.021034	15
-0.400511	0.315739	0.042867	16
-0.416217	0.328121	0.088601	17
-0.431924	0.340503	0.169535	18
-0.447630	0.352884	0.298436	19
-0.463336	0.365266	0.487971	20
-0.479043	0.377648	0.748120	21
-0.494749	0.390030	1.082670	22
-0.510455	0.402412	1.485616	23
-0.526161	0.414794	1.939296	24
-0.541868	0.427176	2.416552	25
-0.557574	0.439558	2.887712	26
-0.573280	0.451940	3.328418	27
-0.588987	0.464322	3.723842	28
-0.604693	0.476704	4.069039	29
-0.620399	0.489086	4.367064	30
-0.636106	0.501467	4.626447	31
-0.651812	0.513849	4.858961	32
-0.667518	0.526231	5.078080	33
-0.683225	0.538613	5.298139	34
-0.698931	0.550995	5.534079	35
-0.714637	0.563377	5.801642	36
-0.730344	0.575759	6.117887	37
-0.746050	0.588141	6.501962	38
-0.761756	0.600523	6.976070	39
-0.777462	0.612905	7.566605	40
31
-0.174608	0.116670	0.001996	1
-0.191238	0.127782	0.006482	2
-0.207867	0.138893	0.010793	3
-0.224496	0.150004	0.014664	4
-0.241126	0.161116	0.018165	5
-0.257755	0.172227	0.021208	6
-0.274385	0.183339	0.023572	7
-0.291014	0.194450	0.024965	8
-0.307643	0.205562	0.025111	9
-0.324273	0.216673	0.023849	10
-0.340902	0.227785	0.021280	11
-0.357531	0.238896	0.017966	12
-0.374161	0.250007	0.015193	13
-0.390790	0.261119	0.015330	14
-0.407420	0.272230	0.022288	15
-0.424049	0.283342	0.042089	16
-0.440678	0.294453	0.083493	17
-0.457308	0.305565	0.158586	18
-0.473937	0.316676	0.283008	19
-0.490566	0.327787	0.475232	20
-0.507196	0.338899	0.753998	21
-0.523825	0.350010	1.132793	22
-0.540454	0.361122	1.611051	23
-0.557084	0.372233	2.164922	24
-0.573713	0.383345	2.746167	25
-0.590343	0.394456	3.300368	26
-0.606972	0.405568	3.788571	27
-0.623601	0.416679	4.193289	28
-0.640231	0.427790	4.514609	29
-0.656860	0.438902	4.763491	30
-0.673489	0.450013	4.956011	31
-0.690119	0.461125	5.109634	32
-0.706748	0.472236	5.241316	33
-0.723378	0.483348	5.366897	34
-0.740007	0.494459	5.501303	35
-0.756636	0.505571	5.659220	36
-0.773266	0.516682	5.856061	37
-0.789895	0.527793	6.109158	38
-0.806524	0.538905	6.439209	39
-0.823154	0.550016	6.872023	40
32
-0.183224	0.102611	0.001580	1
-0.200674	0.112383	0.006127	2
-0.218124	0.122156	0.010485	3
-0.235574	0.131928	0.014201	4
-0.253024	0.141701	0.017264	5
-0.270473	0.151473	0.019631	6
-0.287923	0.161246	0.021195	7
-0.305373	0.171018	0.021810	8
-0.322823	0.180791	0.021351	9
-0.340273	0.190563	0.019789	10
-0.357723	0.200336	0.017303	11
-0.375173	0.210108	0.014423	12
-0.392623	0.219880	0.012239	13
-0.410073	0.229653	0.012687	14
-0.427523	0.239425	0.018975	15
-0.444972	0.249198	0.036188	16
-0.462422	0.258970	0.072191	17
-0.479872	0.268743	0.138904	18
-0.497322	0.278515	0.253954	19
-0.514772	0.288288	0.442296	20
-0.532222	0.298060	0.736378	21
-0.549672	0.307833	1.171361	22
-0.567122	0.317605	1.768816	23
-0.584572	0.327378	2.503424	24
-0.602021	0.337150	3.269104	25
-0.619471	0.346922	3.945167	26
-0.636921	0.356695	4.473958	27
-0.654371	0.366467	4.850862	28
-0.671821	0.376240	5.098680	29
-0.689271	0.386012	5.248740	30
-0.706721	0.395785	5.331087	31
-0.724171	0.405557	5.370817	32
-0.741621	0.415330	5.387644	33
-0.759071	0.425102	5.396869	34
-0.776520	0.434875	5.410820	35
-0.793970	0.444647	5.440375	36
-0.811420	0.454420	5.496471	37
-0.828870	0.464192	5.591664	38
-0.846320	0.473964	5.741867	39
-0.863770	0.483737	5.968493	40
33
-0.190710	0.087919	0.000935	1
-0.208873	0.096292	0.004518	2
-0.227036	0.104665	0.008515	3
-0.245198	0.113039	0.012245	4
-0.263361	0.121412	0.015501	5
-0.281524	0.129785	0.018169	6
-0.299687	0.138158	0.020112	7
-0.317850	0.146532	0.021156	8
-0.336013	0.154905	0.021121	9
-0.354175	0.163278	0.019888	10
-0.372338	0.171651	0.017491	11
-0.390501	0.180025	0.014250	12
-0.408664	0.188398	0.010961	13
-0.426827	0.196771	0.009166	14
-0.444990	0.205144	0.011548	15
-0.463153	0.213518	0.022511	16
-0.481315	0.221891	0.049090	17
-0.499478	0.230264	0.102438	18
-0.517641	0.238637	0.200381	19
-0.535804	0.247010	0.371814	20
-0.553967	0.255384	0.663553	21
-0.572130	0.263757	1.148001	22
-0.590292	0.272130	1.918173	23
-0.608455	0.280503	3.015508	24
-0.626618	0.288877	4.127021	25
-0.644781	0.297250	4.924895	26
-0.662944	0.305623	5.398261	27
-0.681107	0.313996	5.629151	28
-0.699270	0.322370	5.702428	29
-0.717432	0.330743	5.682284	30
-0.735595	0.339116	5.611565	31
-0.753758	0.347489	5.516808	32
-0.771921	0.355863	5.413506	33
-0.790084	0.364236	5.310277	34
-0.808247	0.372609	5.211873	35
-0.826409	0.380982	5.121365	36
-0.844572	0.389355	5.041810	37
-0.862735	0.397729	4.977743	38
-0.880898	0.406102	4.936740	39
-0.899061	0.414475	4.931353	40
34
-0.197020	0.072685	0.000305	1
-0.215784	0.079607	0.002384	2
-0.234548	0.086530	0.005667	3
-0.253311	0.093452	0.009633	4
-0.272075	0.100375	0.014068	5
-0.290839	0.107297	0.018801	6
-0.309603	0.114219	0.023594	7
-0.328367	0.121142	0.028120	8
-0.347130	0.128064	0.031969	9
-0.365894	0.134987	0.034683	10
-0.384658	0.141909	0.035799	11
-0.403422	0.148831	0.034945	12
-0.422186	0.155754	0.031989	13
-0.440950	0.162676	0.027303	14
-0.459713	0.169598	0.022189	15
-0.478477	0.176521	0.019569	16
-0.497241	0.183443	0.025075	17
-0.516005	0.190366	0.048811	18
-0.534769	0.197288	0.108339	19
-0.553532	0.204210	0.234229	20
-0.572296	0.211133	0.481588	21
-0.591060	0.218055	0.957032	22
-0.609824	0.224978	1.892339	23
-0.628588	0.231900	3.895786	24
-0.647351	0.238822	5.657078	25
-0.666115	0.245745	6.240035	26
-0.684879	0.252667	6.315850	27
-0.703643	0.259589	6.187269	28
-0.722407	0.266512	5.985710	29
-0.741171	0.273434	5.769357	30
-0.759934	0.280357	5.562079	31
-0.778698	0.287279	5.370872	32
-0.797462	0.294201	5.194459	33
-0.816226	0.301124	5.027696	34
-0.834990	0.308046	4.863922	35
-0.853753	0.314969	4.696292	36
-0.872517	0.321891	4.518696	37
-0.891281	0.328813	4.326604	38
-0.910045	0.335736	4.118082	39
-0.928809	0.342658	3.895223	40
35
-0.202115	0.057003	0.000029	1
-0.221365	0.062432	0.000704	2
-0.240614	0.067861	0.003033	3
-0.259863	0.073290	0.007622	4
-0.279112	0.078718	0.014664	5
-0.298361	0.084147	0.024060	6
-0.317610	0.089576	0.035565	7
-0.336859	0.095005	0.048840	8
-0.356108	0.100434	0.063434	9
-0.375357	0.105863	0.078747	10
-0.394606	0.111292	0.093987	11
-0.413855	0.116720	0.108121	12
-0.433105	0.122149	0.119855	13
-0.452354	0.127578	0.127651	14
-0.471603	0.133007	0.129837	15
-0.490852	0.138436	0.124936	16
-0.510101	0.143865	0.112392	17
-0.529350	0.149294	0.094073	18
-0.548599	0.154722	0.077282	19
-0.567848	0.160151	0.081108	20
-0.587097	0.165580	0.152247	21
-0.606346	0.171009	0.414667	22
-0.625595	0.176438	1.254996	23
-0.644845	0.181867	5.968141	24
-0.664094	0.187296	7.537780	25
-0.683343	0.192724	6.655602	26
-0.702592	0.198153	6.197138	27
-0.721841	0.203582	5.830614	28
-0.741090	0.209011	5.523249	29
-0.760339	0.214440	5.269712	30
-0.779588	0.219869	5.061138	31
-0.798837	0.225298	4.885012	32
-0.818086	0.230726	4.727327	33
-0.837335	0.236155	4.573840	34
-0.856585	0.241584	4.410639	35
-0.875834	0.247013	4.224412	36
-0.895083	0.252442	4.002712	37
-0.914332	0.257871	3.734463	38
-0.933581	0.263299	3.410904	39
-0.952830	0.268728	3.027286	40
36
-0.676742	0.134614	15.133949	25
-0.696357	0.138516	9.650159	26
-0.715973	0.142418	7.174693	27
-0.735589	0.146320	5.944374	28
-0.755204	0.150221	5.270993	29
-0.774820	0.154123	4.872347	30
-0.794436	0.158025	4.619873	31
-0.814051	0.161927	4.445948	32
-0.833667	0.165829	4.309049	33
-0.853283	0.169731	4.179831	34
-0.872898	0.173633	4.035065	35
-0.892514	0.177534	3.854848	36
-0.912130	0.181436	3.621426	37
-0.931746	0.185338	3.319155	38
-0.951361	0.189240	2.935629	39
-0.970977	0.193142	2.464462	40
37
-0.685217	0.081103	19.586187	25
-0.705078	0.083453	12.283506	26
-0.724940	0.085804	8.578495	27
-0.744801	0.088155	6.630768	28
-0.764662	0.090506	5.559765	29
-0.784524	0.092857	4.946787	30
-0.804385	0.095207	4.582262	31
-0.824247	0.097558	4.352700	32
-0.844108	0.099909	4.190662	33
-0.863969	0.102260	4.051822	34
-0.883831	0.104611	3.903927	35
-0.903692	0.106961	3.721299	36
-0.923553	0.109312	3.482238	37
-0.943415	0.111663	3.168326	38
-0.963276	0.114014	2.765509	39
-0.983137	0.116365	2.267449	40
38
-0.689468	0.027091	14.653789	25
-0.709453	0.027876	9.537463	26
-0.729437	0.028662	7.245312	27
-0.749422	0.029447	6.079327	28
-0.769406	0.030232	5.409925	29
-0.789391	0.031017	4.990298	30
-0.809375	0.031803	4.710057	31
-0.829360	0.032588	4.509762	32
-0.849345	0.033373	4.350882	33
-0.869329	0.034158	4.204571	34
-0.889314	0.034944	4.047019	35
-0.909298	0.035729	3.857361	36
-0.929283	0.036514	3.616849	37
-0.949267	0.037299	3.308988	38
-0.969252	0.038085	2.920797	39
-0.989237	0.038870	2.445719	40
39
-0.209838	-0.008244	0.000020	1
-0.229823	-0.009029	0.001013	2
-0.249807	-0.009814	0.004884	3
-0.269792	-0.010599	0.012808	4
-0.289776	-0.011385	0.025074	5
-0.309761	-0.012170	0.041414	6
-0.329746	-0.012955	0.061359	7
-0.349730	-0.013740	0.084400	8
-0.369715	-0.014525	0.110019	9
-0.389699	-0.015310	0.137646	10
-0.409684	-0.016095	0.166599	11
-0.429669	-0.016881	0.196002	12
-0.449653	-0.017666	0.224666	13
-0.469638	-0.018451	0.250940	14
-0.489622	-0.019236	0.272475	15
-0.509607	-0.020021	0.285914	16
-0.529591	-0.020806	0.286553	17
-0.549576	-0.021591	0.268404	18
-0.569561	-0.022377	0.226314	19
-0.589545	-0.023162	0.166103	20
-0.609530	-0.023947	0.142947	21
-0.629514	-0.024732	0.395323	22
-0.649499	-0.025517	1.798379	23
-0.669484	-0.026302	6.836522	24
-0.689468	-0.027087	8.217602	25
-0.709453	-0.027873	7.165845	26
-0.729437	-0.028658	6.576396	27
-0.749422	-0.029443	6.112483	28
-0.769406	-0.030228	5.731367	29
-0.789391	-0.031013	5.421096	30
-0.809376	-0.031798	5.168705	31
-0.829360	-0.032583	4.958891	32
-0.849345	-0.033369	4.775480	33
-0.869329	-0.034154	4.602374	34
-0.889314	-0.034939	4.424014	35
-0.909299	-0.035724	4.225635	36
-0.929283	-0.036509	3.993576	37
-0.949268	-0.037294	3.715850	38
-0.969252	-0.038079	3.383189	39
-0.989237	-0.038865	2.990880	40
40
-0.208544	-0.024682	0.000477	1
-0.228406	-0.027033	0.003932	2
-0.248267	-0.029384	0.009811	3
-0.268129	-0.031734	0.017410	4
-0.287990	-0.034085	0.026401	5
-0.307851	-0.036436	0.036483	6
-0.327713	-0.038786	0.047238	7
-0.347574	-0.041137	0.058104	8
-0.367435	-0.043488	0.068393	9
-0.387297	-0.045839	0.077298	10
-0.407158	-0.048189	0.083914	11
-0.427020	-0.050540	0.087282	12
-0.446881	-0.052891	0.086519	13
-0.466742	-0.055241	0.081068	14
-0.486604	-0.057592	0.071233	15
-0.506465	-0.059943	0.059175	16
-0.526326	-0.062293	0.050710	17
-0.546188	-0.064644	0.058317	18
-0.566049	-0.066995	0.105763	19
-0.585911	-0.069345	0.234263	20
-0.605772	-0.071696	0.509235	21
-0.625633	-0.074047	1.028454	22
-0.645495	-0.076398	1.961437	23
-0.665356	-0.078748	3.841473	24
-0.685217	-0.081099	5.560416	25
-0.705079	-0.083450	6.153425	26
-0.724940	-0.085800	6.260952	27
-0.744802	-0.088151	6.163276	28
-0.764663	-0.090502	5.983777	29
-0.784524	-0.092852	5.780298	30
-0.804386	-0.095203	5.578852	31
-0.824247	-0.097554	5.388711	32
-0.844108	-0.099904	5.210246	33
-0.863970	-0.102255	5.039266	34
-0.883831	-0.104606	4.869514	35
-0.903693	-0.106957	4.694222	36
-0.923554	-0.109307	4.507227	37
-0.943415	-0.111658	4.304009	38
-0.963277	-0.114009	4.082875	39
-0.983138	-0.116359	3.846528	40
41
-0.205965	-0.040968	0.001478	1
-0.225581	-0.044870	0.007455	2
-0.245196	-0.048772	0.014433	3
-0.264812	-0.052674	0.021183	4
-0.284428	-0.056575	0.027294	5
-0.304044	-0.060477	0.032551	6
-0.323659	-0.064379	0.036706	7
-0.343275	-0.068281	0.039435	8
-0.362891	-0.072182	0.040375	9
-0.382506	-0.076084	0.039202	10
-0.402122	-0.079986	0.035758	11
-0.421738	-0.083888	0.030231	12
-0.441354	-0.087789	0.023428	13
-0.460969	-0.091691	0.017168	14
-0.480585	-0.095593	0.014817	15
-0.500201	-0.099495	0.022000	16
-0.519816	-0.103396	0.047465	17
-0.539432	-0.107298	0.104123	18
-0.559048	-0.111200	0.210391	19
-0.578664	-0.115102	0.392485	20
-0.598279	-0.119003	0.689198	21
-0.617895	-0.122905	1.160810	22
-0.637511	-0.126807	1.894028	23
-0.657127	-0.130709	2.944705	24
-0.676742	-0.134610	4.018009	25
-0.696358	-0.138512	4.796728	26
-0.715974	-0.142414	5.272414	27
-0.735589	-0.146316	5.520738	28
-0.755205	-0.150217	5.618291	29
-0.774821	-0.154119	5.623037	30
-0.794437	-0.158021	5.574247	31
-0.814052	-0.161923	5.496814	32
-0.833668	-0.165824	5.405695	33
-0.853284	-0.169726	5.309485	34
-0.872899	-0.173628	5.213126	35
-0.892515	-0.177530	5.119961	36
-0.912131	-0.181431	5.033408	37
-0.931747	-0.185333	4.958496	38
-0.951362	-0.189235	4.903512	39
-0.970978	-0.193137	4.882004	40
42
-0.202116	-0.057002	0.002575	1
-0.221365	-0.062431	0.010282	2
-0.240614	-0.067859	0.017467	3
-0.259863	-0.073288	0.023039	4
-0.279112	-0.078717	0.026894	5
-0.298361	-0.084146	0.029030	6
-0.317610	-0.089574	0.029414	7
-0.336860	-0.095003	0.028003	8
-0.356109	-0.100432	0.024815	9
-0.375358	-0.105861	0.020039	10
-0.394607	-0.111289	0.014173	11
-0.413856	-0.116718	0.008201	12
-0.433105	-0.122147	0.003804	13
-0.452354	-0.127576	0.003618	14
-0.471603	-0.133004	0.011542	15
-0.490853	-0.138433	0.033124	16
-0.510102	-0.143862	0.076078	17
-0.529351	-0.149291	0.151073	18
-0.548600	-0.154719	0.272979	19
-0.567849	-0.160148	0.462580	20
-0.587098	-0.165577	0.747891	21
-0.606347	-0.171006	1.161892	22
-0.625596	-0.176434	1.728848	23
-0.644846	-0.181863	2.430599	24
-0.664095	-0.187292	3.167812	25
-0.683344	-0.192721	3.825711	26
-0.702593	-0.198150	4.349573	27
-0.721842	-0.203578	4.733894	28
-0.741091	-0.209007	4.998068	29
-0.760340	-0.214436	5.169307	30
-0.779589	-0.219865	5.274003	31
-0.798838	-0.225293	5.334504	32
-0.818088	-0.230722	5.368673	33
-0.837337	-0.236151	5.390689	34
-0.856586	-0.241580	5.412297	35
-0.875835	-0.247008	5.444185	36
-0.895084	-0.252437	5.497418	37
-0.914333	-0.257866	5.584949	38
-0.933582	-0.263295	5.723362	39
-0.952831	-0.268723	5.935028	40
43
-0.197020	-0.072684	0.003425	1
-0.215784	-0.079606	0.011392	2
-0.234548	-0.086529	0.018092	3
-0.253312	-0.093451	0.022653	4
-0.272076	-0.100373	0.025240	5
-0.290840	-0.107295	0.026000	6
-0.309603	-0.114218	0.025006	7
-0.328367	-0.121140	0.022336	8
-0.347131	-0.128062	0.018177	9
-0.365895	-0.134985	0.012929	10
-0.384659	-0.141907	0.007336	11
-0.403423	-0.148829	0.002628	12
-0.422187	-0.155751	0.000695	13
-0.440950	-0.162674	0.004295	14
-0.459714	-0.169596	0.017322	15
-0.478478	-0.176518	0.045159	16
-0.497242	-0.183441	0.095132	17
-0.516006	-0.190363	0.177072	18
-0.534770	-0.197285	0.303795	19
-0.553533	-0.204207	0.491032	20
-0.572297	-0.211130	0.755846	21
-0.591061	-0.218052	1.112126	22
-0.609825	-0.224974	1.562162	23
-0.628589	-0.231897	2.086690	24
-0.647353	-0.238819	2.642328	25
-0.666117	-0.245741	3.178796	26
-0.684880	-0.252663	3.659504	27
-0.703644	-0.259586	4.067171	28
-0.722408	-0.266508	4.400324	29
-0.741172	-0.273430	4.667368	30
-0.759936	-0.280353	4.881558	31
-0.778700	-0.287275	5.057754	32
-0.797464	-0.294197	5.210767	33
-0.816227	-0.301119	5.354818	34
-0.834991	-0.308042	5.503710	35
-0.853755	-0.314964	5.671434	36
-0.872519	-0.321886	5.873065	37
-0.891283	-0.328809	6.125896	38
-0.910047	-0.335731	6.450843	39
-0.928810	-0.342653	6.874185	40
44
-0.190710	-0.087918	0.003945	1
-0.208873	-0.096291	0.010693	2
-0.227036	-0.104664	0.016438	3
-0.245199	-0.113037	0.020410	4
-0.263362	-0.121411	0.022764	5
-0.281525	-0.129784	0.023572	6
-0.299688	-0.138157	0.022814	7
-0.317851	-0.146530	0.020486	8
-0.336013	-0.154903	0.016717	9
-0.354176	-0.163276	0.011884	10
-0.372339	-0.171649	0.006750	11
-0.390502	-0.180023	0.002616	12
-0.408665	-0.188396	0.001502	13
-0.426828	-0.196769	0.006367	14
-0.444991	-0.205142	0.021347	15
-0.463154	-0.213515	0.052010	16
-0.481317	-0.221888	0.105578	17
-0.499479	-0.230261	0.190982	18
-0.517642	-0.238634	0.318563	19
-0.535805	-0.247008	0.499089	20
-0.553968	-0.255381	0.741809	21
-0.572131	-0.263754	1.051424	22
-0.590294	-0.272127	1.424542	23
-0.608457	-0.280500	1.847345	24
-0.626620	-0.288873	2.296934	25
-0.644783	-0.297246	2.747390	26
-0.662945	-0.305620	3.176840	27
-0.681108	-0.313993	3.571336	28
-0.699271	-0.322366	3.925340	29
-0.717434	-0.330739	4.240267	30
-0.735597	-0.339112	4.522440	31
-0.753760	-0.347485	4.781288	32
-0.771923	-0.355858	5.028086	33
-0.790086	-0.364232	5.275268	34
-0.808249	-0.372605	5.536223	35
-0.826411	-0.380978	5.825475	36
-0.844574	-0.389351	6.159148	37
-0.862737	-0.397724	6.555657	38
-0.880900	-0.406097	7.036617	39
-0.899063	-0.414470	7.627920	40
45
-0.183224	-0.102610	0.004208	1
-0.200674	-0.112382	0.008880	2
-0.218124	-0.122155	0.013499	3
-0.235574	-0.131927	0.017310	4
-0.253024	-0.141699	0.020182	5
-0.270474	-0.151472	0.021902	6
-0.287924	-0.161244	0.022194	7
-0.305374	-0.171016	0.020838	8
-0.322824	-0.180789	0.017794	9
-0.340274	-0.190561	0.013342	10
-0.357724	-0.200334	0.008238	11
-0.375174	-0.210106	0.003895	12
-0.392624	-0.219878	0.002568	13
-0.410074	-0.229651	0.007549	14
-0.427524	-0.239423	0.023320	15
-0.444974	-0.249195	0.055629	16
-0.462424	-0.258968	0.111420	17
-0.479874	-0.268740	0.198510	18
-0.497324	-0.278513	0.324923	19
-0.514774	-0.288285	0.497797	20
-0.532223	-0.298057	0.721931	21
-0.549673	-0.307830	0.998177	22
-0.567123	-0.317602	1.322161	23
-0.584573	-0.327374	1.684063	24
-0.602023	-0.337147	2.069974	25
-0.619473	-0.346919	2.464681	26
-0.636923	-0.356692	2.854726	27
-0.654373	-0.366464	3.230551	28
-0.671823	-0.376236	3.587351	29
-0.689273	-0.386009	3.924902	30
-0.706723	-0.395781	4.246851	31
-0.724173	-0.405553	4.559861	32
-0.741623	-0.415326	4.872878	33
-0.759073	-0.425098	5.196636	34
-0.776523	-0.434871	5.543420	35
-0.793973	-0.444643	5.927065	36
-0.811423	-0.454415	6.363162	37
-0.828873	-0.464188	6.869407	38
-0.846323	-0.473960	7.466064	39
-0.863773	-0.483732	8.176475	40
46
-0.174609	-0.116669	0.004318	1
-0.191238	-0.127781	0.006952	2
-0.207868	-0.138892	0.010633	3
-0.224497	-0.150003	0.014585	4
-0.241127	-0.161115	0.018300	5
-0.257756	-0.172226	0.021203	6
-0.274386	-0.183337	0.022717	7
-0.291015	-0.194449	0.022380	8
-0.307644	-0.205560	0.019978	9
-0.324274	-0.216671	0.015708	10
-0.340903	-0.227783	0.010354	11
-0.357533	-0.238894	0.005479	12
-0.374162	-0.250005	0.003600	13
-0.390792	-0.261117	0.008329	14
-0.407421	-0.272228	0.024422	15
-0.424050	-0.283339	0.057692	16
-0.440680	-0.294451	0.114736	17
-0.457309	-0.305562	0.202424	18
-0.473939	-0.316674	0.327144	19
-0.490568	-0.327785	0.493863	20
-0.507198	-0.338896	0.705137	21
-0.523827	-0.350008	0.960300	22
-0.540456	-0.361119	1.255095	23
-0.557086	-0.372230	1.582008	24
-0.573715	-0.383342	1.931373	25
-0.590345	-0.394453	2.292997	26
-0.606974	-0.405564	2.657852	27
-0.623604	-0.416676	3.019360	28
-0.640233	-0.427787	3.374094	29
-0.656862	-0.438898	3.721903	30
-0.673492	-0.450010	4.065686	31
-0.690121	-0.461121	4.410972	32
-0.706751	-0.472232	4.765509	33
-0.723380	-0.483344	5.138930	34
-0.740010	-0.494455	5.542553	35
-0.756639	-0.505567	5.989327	36
-0.773268	-0.516678	6.493884	37
-0.789898	-0.527789	7.072679	38
-0.806527	-0.538901	7.744161	39
-0.823157	-0.550012	8.528908	40
47
-0.164917	-0.130009	0.004357	1
-0.180623	-0.142391	0.005785	2
-0.196330	-0.154773	0.009018	3
-0.212036	-0.167155	0.013266	4
-0.227742	-0.179537	0.017749	5
-0.243449	-0.191918	0.021628	6
-0.259155	-0.204300	0.024104	7
-0.274862	-0.216682	0.024538	8
-0.290568	-0.229064	0.022594	9
-0.306274	-0.241446	0.018413	10
-0.321981	-0.253827	0.012806	11
-0.337687	-0.266209	0.007446	12
-0.353394	-0.278591	0.005028	13
-0.369100	-0.290973	0.009371	14
-0.384806	-0.303355	0.025395	15
-0.400513	-0.315737	0.058946	16
-0.416219	-0.328118	0.116413	17
-0.431925	-0.340500	0.204156	18
-0.447632	-0.352882	0.327750	19
-0.463338	-0.365264	0.491165	20
-0.479045	-0.377646	0.696019	21
-0.494751	-0.390028	0.941099	22
-0.510457	-0.402409	1.222313	23
-0.526164	-0.414791	1.533169	24
-0.541870	-0.427173	1.865735	25
-0.557576	-0.439555	2.211878	26
-0.573283	-0.451937	2.564487	27
-0.588989	-0.464319	2.918432	28
-0.604696	-0.476700	3.271141	29
-0.620402	-0.489082	3.622775	30
-0.636108	-0.501464	3.976142	31
-0.651815	-0.513846	4.336434	32
-0.667521	-0.526228	4.710941	33
-0.683227	-0.538610	5.108791	34
-0.698934	-0.550991	5.540783	35
-0.714640	-0.563373	6.019299	36
-0.730347	-0.575755	6.558303	37
-0.746053	-0.588137	7.173373	38
-0.761759	-0.600519	7.881731	39
-0.777466	-0.612901	8.702208	40
48
-0.154208	-0.142548	0.004364	1
-0.168895	-0.156124	0.005860	2
-0.183581	-0.169700	0.009286	3
-0.198268	-0.183276	0.013857	4
-0.212954	-0.196852	0.018762	5
-0.227641	-0.210427	0.023116	6
-0.242327	-0.224003	0.026060	7
-0.257014	-0.237579	0.026898	8
-0.271700	-0.251155	0.025242	9
-0.286387	-0.264731	0.021193	10
-0.301073	-0.278307	0.015540	11
-0.315760	-0.291883	0.009956	12
-0.330446	-0.305459	0.007166	13
-0.345133	-0.319035	0.011040	14
-0.359819	-0.332611	0.026568	15
-0.374506	-0.346187	0.059669	16
-0.389192	-0.359763	0.116800	17
-0.403879	-0.373339	0.204364	18
-0.418565	-0.386915	0.327947	19
-0.433252	-0.400491	0.491492	20
-0.447938	-0.414067	0.696562	21
-0.462625	-0.427643	0.941869	22
-0.477311	-0.441219	1.223248	23
-0.491998	-0.454795	1.534147	24
-0.506684	-0.468371	1.866600	25
-0.521371	-0.481947	2.212468	26
-0.536057	-0.495523	2.564665	27
-0.550744	-0.509099	2.918111	28
-0.565430	-0.522675	3.270300	29
-0.580117	-0.536251	3.621475	30
-0.594803	-0.549827	3.974519	31
-0.609490	-0.563403	4.334699	32
-0.624176	-0.576979	4.709358	33
-0.638863	-0.590555	5.107658	34
-0.653549	-0.604131	5.540404	35
-0.668236	-0.617706	6.019955	36
-0.682922	-0.631282	6.560215	37
-0.697609	-0.644858	7.176667	38
-0.712295	-0.658434	7.886392	39
-0.726981	-0.672010	8.708027	40
49
-0.142549	-0.154207	0.004337	1
-0.156125	-0.168894	0.007155	2
-0.169701	-0.183580	0.011354	3
-0.183277	-0.198266	0.016182	4
-0.196853	-0.212953	0.021059	5
-0.210429	-0.227639	0.025285	6
-0.224005	-0.242326	0.028134	7
-0.237581	-0.257012	0.028985	8
-0.251157	-0.271698	0.027476	9
-0.264733	-0.286385	0.023678	10
-0.278309	-0.301071	0.018298	11
-0.291885	-0.315758	0.012883	12
-0.305461	-0.330444	0.010007	13
-0.319038	-0.345131	0.013415	14
-0.332614	-0.359817	0.028055	15
-0.346190	-0.374503	0.059967	16
-0.359766	-0.389190	0.115964	17
-0.373342	-0.403876	0.203075	18
-0.386918	-0.418563	0.327752	19
-0.400494	-0.433249	0.494905	20
-0.414070	-0.447935	0.706925	21
-0.427646	-0.462622	0.962912	22
-0.441222	-0.477308	1.258355	23
-0.454798	-0.491995	1.585537	24
-0.468374	-0.506681	1.934666	25
-0.481950	-0.521367	2.295520	26
-0.495526	-0.536054	2.659137	27
-0.509102	-0.550740	3.019094	28
-0.522678	-0.565427	3.372175	29
-0.536255	-0.580113	3.718484	30
-0.549831	-0.594799	4.061172	31
-0.563407	-0.609486	4.405998	32
-0.576983	-0.624172	4.760886	33
-0.590559	-0.638859	5.135575	34
-0.604135	-0.653545	5.541408	35
-0.617711	-0.668231	5.991261	36
-0.631287	-0.682918	6.499597	37
-0.644863	-0.697604	7.082586	38
-0.658439	-0.712291	7.758263	39
-0.672015	-0.726977	8.546631	40
50
-0.130010	-0.164916	0.004232	1
-0.142392	-0.180622	0.009140	2
-0.154774	-0.196329	0.014431	3
-0.167156	-0.212035	0.019403	4
-0.179538	-0.227741	0.023857	5
-0.191920	-0.243448	0.027442	6
-0.204302	-0.259154	0.029698	7
-0.216684	-0.274860	0.030198	8
-0.229066	-0.290566	0.028683	9
-0.241448	-0.306273	0.025232	10
-0.253830	-0.321979	0.020441	11
-0.266212	-0.337685	0.015633	12
-0.278593	-0.353392	0.013076	13
-0.290975	-0.369098	0.016196	14
-0.303357	-0.384804	0.029732	15
-0.315739	-0.400511	0.059792	16
-0.328121	-0.416217	0.113722	17
-0.340503	-0.431923	0.199699	18
-0.352885	-0.447629	0.325972	19
-0.365267	-0.463336	0.499681	20
-0.377649	-0.479042	0.725385	21
-0.390031	-0.494748	1.003501	22
-0.402413	-0.510455	1.329138	23
-0.414795	-0.526161	1.692020	24
-0.427177	-0.541867	2.077946	25
-0.439559	-0.557574	2.471597	26
-0.451941	-0.573280	2.859608	27
-0.464322	-0.588986	3.232682	28
-0.476704	-0.604692	3.586411	29
-0.489086	-0.620399	3.921047	30
-0.501468	-0.636105	4.240720	31
-0.513850	-0.651811	4.552527	32
-0.526232	-0.667518	4.865746	33
-0.538614	-0.683224	5.191312	34
-0.550996	-0.698930	5.541559	35
-0.563378	-0.714636	5.930213	36
-0.575760	-0.730343	6.372587	37
-0.588142	-0.746049	6.885920	38
-0.600524	-0.761755	7.489810	39
-0.612906	-0.777462	8.206676	40
51
-0.116670	-0.174608	0.003965	1
-0.127782	-0.191238	0.010906	2
-0.138893	-0.207867	0.017222	3
-0.150005	-0.224496	0.022232	4
-0.161116	-0.241126	0.026077	5
-0.172228	-0.257755	0.028753	6
-0.183339	-0.274384	0.030110	7
-0.194451	-0.291014	0.029969	8
-0.205562	-0.307643	0.028247	9
-0.216674	-0.324272	0.025086	10
-0.227785	-0.340902	0.021008	11
-0.238896	-0.357531	0.017102	12
-0.250008	-0.374160	0.015256	13
-0.261119	-0.390790	0.018417	14
-0.272231	-0.407419	0.030897	15
-0.283342	-0.424049	0.058646	16
-0.294454	-0.440678	0.109457	17
-0.305565	-0.457307	0.192933	18
-0.316677	-0.473937	0.320016	19
-0.327788	-0.490566	0.501785	20
-0.338900	-0.507195	0.747330	21
-0.350011	-0.523825	1.060697	22
-0.361123	-0.540454	1.437521	23
-0.372234	-0.557083	1.863048	24
-0.383345	-0.573713	2.313741	25
-0.394457	-0.590342	2.763391	26
-0.405568	-0.606971	3.190171	27
-0.416680	-0.623601	3.580510	28
-0.427791	-0.640230	3.929521	29
-0.438903	-0.656859	4.239431	30
-0.450014	-0.673489	4.517392	31
-0.461126	-0.690118	4.773562	32
-0.472237	-0.706748	5.019760	33
-0.483349	-0.723377	5.268740	34
-0.494460	-0.740006	5.533975	35
-0.505572	-0.756636	5.829841	36
-0.516683	-0.773265	6.172083	37
-0.527794	-0.789894	6.578506	38
-0.538906	-0.806524	7.069849	39
-0.550017	-0.823153	7.670805	40
52
-0.102611	-0.183224	0.003429	1
-0.112384	-0.200674	0.011447	2
-0.122156	-0.218124	0.018350	3
-0.131929	-0.235573	0.023364	4
-0.141701	-0.253023	0.026725	5
-0.151474	-0.270473	0.028616	6
-0.161246	-0.287923	0.029108	7
-0.171019	-0.305373	0.028241	8
-0.180791	-0.322823	0.026111	9
-0.190563	-0.340273	0.022967	10
-0.200336	-0.357723	0.019327	11
-0.210108	-0.375173	0.016133	12
-0.219881	-0.392622	0.014949	13
-0.229653	-0.410072	0.018235	14
-0.239426	-0.427522	0.029718	15
-0.249198	-0.444972	0.054871	16
-0.258971	-0.462422	0.101502	17
-0.268743	-0.479872	0.180365	18
-0.278516	-0.497322	0.305511	19
-0.288288	-0.514772	0.493847	20
-0.298061	-0.532222	0.762957	21
-0.307833	-0.549671	1.126095	22
-0.317606	-0.567121	1.583793	23
-0.327378	-0.584571	2.114750	24
-0.337151	-0.602021	2.674258	25
-0.346923	-0.619471	3.211294	26
-0.356696	-0.636921	3.689073	27
-0.366468	-0.654371	4.090811	28
-0.376241	-0.671821	4.416153	29
-0.386013	-0.689270	4.674931	30
-0.395786	-0.706720	4.881808	31
-0.405558	-0.724170	5.052795	32
-0.415331	-0.741620	5.203497	33
-0.425103	-0.759070	5.348557	34
-0.434876	-0.776520	5.501861	35
-0.444648	-0.793970	5.677183	36
-0.454421	-0.811420	5.889114	37
-0.464193	-0.828870	6.154206	38
-0.473966	-0.846319	6.492358	39
-0.483738	-0.863769	6.928492	40
53
-0.087919	-0.190710	0.002556	1
-0.096292	-0.208873	0.010116	2
-0.104666	-0.227035	0.016962	3
-0.113039	-0.245198	0.022064	4
-0.121412	-0.263361	0.025423	5
-0.129786	-0.281524	0.027168	6
-0.138159	-0.299687	0.027415	7
-0.146532	-0.317850	0.026271	8
-0.154905	-0.336012	0.023891	9
-0.163279	-0.354175	0.020555	10
-0.171652	-0.372338	0.016767	11
-0.180025	-0.390501	0.013382	12
-0.188398	-0.408664	0.011774	13
-0.196772	-0.426827	0.014076	14
-0.205145	-0.444989	0.023532	15
-0.213518	-0.463152	0.045029	16
-0.221891	-0.481315	0.085916	17
-0.230265	-0.499478	0.157226	18
-0.238638	-0.517641	0.275326	19
-0.247011	-0.535804	0.463659	20
-0.255384	-0.553966	0.753171	21
-0.263758	-0.572129	1.178029	22
-0.272131	-0.590292	1.759965	23
-0.280504	-0.608455	2.475596	24
-0.288877	-0.626618	3.222600	25
-0.297251	-0.644781	3.884265	26
-0.305624	-0.662943	4.404915	27
-0.313997	-0.681106	4.780067	28
-0.322371	-0.699269	5.031594	29
-0.330744	-0.717432	5.189502	30
-0.339117	-0.735595	5.282494	31
-0.347490	-0.753758	5.334471	32
-0.355864	-0.771920	5.364144	33
-0.364237	-0.790083	5.385987	34
-0.372610	-0.808246	5.411646	35
-0.380983	-0.826409	5.451431	36
-0.389357	-0.844572	5.515799	37
-0.397730	-0.862735	5.616883	38
-0.406103	-0.880897	5.770215	39
-0.414476	-0.899060	5.996821	40
54
-0.072685	-0.197020	0.001442	1
-0.079608	-0.215784	0.007119	2
-0.086530	-0.234548	0.013289	3
-0.093453	-0.253311	0.018648	4
-0.100375	-0.272075	0.022824	5
-0.107297	-0.290839	0.025730	6
-0.114220	-0.309603	0.027316	7
-0.121142	-0.328367	0.027525	8
-0.128065	-0.347130	0.026320	9
-0.134987	-0.365894	0.023752	10
-0.141909	-0.384658	0.020058	11
-0.148832	-0.403422	0.015791	12
-0.155754	-0.422186	0.011997	13
-0.162677	-0.440949	0.010468	14
-0.169599	-0.459713	0.014094	15
-0.176521	-0.478477	0.027401	16
-0.183444	-0.497241	0.057372	17
-0.190366	-0.516005	0.114845	18
-0.197289	-0.534768	0.216965	19
-0.204211	-0.553532	0.391499	20
-0.211134	-0.572296	0.683711	21
-0.218056	-0.591060	1.164240	22
-0.224978	-0.609824	1.924735	23
-0.231901	-0.628587	3.006856	24
-0.238823	-0.647351	4.101402	25
-0.245746	-0.666115	4.886666	26
-0.252668	-0.684879	5.353504	27
-0.259590	-0.703643	5.583303	28
-0.266513	-0.722406	5.659551	29
-0.273435	-0.741170	5.645082	30
-0.280358	-0.759934	5.581636	31
-0.287280	-0.778698	5.494892	32
-0.294202	-0.797462	5.399697	33
-0.301125	-0.816225	5.304157	34
-0.308047	-0.834989	5.212616	35
-0.314970	-0.853753	5.127804	36
-0.321892	-0.872517	5.052501	37
-0.328814	-0.891281	4.991020	38
-0.335737	-0.910044	4.950769	39
-0.342659	-0.928808	4.944187	40
55
-0.057003	-0.202115	0.000454	1
-0.062432	-0.221364	0.003645	2
-0.067861	-0.240614	0.008633	3
-0.073290	-0.259863	0.014442	4
-0.078719	-0.279112	0.020622	5
-0.084148	-0.298361	0.026865	6
-0.089577	-0.317610	0.032824	7
-0.095005	-0.336859	0.038088	8
-0.100434	-0.356108	0.042197	9
-0.105863	-0.375357	0.044685	10
-0.111292	-0.394606	0.045133	11
-0.116721	-0.413855	0.043260	12
-0.122150	-0.433104	0.039079	13
-0.127579	-0.452353	0.033158	14
-0.133008	-0.471603	0.027045	15
-0.138436	-0.490852	0.023936	16
-0.143865	-0.510101	0.029744	17
-0.149294	-0.529350	0.054804	18
-0.154723	-0.548599	0.116755	19
-0.160152	-0.567848	0.245943	20
-0.165581	-0.587097	0.496742	21
-0.171010	-0.606346	0.974269	22
-0.176439	-0.625595	1.907835	23
-0.181868	-0.644844	3.902396	24
-0.187296	-0.664093	5.647155	25
-0.192725	-0.683342	6.218959	26
-0.198154	-0.702592	6.289699	27
-0.203583	-0.721841	6.160376	28
-0.209012	-0.741090	5.960781	29
-0.214441	-0.760339	5.747962	30
-0.219870	-0.779588	5.545041	31
-0.225299	-0.798837	5.358515	32
-0.230727	-0.818086	5.186745	33
-0.236156	-0.837335	5.024307	34
-0.241585	-0.856584	4.864297	35
-0.247014	-0.875833	4.699665	36
-0.252443	-0.895082	4.524130	37
-0.257872	-0.914332	4.333033	38
-0.263301	-0.933581	4.124375	39
-0.268730	-0.952830	3.900250	40
56
-0.040970	-0.205965	0.000042	1
-0.044872	-0.225580	0.001049	2
-0.048774	-0.245196	0.004529	3
-0.052675	-0.264812	0.011260	4
-0.056577	-0.284428	0.021285	5
-0.060479	-0.304043	0.034161	6
-0.064381	-0.323659	0.049255	7
-0.068283	-0.343275	0.065875	8
-0.072185	-0.362890	0.083283	9
-0.076087	-0.382506	0.100663	10
-0.079989	-0.402122	0.117076	11
-0.083890	-0.421737	0.131415	12
-0.087792	-0.441353	0.142374	13
-0.091694	-0.460969	0.148472	14
-0.095596	-0.480584	0.148169	15
-0.099498	-0.500200	0.140187	16
-0.103400	-0.519816	0.124250	17
-0.107302	-0.539431	0.102591	18
-0.111204	-0.559047	0.082962	19
-0.115105	-0.578663	0.084965	20
-0.119007	-0.598279	0.155819	21
-0.122909	-0.617894	0.419923	22
-0.126811	-0.637510	1.264078	23
-0.130713	-0.657126	5.982019	24
-0.134615	-0.676741	7.534673	25
-0.138517	-0.696357	6.644149	26
-0.142419	-0.715973	6.182912	27
-0.146321	-0.735588	5.816201	28
-0.150222	-0.755204	5.510009	29
-0.154124	-0.774820	5.258380	30
-0.158026	-0.794435	5.052089	31
-0.161928	-0.814051	4.878394	32
-0.165830	-0.833667	4.723114	33
-0.169732	-0.853283	4.571862	34
-0.173634	-0.872898	4.410589	35
-0.177536	-0.892514	4.225855	36
-0.181437	-0.912130	4.005111	37
-0.185339	-0.931745	3.737205	38
-0.189241	-0.951361	3.413351	39
-0.193143	-0.970977	3.028839	40
57
-0.081103	-0.685217	15.138908	25
-0.083454	-0.705078	9.647708	26
-0.085805	-0.724940	7.169321	27
-0.088156	-0.744801	5.938312	28
-0.090507	-0.764662	5.265262	29
-0.092858	-0.784524	4.867398	30
-0.095208	-0.804385	4.615896	31
-0.097559	-0.824246	4.443005	32
-0.099910	-0.844108	4.307129	33
-0.102261	-0.863969	4.178855	34
-0.104612	-0.883831	4.034898	35
-0.106963	-0.903692	3.855294	36
-0.109313	-0.923553	3.622241	37
-0.111664	-0.943415	3.320059	38
-0.114015	-0.963276	2.936337	39
-0.116366	-0.983137	2.464725	40
58
-0.027092	-0.689468	19.585774	25
-0.027877	-0.709453	12.283624	26
-0.028663	-0.729437	8.578816	27
-0.029448	-0.749422	6.631134	28
-0.030233	-0.769406	5.560110	29
-0.031018	-0.789391	4.947090	30
-0.031804	-0.809375	4.582518	31
-0.032589	-0.829360	4.352913	32
-0.033374	-0.849345	4.190832	33
-0.034159	-0.869329	4.051950	34
-0.034945	-0.889314	3.904013	35
-0.035730	-0.909298	3.721339	36
-0.036515	-0.929283	3.482227	37
-0.037301	-0.949267	3.168261	38
-0.038086	-0.969252	2.765388	39
-0.038871	-0.989237	2.267279	40
59
0.027087	-0.689468	14.650413	25
0.027872	-0.709453	9.540933	26
0.028657	-0.729437	7.251233	27
0.029442	-0.749422	6.085690	28
0.030227	-0.769406	5.415857	29
0.031012	-0.789391	4.995424	30
0.031797	-0.809376	4.714216	31
0.032582	-0.829360	4.512895	32
0.033367	-0.849345	4.352993	33
0.034153	-0.869329	4.205719	34
0.034938	-0.889314	4.047320	35
0.035723	-0.909299	3.856989	36
0.036508	-0.929283	3.616026	37
0.037293	-0.949268	3.307973	38
0.038078	-0.969252	2.919861	39
0.038863	-0.989237	2.445116	40
60
0.024682	-0.208544	0.000014	1
0.027033	-0.228406	0.000685	2
0.029383	-0.248267	0.003288	3
0.031734	-0.268129	0.008710	4
0.034085	-0.287990	0.017358	5
0.036435	-0.307851	0.029327	6
0.038786	-0.327713	0.044586	7
0.041137	-0.347574	0.063041	8
0.043487	-0.367436	0.084529	9
0.045838	-0.387297	0.108770	10
0.048189	-0.407158	0.135303	11
0.050539	-0.427020	0.163402	12
0.052890	-0.446881	0.191966	13
0.055241	-0.466742	0.219359	14
0.057591	-0.486604	0.243177	15
0.059942	-0.506465	0.259937	16
0.062293	-0.526327	0.264728	17
0.064643	-0.546188	0.251263	18
0.066994	-0.566049	0.213962	19
0.069345	-0.585911	0.158037	20
0.071695	-0.605772	0.137739	21
0.074046	-0.625633	0.390053	22
0.076397	-0.645495	1.787506	23
0.078747	-0.665356	6.818889	24
0.081098	-0.685218	8.216183	25
0.083449	-0.705079	7.173373	26
0.085799	-0.724940	6.587507	27
0.088150	-0.744802	6.124540	28
0.090501	-0.764663	5.742896	29
0.092851	-0.784524	5.431246	30
0.095202	-0.804386	5.176992	31
0.097553	-0.824247	4.965072	32
0.099903	-0.844109	4.779493	33
0.102254	-0.863970	4.604313	34
0.104605	-0.883831	4.424115	35
0.106955	-0.903693	4.224268	36
0.109306	-0.923554	3.991221	37
0.111657	-0.943415	3.713069	38
0.114007	-0.963277	3.380577	39
0.116358	-0.983138	2.989005	40
61
0.040968	-0.205965	0.000322	1
0.044870	-0.225581	0.002579	2
0.048772	-0.245197	0.006460	3
0.052673	-0.264812	0.011650	4
0.056575	-0.284428	0.018060	5
0.060477	-0.304044	0.025591	6
0.064378	-0.323659	0.034017	7
0.068280	-0.343275	0.042962	8
0.072182	-0.362891	0.051889	9
0.076084	-0.382507	0.060093	10
0.079985	-0.402122	0.066708	11
0.083887	-0.421738	0.070758	12
0.087789	-0.441354	0.071261	13
0.091691	-0.460969	0.067495	14
0.095592	-0.480585	0.059521	15
0.099494	-0.500201	0.049190	16
0.103396	-0.519817	0.041954	17
0.107297	-0.539432	0.049924	18
0.111199	-0.559048	0.096574	19
0.115101	-0.578664	0.223052	20
0.119003	-0.598280	0.495188	21
0.122904	-0.617895	1.012012	22
0.126806	-0.637511	1.945586	23
0.130708	-0.657127	3.833306	24
0.134610	-0.676742	5.567706	25
0.138511	-0.696358	6.171244	26
0.142413	-0.715974	6.283709	27
0.146315	-0.735590	6.187019	28
0.150216	-0.755205	6.006026	29
0.154118	-0.774821	5.799581	30
0.158020	-0.794437	5.594347	31
0.161922	-0.814052	5.400043	32
0.165823	-0.833668	5.217368	33
0.169725	-0.853284	5.042401	34
0.173627	-0.872900	4.869122	35
0.177528	-0.892515	4.690970	36
0.181430	-0.912131	4.501960	37
0.185332	-0.931747	4.297703	38
0.189234	-0.951363	4.076580	39
0.193135	-0.970978	3.841291	40
62
0.057002	-0.202116	0.000957	1
0.062430	-0.221365	0.004723	2
0.067859	-0.240614	0.009204	3
0.073288	-0.259863	0.013778	4
0.078717	-0.279112	0.018236	5
0.084145	-0.298361	0.022409	6
0.089574	-0.317611	0.026050	7
0.095003	-0.336860	0.028813	8
0.100431	-0.356109	0.030278	9
0.105860	-0.375358	0.030029	10
0.111289	-0.394607	0.027760	11
0.116718	-0.413856	0.023460	12
0.122146	-0.433105	0.017689	13
0.127575	-0.452354	0.011983	14
0.133004	-0.471604	0.009429	15
0.138433	-0.490853	0.015424	16
0.143861	-0.510102	0.038620	17
0.149290	-0.529351	0.092069	18
0.154719	-0.548600	0.194697	19
0.160147	-0.567849	0.373709	20
0.165576	-0.587098	0.669409	21
0.171005	-0.606348	1.143965	22
0.176434	-0.625597	1.885752	23
0.181862	-0.644846	2.950782	24
0.187291	-0.664095	4.040346	25
0.192720	-0.683344	4.831205	26
0.198149	-0.702593	5.313256	27
0.203577	-0.721842	5.562822	28
0.209006	-0.741091	5.657807	29
0.214435	-0.760341	5.657442	30
0.219863	-0.779590	5.602018	31
0.225292	-0.798839	5.517208	32
0.230721	-0.818088	5.418565	33
0.236150	-0.837337	5.315161	34
0.241578	-0.856586	5.212329	35
0.247007	-0.875835	5.113744	36
0.252436	-0.895084	5.023098	37
0.257865	-0.914334	4.945642	38
0.263293	-0.933583	4.889821	39
0.268722	-0.952832	4.869278	40
63
0.072684	-0.197020	0.001589	1
0.079606	-0.215784	0.006191	2
0.086528	-0.234548	0.010652	3
0.093451	-0.253312	0.014471	4
0.100373	-0.272076	0.017572	5
0.107295	-0.290840	0.019839	6
0.114217	-0.309604	0.021079	7
0.121140	-0.328367	0.021055	8
0.128062	-0.347131	0.019559	9
0.134984	-0.365895	0.016515	10
0.141906	-0.384659	0.012118	11
0.148829	-0.403423	0.007028	12
0.155751	-0.422187	0.002613	13
0.162673	-0.440951	0.001256	14
0.169595	-0.459714	0.006731	15
0.176518	-0.478478	0.024676	16
0.183440	-0.497242	0.063201	17
0.190362	-0.516006	0.133757	18
0.197284	-0.534770	0.252402	19
0.204207	-0.553534	0.441433	20
0.211129	-0.572298	0.730454	21
0.218051	-0.591061	1.153609	22
0.224973	-0.609825	1.735201	23
0.231896	-0.628589	2.455255	24
0.238818	-0.647353	3.210620	25
0.245740	-0.666117	3.882559	26
0.252663	-0.684881	4.414421	27
0.259585	-0.703645	4.800602	28
0.266507	-0.722408	5.061405	29
0.273429	-0.741172	5.225316	30
0.280352	-0.759936	5.320001	31
0.287274	-0.778700	5.368935	32
0.294196	-0.797464	5.390931	33
0.301118	-0.816228	5.400953	34
0.308041	-0.834992	5.411398	35
0.314963	-0.853755	5.433505	36
0.321885	-0.872519	5.478801	37
0.328807	-0.891283	5.560643	38
0.335730	-0.910047	5.695967	39
0.342652	-0.928811	5.907475	40
64
0.087918	-0.190710	0.001987	1
0.096291	-0.208873	0.006388	2
0.104664	-0.227036	0.010420	3
0.113037	-0.245199	0.013737	4
0.121410	-0.263362	0.016359	5
0.129783	-0.281525	0.018185	6
0.138156	-0.299688	0.019007	7
0.146530	-0.317851	0.018592	8
0.154903	-0.336014	0.016767	9
0.163276	-0.354177	0.013536	10
0.171649	-0.372339	0.009227	11
0.180022	-0.390502	0.004679	12
0.188395	-0.408665	0.001476	13
0.196768	-0.426828	0.002244	14
0.205141	-0.444991	0.011005	15
0.213514	-0.463154	0.033620	16
0.221888	-0.481317	0.078309	17
0.230261	-0.499480	0.156194	18
0.238634	-0.517643	0.281676	19
0.247007	-0.535806	0.472100	20
0.255380	-0.553968	0.745771	21
0.263753	-0.572131	1.116924	22
0.272126	-0.590294	1.586842	23
0.280499	-0.608457	2.133739	24
0.288872	-0.626620	2.710679	25
0.297246	-0.644783	3.263994	26
0.305619	-0.662946	3.754961	27
0.313992	-0.681109	4.165629	28
0.322365	-0.699272	4.494977	29
0.330738	-0.717435	4.752520	30
0.339111	-0.735597	4.952894	31
0.347484	-0.753760	5.112367	32
0.355857	-0.771923	5.247059	33
0.364231	-0.790086	5.372350	34
0.372604	-0.808249	5.503054	35
0.380977	-0.826412	5.654046	36
0.389350	-0.844575	5.841186	37
0.397723	-0.862738	6.082502	38
0.406096	-0.880901	6.399638	39
0.414469	-0.899064	6.819659	40
65
0.102610	-0.183225	0.002136	1
0.112382	-0.200675	0.005482	2
0.122154	-0.218125	0.008905	3
0.131927	-0.235575	0.012120	4
0.141699	-0.253024	0.015065	5
0.151471	-0.270474	0.017518	6
0.161244	-0.287924	0.019133	7
0.171016	-0.305374	0.019527	8
0.180788	-0.322824	0.018383	9
0.190561	-0.340274	0.015585	10
0.200333	-0.357724	0.011394	11
0.210105	-0.375174	0.006674	12
0.219878	-0.392624	0.003174	13
0.229650	-0.410074	0.003851	14
0.239423	-0.427524	0.013224	15
0.249195	-0.444974	0.037708	16
0.258967	-0.462424	0.085840	17
0.268740	-0.479874	0.168248	18
0.278512	-0.497324	0.297119	19
0.288284	-0.514774	0.484839	20
0.298057	-0.532224	0.741587	21
0.307829	-0.549674	1.071849	22
0.317601	-0.567124	1.470609	23
0.327374	-0.584574	1.921135	24
0.337146	-0.602024	2.396896	25
0.346918	-0.619474	2.868517	26
0.356691	-0.636924	3.311629	27
0.366463	-0.654374	3.711066	28
0.376235	-0.671824	4.061265	29
0.386008	-0.689274	4.364490	30
0.395780	-0.706724	4.628439	31
0.405552	-0.724173	4.864150	32
0.415325	-0.741623	5.084537	33
0.425097	-0.759073	5.303596	34
0.434869	-0.776523	5.536159	35
0.444642	-0.793973	5.798078	36
0.454414	-0.811423	6.106734	37
0.464187	-0.828873	6.481804	38
0.473959	-0.846323	6.946244	39
0.483731	-0.863773	7.527486	40
66
0.116669	-0.174609	0.002137	1
0.127780	-0.191239	0.004194	2
0.138892	-0.207868	0.007079	3
0.150003	-0.224497	0.010507	4
0.161114	-0.241127	0.014210	5
0.172226	-0.257756	0.017756	6
0.183337	-0.274386	0.020584	7
0.194448	-0.291015	0.022093	8
0.205560	-0.307645	0.021759	9
0.216671	-0.324274	0.019294	10
0.227782	-0.340904	0.014875	11
0.238894	-0.357533	0.009417	12
0.250005	-0.374162	0.004901	13
0.261116	-0.390792	0.004698	14
0.272228	-0.407421	0.013868	15
0.283339	-0.424051	0.039307	16
0.294450	-0.440680	0.089657	17
0.305562	-0.457310	0.174826	18
0.316673	-0.473939	0.304994	19
0.327784	-0.490569	0.489064	20
0.338896	-0.507198	0.732681	21
0.350007	-0.523827	1.036180	22
0.361118	-0.540457	1.393134	23
0.372230	-0.557086	1.790343	24
0.383341	-0.573716	2.209799	25
0.394452	-0.590345	2.632292	26
0.405564	-0.606975	3.041216	27
0.416675	-0.623604	3.425124	28
0.427786	-0.640234	3.778637	29
0.438898	-0.656863	4.102066	30
0.450009	-0.673492	4.400367	31
0.461120	-0.690122	4.681966	32
0.472232	-0.706751	4.957769	33
0.483343	-0.723381	5.240490	34
0.494454	-0.740010	5.544338	35
0.505566	-0.756640	5.885020	36
0.516677	-0.773269	6.279995	37
0.527788	-0.789898	6.748934	38
0.538900	-0.806528	7.314325	39
0.550011	-0.823157	8.002137	40
67
0.130009	-0.164917	0.002105	1
0.142391	-0.180624	0.003333	2
0.154773	-0.196330	0.005979	3
0.167154	-0.212036	0.009743	4
0.179536	-0.227743	0.014191	5
0.191918	-0.243449	0.018712	6
0.204300	-0.259156	0.022572	7
0.216682	-0.274862	0.024995	8
0.229063	-0.290568	0.025288	9
0.241445	-0.306275	0.023036	10
0.253827	-0.321981	0.018360	11
0.266209	-0.337687	0.012224	12
0.278591	-0.353394	0.006789	13
0.290972	-0.369100	0.005729	14
0.303354	-0.384807	0.014457	15
0.315736	-0.400513	0.040154	16
0.328118	-0.416219	0.091478	17
0.340500	-0.431926	0.177867	18
0.352882	-0.447632	0.308391	19
0.365263	-0.463339	0.490241	20
0.377645	-0.479045	0.727091	21
0.390027	-0.494751	1.017737	22
0.402409	-0.510458	1.355493	23
0.414791	-0.526164	1.728756	24
0.427172	-0.541871	2.122783	25
0.439554	-0.557577	2.522263	26
0.451936	-0.573283	2.913902	27
0.464318	-0.588990	3.288294	28
0.476700	-0.604696	3.640776	29
0.489081	-0.620403	3.971402	30
0.501463	-0.636109	4.284351	31
0.513845	-0.651815	4.587127	32
0.526227	-0.667522	4.889799	33
0.538609	-0.683228	5.204442	34
0.550990	-0.698935	5.544829	35
0.563372	-0.714641	5.926363	36
0.575754	-0.730347	6.366235	37
0.588136	-0.746054	6.883715	38
0.600518	-0.761760	7.500551	39
0.612899	-0.777467	8.241357	40
68
0.142547	-0.154208	0.002111	1
0.156123	-0.168895	0.003396	2
0.169699	-0.183581	0.006203	3
0.183275	-0.198268	0.010246	4
0.196851	-0.212954	0.015078	5
0.210427	-0.227641	0.020061	6
0.224003	-0.242327	0.024416	7
0.237579	-0.257014	0.027314	8
0.251155	-0.271700	0.028001	9
0.264731	-0.286387	0.026004	10
0.278307	-0.301074	0.021393	11
0.291883	-0.315760	0.015109	12
0.305459	-0.330447	0.009316	13
0.319035	-0.345133	0.007733	14
0.332611	-0.359820	0.015860	15
0.346187	-0.374506	0.040985	16
0.359763	-0.389193	0.091883	17
0.373339	-0.403879	0.178089	18
0.386914	-0.418566	0.308720	19
0.400490	-0.433252	0.490948	20
0.414066	-0.447939	0.728361	21
0.427642	-0.462625	1.019625	22
0.441218	-0.477312	1.357915	23
0.454794	-0.491998	1.731506	24
0.468370	-0.506685	2.125580	25
0.481946	-0.521371	2.524799	26
0.495522	-0.536058	2.915892	27
0.509098	-0.550744	3.289518	28
0.522674	-0.565431	3.641120	29
0.536250	-0.580117	3.970881	30
0.549826	-0.594804	4.283115	31
0.563402	-0.609490	4.585450	32
0.576978	-0.624177	4.888054	33
0.590554	-0.638863	5.203064	34
0.604130	-0.653550	5.544274	35
0.617706	-0.668236	5.927066	36
0.631282	-0.682923	6.368561	37
0.644857	-0.697609	6.887917	38
0.658433	-0.712296	7.506717	39
0.672009	-0.726982	8.249338	40
69
0.154207	-0.142549	0.002152	1
0.168893	-0.156125	0.004354	2
0.183580	-0.169701	0.007651	3
0.198266	-0.183277	0.011800	4
0.212953	-0.196853	0.016514	5
0.227639	-0.210429	0.021295	6
0.242325	-0.224005	0.025480	7
0.257012	-0.237581	0.028332	8
0.271698	-0.251158	0.029166	9
0.286385	-0.264734	0.027529	10
0.301071	-0.278310	0.023449	11
0.315757	-0.291886	0.017741	12
0.330444	-0.305462	0.012365	13
0.345130	-0.319038	0.010783	14
0.359816	-0.332614	0.018259	15
0.374503	-0.346190	0.041999	16
0.389189	-0.359766	0.091005	17
0.403876	-0.373342	0.175516	18
0.418562	-0.386918	0.305924	19
0.433248	-0.400494	0.491137	20
0.447935	-0.414071	0.736573	21
0.462621	-0.427647	1.042163	22
0.477308	-0.441223	1.401005	23
0.491994	-0.454799	1.799481	24
0.506680	-0.468375	2.219312	25
0.521367	-0.481951	2.641176	26
0.536053	-0.495527	3.048516	27
0.550740	-0.509103	3.430089	28
0.565426	-0.522679	3.780846	29
0.580112	-0.536255	4.101509	30
0.594799	-0.549831	4.397469	31
0.609485	-0.563407	4.677548	32
0.624171	-0.576984	4.952961	33
0.638858	-0.590560	5.236617	34
0.653544	-0.604136	5.542792	35
0.668231	-0.617712	5.887125	36
0.682917	-0.631288	6.286877	37
0.697603	-0.644864	6.761389	38
0.712290	-0.658440	7.332663	39
0.726976	-0.672016	8.025991	40
70
0.164916	-0.130011	0.002153	1
0.180622	-0.142392	0.005660	2
0.196328	-0.154774	0.009552	3
0.212035	-0.167156	0.013616	4
0.227741	-0.179538	0.017795	5
0.243447	-0.191920	0.021817	6
0.259154	-0.204302	0.025242	7
0.274860	-0.216684	0.027541	8
0.290566	-0.229066	0.028208	9
0.306272	-0.241448	0.026905	10
0.321979	-0.253830	0.023659	11
0.337685	-0.266212	0.019124	12
0.353391	-0.278594	0.014916	13
0.369098	-0.290976	0.013985	14
0.384804	-0.303358	0.021034	15
0.400510	-0.315740	0.042867	16
0.416216	-0.328122	0.088602	17
0.431923	-0.340504	0.169537	18
0.447629	-0.352886	0.298438	19
0.463335	-0.365268	0.487972	20
0.479042	-0.377650	0.748117	21
0.494748	-0.390032	1.082662	22
0.510454	-0.402413	1.485606	23
0.526160	-0.414795	1.939286	24
0.541867	-0.427177	2.416548	25
0.557573	-0.439559	2.887716	26
0.573279	-0.451941	3.328432	27
0.588985	-0.464323	3.723862	28
0.604692	-0.476705	4.069060	29
0.620398	-0.489087	4.367081	30
0.636104	-0.501469	4.626455	31
0.651811	-0.513851	4.858958	32
0.667517	-0.526233	5.078068	33
0.683223	-0.538615	5.298123	34
0.698929	-0.550997	5.534063	35
0.714636	-0.563379	5.801629	36
0.730342	-0.575761	6.117879	37
0.746048	-0.588143	6.501960	38
0.761755	-0.600525	6.976073	39
0.777461	-0.612907	7.566613	40
71
0.174608	-0.116671	0.001996	1
0.191237	-0.127782	0.006482	2
0.207867	-0.138894	0.010793	3
0.224496	-0.150005	0.014664	4
0.241125	-0.161117	0.018165	5
0.257755	-0.172228	0.021208	6
0.274384	-0.183339	0.023572	7
0.291013	-0.194451	0.024965	8
0.307643	-0.205562	0.025111	9
0.324272	-0.216674	0.023849	10
0.340901	-0.227785	0.021280	11
0.357531	-0.238897	0.017966	12
0.374160	-0.250008	0.015193	13
0.390789	-0.261120	0.015329	14
0.407419	-0.272231	0.022288	15
0.424048	-0.283343	0.042090	16
0.440677	-0.294454	0.083494	17
0.457307	-0.305566	0.158588	18
0.473936	-0.316677	0.283009	19
0.490565	-0.327789	0.475230	20
0.507195	-0.338900	0.753993	21
0.523824	-0.350012	1.132785	22
0.540454	-0.361123	1.611044	23
0.557083	-0.372235	2.164920	24
0.573712	-0.383346	2.746174	25
0.590342	-0.394458	3.300384	26
0.606971	-0.405569	3.788592	27
0.623600	-0.416681	4.193309	28
0.640230	-0.427792	4.514622	29
0.656859	-0.438904	4.763493	30
0.673488	-0.450015	4.956003	31
0.690118	-0.461127	5.109618	32
0.706747	-0.472238	5.241297	33
0.723376	-0.483350	5.366879	34
0.740006	-0.494461	5.501290	35
0.756635	-0.505573	5.659215	36
0.773264	-0.516684	5.856062	37
0.789894	-0.527796	6.109164	38
0.806523	-0.538907	6.439217	39
0.823152	-0.550018	6.872028	40
72
0.183224	-0.102611	0.001580	1
0.200674	-0.112384	0.006127	2
0.218123	-0.122156	0.010485	3
0.235573	-0.131929	0.014201	4
0.253023	-0.141701	0.017264	5
0.270473	-0.151474	0.019631	6
0.287923	-0.161246	0.021195	7
0.305373	-0.171019	0.021810	8
0.322823	-0.180791	0.021351	9
0.340273	-0.190564	0.019789	10
0.357722	-0.200336	0.017303	11
0.375172	-0.210109	0.014424	12
0.392622	-0.219881	0.012239	13
0.410072	-0.229654	0.012687	14
0.427522	-0.239426	0.018975	15
0.444972	-0.249199	0.036188	16
0.462422	-0.258972	0.072192	17
0.479871	-0.268744	0.138905	18
0.497321	-0.278517	0.253953	19
0.514771	-0.288289	0.442293	20
0.532221	-0.298062	0.736372	21
0.549671	-0.307834	1.171355	22
0.567121	-0.317607	1.768814	23
0.584571	-0.327379	2.503431	24
0.602021	-0.337152	3.269121	25
0.619470	-0.346924	3.945189	26
0.636920	-0.356697	4.473977	27
0.654370	-0.366469	4.850872	28
0.671820	-0.376242	5.098678	29
0.689270	-0.386014	5.248727	30
0.706720	-0.395787	5.331067	31
0.724170	-0.405559	5.370795	32
0.741620	-0.415332	5.387626	33
0.759069	-0.425104	5.396858	34
0.776519	-0.434877	5.410817	35
0.793969	-0.444649	5.440379	36
0.811419	-0.454422	5.496480	37
0.828869	-0.464194	5.591674	38
0.846319	-0.473967	5.741876	39
0.863769	-0.483739	5.968492	40
73
0.190710	-0.087919	0.000935	1
0.208872	-0.096293	0.004518	2
0.227035	-0.104666	0.008515	3
0.245198	-0.113039	0.012245	4
0.263361	-0.121413	0.015501	5
0.281524	-0.129786	0.018169	6
0.299687	-0.138159	0.020112	7
0.317849	-0.146532	0.021156	8
0.336012	-0.154906	0.021121	9
0.354175	-0.163279	0.019888	10
0.372338	-0.171652	0.017491	11
0.390501	-0.180026	0.014250	12
0.408663	-0.188399	0.010961	13
0.426826	-0.196772	0.009166	14
0.444989	-0.205145	0.011548	15
0.463152	-0.213519	0.022511	16
0.481315	-0.221892	0.049091	17
0.499478	-0.230265	0.102438	18
0.517640	-0.238639	0.200380	19
0.535803	-0.247012	0.371811	20
0.553966	-0.255385	0.663548	21
0.572129	-0.263758	1.147999	22
0.590292	-0.272132	1.918178	23
0.608455	-0.280505	3.015524	24
0.626617	-0.288878	4.127043	25
0.644780	-0.297252	4.924914	26
0.662943	-0.305625	5.398269	27
0.681106	-0.313998	5.629145	28
0.699269	-0.322371	5.702411	29
0.717431	-0.330745	5.682262	30
0.735594	-0.339118	5.611544	31
0.753757	-0.347491	5.516792	32
0.771920	-0.355865	5.413499	33
0.790083	-0.364238	5.310277	34
0.808246	-0.372611	5.211880	35
0.826408	-0.380984	5.121375	36
0.844571	-0.389358	5.041821	37
0.862734	-0.397731	4.977753	38
0.880897	-0.406104	4.936745	39
0.899060	-0.414478	4.931348	40
74
0.197020	-0.072686	0.000305	1
0.215784	-0.079608	0.002384	2
0.234547	-0.086530	0.005667	3
0.253311	-0.093453	0.009633	4
0.272075	-0.100375	0.014068	5
0.290839	-0.107298	0.018801	6
0.309603	-0.114220	0.023594	7
0.328366	-0.121143	0.028120	8
0.347130	-0.128065	0.031969	9
0.365894	-0.134987	0.034683	10
0.384658	-0.141910	0.035799	11
0.403422	-0.148832	0.034945	12
0.422185	-0.155755	0.031989	13
0.440949	-0.162677	0.027303	14
0.459713	-0.169600	0.022189	15
0.478477	-0.176522	0.019569	16
0.497240	-0.183445	0.025075	17
0.516004	-0.190367	0.048810	18
0.534768	-0.197289	0.108339	19
0.553532	-0.204212	0.234227	20
0.572296	-0.211134	0.481586	21
0.591059	-0.218057	0.957033	22
0.609823	-0.224979	1.892349	23
0.628587	-0.231902	3.895808	24
0.647351	-0.238824	5.657099	25
0.666115	-0.245746	6.240042	26
0.684878	-0.252669	6.315842	27
0.703642	-0.259591	6.187250	28
0.722406	-0.266514	5.985688	29
0.741170	-0.273436	5.769338	30
0.759934	-0.280359	5.562067	31
0.778697	-0.287281	5.370869	32
0.797461	-0.294203	5.194464	33
0.816225	-0.301126	5.027706	34
0.834989	-0.308048	4.863934	35
0.853753	-0.314971	4.696303	36
0.872516	-0.321893	4.518704	37
0.891280	-0.328816	4.326608	38
0.910044	-0.335738	4.118082	39
0.928808	-0.342661	3.895217	40
75
0.202115	-0.057004	0.000029	1
0.221364	-0.062432	0.000704	2
0.240613	-0.067861	0.003033	3
0.259863	-0.073290	0.007622	4
0.279112	-0.078719	0.014664	5
0.298361	-0.084148	0.024060	6
0.317610	-0.089577	0.035565	7
0.336859	-0.095006	0.048840	8
0.356108	-0.100435	0.063434	9
0.375357	-0.105864	0.078747	10
0.394606	-0.111293	0.093987	11
0.413855	-0.116721	0.108121	12
0.433104	-0.122150	0.119856	13
0.452353	-0.127579	0.127651	14
0.471602	-0.133008	0.129837	15
0.490851	-0.138437	0.124936	16
0.510101	-0.143866	0.112392	17
0.529350	-0.149295	0.094073	18
0.548599	-0.154724	0.077282	19
0.567848	-0.160153	0.081108	20
0.587097	-0.165582	0.152247	21
0.606346	-0.171011	0.414668	22
0.625595	-0.176439	1.255005	23
0.644844	-0.181868	5.968164	24
0.664093	-0.187297	7.537783	25
0.683342	-0.192726	6.655591	26
0.702591	-0.198155	6.197118	27
0.721840	-0.203584	5.830593	28
0.741089	-0.209013	5.523234	29
0.760339	-0.214442	5.269705	30
0.779588	-0.219871	5.061140	31
0.798837	-0.225300	4.885022	32
0.818086	-0.230729	4.727341	33
0.837335	-0.236157	4.573854	34
0.856584	-0.241586	4.410651	35
0.875833	-0.247015	4.224418	36
0.895082	-0.252444	4.002714	37
0.914331	-0.257873	3.734461	38
0.933580	-0.263302	3.410899	39
0.952829	-0.268731	3.027281	40
76
0.676741	-0.134616	15.133927	25
0.696357	-0.138518	9.650134	26
0.715973	-0.142420	7.174668	27
0.735588	-0.146322	5.944358	28
0.755204	-0.150223	5.270989	29
0.774820	-0.154125	4.872354	30
0.794435	-0.158027	4.619888	31
0.814051	-0.161929	4.445966	32
0.833667	-0.165831	4.309066	33
0.853282	-0.169733	4.179843	34
0.872898	-0.173635	4.035071	35
0.892514	-0.177537	3.854847	36
0.912129	-0.181439	3.621421	37
0.931745	-0.185341	3.319148	38
0.951361	-0.189243	2.935623	39
0.970976	-0.193144	2.464461	40
77
0.685217	-0.081104	19.586119	25
0.705078	-0.083455	12.283478	26
0.724940	-0.085806	8.578484	27
0.744801	-0.088157	6.630771	28
0.764662	-0.090508	5.559779	29
0.784524	-0.092859	4.946809	30
0.804385	-0.095209	4.582285	31
0.824246	-0.097560	4.352720	32
0.844108	-0.099911	4.190674	33
0.863969	-0.102262	4.051826	34
0.883830	-0.104613	3.903923	35
0.903692	-0.106964	3.721291	36
0.923553	-0.109315	3.482228	37
0.943414	-0.111665	3.168317	38
0.963276	-0.114016	2.765504	39
0.983137	-0.116367	2.267451	40
78
0.689468	-0.027093	14.653751	25
0.709452	-0.027878	9.537456	26
0.729437	-0.028664	7.245322	27
0.749422	-0.029449	6.079348	28
0.769406	-0.030234	5.409953	29
0.789391	-0.031019	4.990325	30
0.809375	-0.031805	4.710078	31
0.829360	-0.032590	4.509773	32
0.849345	-0.033375	4.350882	33
0.869329	-0.034161	4.204562	34
0.889314	-0.034946	4.047006	35
0.909298	-0.035731	3.857348	36
0.929283	-0.036517	3.616839	37
0.949267	-0.037302	3.308982	38
0.969252	-0.038087	2.920795	39
0.989237	-0.038872	2.445724	40
79
0.209838	0.008243	0.000020	1
0.229823	0.009029	0.001013	2
0.249807	0.009814	0.004884	3
0.269792	0.010599	0.012808	4
0.289776	0.011384	0.025074	5
0.309761	0.012169	0.041414	6
0.329746	0.012954	0.061359	7
0.349730	0.013739	0.084400	8
0.369715	0.014524	0.110018	9
0.389699	0.015309	0.137645	10
0.409684	0.016094	0.166598	11
0.429669	0.016879	0.196000	12
0.449653	0.017665	0.224665	13
0.469638	0.018450	0.250939	14
0.489622	0.019235	0.272476	15
0.509607	0.020020	0.285917	16
0.529592	0.020805	0.286558	17
0.549576	0.021590	0.268410	18
0.569561	0.022375	0.226319	19
0.589545	0.023160	0.166107	20
0.609530	0.023945	0.142951	21
0.629514	0.024730	0.395331	22
0.649499	0.025515	1.798400	23
0.669484	0.026301	6.836535	24
0.689468	0.027086	8.217596	25
0.709453	0.027871	7.165855	26
0.729437	0.028656	6.576420	27
0.749422	0.029441	6.112514	28
0.769407	0.030226	5.731396	29
0.789391	0.031011	5.421117	30
0.809376	0.031796	5.168713	31
0.829360	0.032581	4.958886	32
0.849345	0.033366	4.775464	33
0.869329	0.034151	4.602355	34
0.889314	0.034936	4.423997	35
0.909299	0.035722	4.225623	36
0.929283	0.036507	3.993571	37
0.949268	0.037292	3.715850	38
0.969252	0.038077	3.383192	39
0.989237	0.038862	2.990885	40
80
