time = 12.001	Re = 50	40	80
0
0.208544	0.024683	0.023100	1
0.228406	0.027034	0.016971	2
0.248267	0.029384	0.012110	3
0.268128	0.031735	0.007915	4
0.287990	0.034086	0.004420	5
0.307851	0.036437	0.002036	6
0.327713	0.038787	0.001413	7
0.347574	0.041138	0.003366	8
0.367435	0.043489	0.008826	9
0.387297	0.045840	0.018806	10
0.407158	0.048190	0.034372	11
0.427019	0.050541	0.056628	12
0.446881	0.052892	0.086694	13
0.466742	0.055243	0.125705	14
0.486604	0.057593	0.174796	15
0.506465	0.059944	0.235080	16
0.526326	0.062295	0.307645	17
0.546188	0.064646	0.393543	18
0.566049	0.066996	0.493787	19
0.585910	0.069347	0.609349	20
0.605772	0.071698	0.741155	21
0.625633	0.074048	0.890080	22
0.645495	0.076399	1.056950	23
0.665356	0.078750	1.242526	24
0.685217	0.081101	1.447500	25
0.705079	0.083451	1.672481	26
0.724940	0.085802	1.917996	27
0.744801	0.088153	2.184495	28
0.764663	0.090504	2.472384	29
0.784524	0.092854	2.782081	30
0.804385	0.095205	3.114114	31
0.824247	0.097556	3.469258	32
0.844108	0.099907	3.848725	33
0.863970	0.102257	4.254385	34
0.883831	0.104608	4.689020	35
0.903692	0.106959	5.156583	36
0.923554	0.109310	5.662419	37
0.943415	0.111660	6.213428	38
0.963276	0.114011	6.818084	39
0.983138	0.116362	7.486286	40
1
0.205965	0.040969	0.022463	1
0.225581	0.044871	0.016889	2
0.245196	0.048773	0.012526	3
0.264812	0.052674	0.008609	4
0.284428	0.056576	0.005160	5
0.304043	0.060478	0.002627	6
0.323659	0.064380	0.001710	7
0.343275	0.068282	0.003269	8
0.362891	0.072183	0.008276	9
0.382506	0.076085	0.017780	10
0.402122	0.079987	0.032883	11
0.421738	0.083889	0.054720	12
0.441353	0.087791	0.084442	13
0.460969	0.091692	0.123208	14
0.480585	0.095594	0.172168	15
0.500201	0.099496	0.232436	16
0.519816	0.103398	0.305081	17
0.539432	0.107300	0.391117	18
0.559048	0.111201	0.491498	19
0.578663	0.115103	0.607120	20
0.598279	0.119005	0.738823	21
0.617895	0.122907	0.887403	22
0.637510	0.126809	1.053620	23
0.657126	0.130710	1.238205	24
0.676742	0.134612	1.441866	25
0.696358	0.138514	1.665285	26
0.715973	0.142416	1.909128	27
0.735589	0.146318	2.174056	28
0.755205	0.150219	2.460756	29
0.774820	0.154121	2.769981	30
0.794436	0.158023	3.102622	31
0.814052	0.161925	3.459811	32
0.833668	0.165827	3.843057	33
0.853283	0.169728	4.254419	34
0.872899	0.173630	4.696695	35
0.892515	0.177532	5.173611	36
0.912130	0.181434	5.689994	37
0.931746	0.185336	6.251870	38
0.951362	0.189237	6.866459	39
0.970977	0.193139	7.542002	40
2
0.202116	0.057002	0.021690	1
0.221365	0.062431	0.016919	2
0.240614	0.067860	0.013261	3
0.259863	0.073289	0.009720	4
0.279112	0.078718	0.006309	5
0.298361	0.084146	0.003535	6
0.317610	0.089575	0.002167	7
0.336859	0.095004	0.003132	8
0.356108	0.100433	0.007458	9
0.375358	0.105862	0.016251	10
0.394607	0.111290	0.030670	11
0.413856	0.116719	0.051905	12
0.433105	0.122148	0.081167	13
0.452354	0.127577	0.119667	14
0.471603	0.133006	0.168597	15
0.490852	0.138435	0.229096	16
0.510101	0.143863	0.302232	17
0.529350	0.149292	0.388988	18
0.548600	0.154721	0.490251	19
0.567849	0.160150	0.606820	20
0.587098	0.165579	0.739414	21
0.606347	0.171007	0.888701	22
0.625596	0.176436	1.055321	23
0.644845	0.181865	1.239921	24
0.664094	0.187294	1.443169	25
0.683343	0.192723	1.665761	26
0.702592	0.198151	1.908439	27
0.721841	0.203580	2.172010	28
0.741091	0.209009	2.457387	29
0.760340	0.214438	2.765620	30
0.779589	0.219867	3.097916	31
0.798838	0.225295	3.455730	32
0.818087	0.230724	3.840853	33
0.837336	0.236153	4.255535	34
0.856585	0.241582	4.702619	35
0.875834	0.247011	5.185678	36
0.895083	0.252439	5.709119	37
0.914333	0.257868	6.278244	38
0.933582	0.263297	6.899200	39
0.952831	0.268726	7.578785	40
3
0.197020	0.072685	0.020771	1
0.215784	0.079607	0.017116	2
0.234548	0.086529	0.014408	3
0.253312	0.093452	0.011361	4
0.272076	0.100374	0.007991	5
0.290839	0.107296	0.004891	6
0.309603	0.114219	0.002925	7
0.328367	0.121141	0.003099	8
0.347131	0.128063	0.006518	9
0.365895	0.134986	0.014360	10
0.384658	0.141908	0.027861	11
0.403422	0.148830	0.048295	12
0.422186	0.155753	0.076960	13
0.440950	0.162675	0.115159	14
0.459714	0.169597	0.164160	15
0.478478	0.176520	0.225163	16
0.497241	0.183442	0.299262	17
0.516005	0.190364	0.387418	18
0.534769	0.197287	0.490447	19
0.553533	0.204209	0.609019	20
0.572297	0.211131	0.743683	21
0.591061	0.218054	0.894910	22
0.609824	0.224976	1.063141	23
0.628588	0.231898	1.248872	24
0.647352	0.238821	1.452668	25
0.666116	0.245743	1.675166	26
0.684880	0.252665	1.917115	27
0.703644	0.259588	2.179392	28
0.722407	0.266510	2.463102	29
0.741171	0.273432	2.769576	30
0.759935	0.280355	3.100315	31
0.778699	0.287277	3.457086	32
0.797463	0.294199	3.841974	33
0.816227	0.301122	4.257447	34
0.834990	0.308044	4.706440	35
0.853754	0.314966	5.192433	36
0.872518	0.321889	5.719506	37
0.891282	0.328811	6.292344	38
0.910046	0.335733	6.916146	39
0.928810	0.342656	7.596397	40
4
0.190710	0.087918	0.019694	1
0.208873	0.096292	0.017552	2
0.227036	0.104665	0.016089	3
0.245199	0.113038	0.013673	4
0.263362	0.121411	0.010360	5
0.281524	0.129784	0.006863	6
0.299687	0.138158	0.004162	7
0.317850	0.146531	0.003362	8
0.336013	0.154904	0.005654	9
0.354176	0.163277	0.012301	10
0.372339	0.171650	0.024633	11
0.390502	0.180024	0.044037	12
0.408664	0.188397	0.071934	13
0.426827	0.196770	0.109760	14
0.444990	0.205143	0.158916	15
0.463153	0.213516	0.220710	16
0.481316	0.221889	0.296306	17
0.499479	0.230263	0.386671	18
0.517642	0.238636	0.492543	19
0.535805	0.247009	0.614424	20
0.553967	0.255382	0.752619	21
0.572130	0.263755	0.907335	22
0.590293	0.272129	1.078711	23
0.608456	0.280502	1.266987	24
0.626619	0.288875	1.472534	25
0.644782	0.297248	1.695784	26
0.662945	0.305621	1.937404	27
0.681107	0.313995	2.198309	28
0.699270	0.322368	2.479759	29
0.717433	0.330741	2.783342	30
0.735596	0.339114	3.110882	31
0.753759	0.347487	3.464500	32
0.771922	0.355860	3.846620	33
0.790085	0.364234	4.259984	34
0.808248	0.372607	4.707680	35
0.826410	0.380980	5.193166	36
0.844573	0.389353	5.720262	37
0.862736	0.397726	6.293107	38
0.880899	0.406100	6.915998	39
0.899062	0.414473	7.593098	40
5
0.183224	0.102610	0.018458	1
0.200674	0.112383	0.018314	2
0.218124	0.122155	0.018432	3
0.235574	0.131928	0.016804	4
0.253024	0.141700	0.013575	5
0.270474	0.151472	0.009625	6
0.287924	0.161245	0.006079	7
0.305374	0.171017	0.004148	8
0.322824	0.180790	0.005113	9
0.340274	0.190562	0.010325	10
0.357723	0.200335	0.021226	11
0.375173	0.210107	0.039335	12
0.392623	0.219879	0.066240	13
0.410073	0.229652	0.103565	14
0.427523	0.239424	0.152913	15
0.444973	0.249197	0.215780	16
0.462423	0.258969	0.293471	17
0.479873	0.268741	0.387012	18
0.497323	0.278514	0.497082	19
0.514773	0.288286	0.623972	20
0.532223	0.298059	0.767601	21
0.549673	0.307831	0.927862	22
0.567123	0.317604	1.104539	23
0.584572	0.327376	1.297347	24
0.602022	0.337148	1.506222	25
0.619472	0.346921	1.731260	26
0.636922	0.356693	1.972944	27
0.654372	0.366466	2.232197	28
0.671822	0.376238	2.510417	29
0.689272	0.386010	2.809449	30
0.706722	0.395783	3.131519	31
0.724172	0.405555	3.479193	32
0.741622	0.415328	3.855327	33
0.759072	0.425100	4.263032	34
0.776522	0.434873	4.705635	35
0.793972	0.444645	5.186642	36
0.811421	0.454417	5.709675	37
0.828871	0.464190	6.278346	38
0.846321	0.473962	6.896029	39
0.863771	0.483735	7.565447	40
6
0.174609	0.116670	0.017075	1
0.191238	0.127781	0.019483	2
0.207867	0.138892	0.021540	3
0.224497	0.150004	0.020859	4
0.241126	0.161115	0.017754	5
0.257756	0.172227	0.013325	6
0.274385	0.183338	0.008861	7
0.291014	0.194449	0.005687	8
0.307644	0.205561	0.005166	9
0.324273	0.216672	0.008735	10
0.340903	0.227784	0.017943	11
0.357532	0.238895	0.034466	12
0.374161	0.250006	0.060095	13
0.390791	0.261118	0.096708	14
0.407420	0.272229	0.146206	15
0.424050	0.283341	0.210389	16
0.440679	0.294452	0.290830	17
0.457308	0.305563	0.388723	18
0.473938	0.316675	0.504730	19
0.490567	0.327786	0.638802	20
0.507197	0.338898	0.790536	21
0.523826	0.350009	0.959348	22
0.540455	0.361120	1.144362	23
0.557085	0.372232	1.344496	24
0.573714	0.383343	1.558908	25
0.590344	0.394455	1.787151	26
0.606973	0.405566	2.029375	27
0.623602	0.416677	2.286424	28
0.640232	0.427789	2.559856	29
0.656861	0.438900	2.851885	30
0.673491	0.450012	3.165266	31
0.690120	0.461123	3.503166	32
0.706749	0.472234	3.869039	33
0.723379	0.483346	4.266506	34
0.740008	0.494457	4.699250	35
0.756638	0.505569	5.170909	36
0.773267	0.516680	5.684941	37
0.789896	0.527791	6.244420	38
0.806526	0.538903	6.851705	39
0.823155	0.550014	7.507899	40
7
0.164917	0.130010	0.015575	1
0.180623	0.142392	0.021095	2
0.196329	0.154773	0.025417	3
0.212036	0.167155	0.025827	4
0.227742	0.179537	0.022900	5
0.243448	0.191919	0.018005	6
0.259155	0.204301	0.012613	7
0.274861	0.216683	0.008156	8
0.290567	0.229065	0.006065	9
0.306274	0.241446	0.007844	10
0.321980	0.253828	0.015137	11
0.337686	0.266210	0.029778	12
0.353393	0.278592	0.053792	13
0.369099	0.290974	0.089385	14
0.384805	0.303356	0.138869	15
0.400512	0.315738	0.204519	16
0.416218	0.328120	0.288378	17
0.431925	0.340501	0.392029	18
0.447631	0.352883	0.516084	19
0.463337	0.365265	0.660307	20
0.479044	0.377647	0.823940	21
0.494750	0.390029	1.005736	22
0.510456	0.402411	1.203600	23
0.526163	0.414793	1.415227	24
0.541869	0.427175	1.638547	25
0.557575	0.439556	1.872135	26
0.573282	0.451938	2.115534	27
0.588988	0.464320	2.369423	28
0.604694	0.476702	2.635610	29
0.620401	0.489084	2.916895	30
0.636107	0.501466	3.216838	31
0.651813	0.513848	3.539501	32
0.667520	0.526229	3.889198	33
0.683226	0.538611	4.270280	34
0.698932	0.550993	4.686939	35
0.714639	0.563375	5.143029	36
0.730345	0.575757	5.641851	37
0.746051	0.588139	6.185864	38
0.761758	0.600521	6.776230	39
0.777464	0.612903	7.412109	40
8
0.154208	0.142548	0.014000	1
0.168894	0.156124	0.023068	2
0.183581	0.169700	0.029871	3
0.198267	0.183276	0.031476	4
0.212954	0.196852	0.028799	5
0.227640	0.210428	0.023509	6
0.242327	0.224004	0.017260	7
0.257013	0.237580	0.011579	8
0.271699	0.251156	0.007946	9
0.286386	0.264732	0.007897	10
0.301072	0.278308	0.013143	11
0.315759	0.291884	0.025652	12
0.330445	0.305460	0.047693	13
0.345132	0.319036	0.081855	14
0.359818	0.332612	0.130994	15
0.374505	0.346188	0.198078	16
0.389191	0.359764	0.285932	17
0.403878	0.373340	0.396844	18
0.418564	0.386916	0.531583	19
0.433251	0.400492	0.689986	20
0.447937	0.414068	0.871135	21
0.462623	0.427644	1.072500	22
0.477310	0.441220	1.290265	23
0.491996	0.454796	1.520036	24
0.506683	0.468372	1.757635	25
0.521369	0.481948	1.999904	26
0.536056	0.495524	2.245336	27
0.550742	0.509100	2.494357	28
0.565429	0.522676	2.749271	29
0.580115	0.536252	3.013918	30
0.594802	0.549828	3.293204	31
0.609488	0.563404	3.592611	32
0.624174	0.576980	3.917752	33
0.638861	0.590556	4.274020	34
0.653547	0.604132	4.666301	35
0.668234	0.617708	5.098726	36
0.682920	0.631284	5.574381	37
0.697607	0.644860	6.094927	38
0.712293	0.658436	6.659997	39
0.726980	0.672012	7.266281	40
9
0.142548	0.154208	0.012387	1
0.156124	0.168894	0.025115	2
0.169700	0.183581	0.034398	3
0.183276	0.198267	0.037239	4
0.196852	0.212953	0.034920	5
0.210428	0.227640	0.029386	6
0.224004	0.242326	0.022452	7
0.237580	0.257013	0.015726	8
0.251156	0.271699	0.010708	9
0.264732	0.286386	0.008940	10
0.278309	0.301072	0.012150	11
0.291885	0.315758	0.022392	12
0.305461	0.330445	0.042148	13
0.319037	0.345131	0.074401	14
0.332613	0.359818	0.122660	15
0.346189	0.374504	0.190839	16
0.359765	0.389191	0.282976	17
0.373341	0.403877	0.402510	18
0.386917	0.418564	0.551168	19
0.400493	0.433250	0.729296	20
0.414069	0.447936	0.936000	21
0.427645	0.462623	1.167158	22
0.441221	0.477309	1.416249	23
0.454797	0.491996	1.675249	24
0.468373	0.506682	1.936119	25
0.481949	0.521369	2.192505	26
0.495525	0.536055	2.441051	27
0.509101	0.550742	2.681939	28
0.522677	0.565428	2.918606	29
0.536253	0.580114	3.156938	30
0.549829	0.594801	3.404258	31
0.563405	0.609487	3.668397	32
0.576981	0.624174	3.956955	33
0.590557	0.638860	4.276785	34
0.604133	0.653547	4.633643	35
0.617709	0.668233	5.031898	36
0.631285	0.682919	5.474216	37
0.644861	0.697606	5.961086	38
0.658437	0.712292	6.490069	39
0.672013	0.726979	7.054596	40
10
0.130010	0.164916	0.010744	1
0.142392	0.180623	0.026665	2
0.154774	0.196329	0.038107	3
0.167156	0.212035	0.042158	4
0.179537	0.227742	0.040367	5
0.191919	0.243448	0.034851	6
0.204301	0.259154	0.027522	7
0.216683	0.274861	0.020037	8
0.229065	0.290567	0.013909	9
0.241447	0.306273	0.010664	10
0.253829	0.321980	0.012008	11
0.266211	0.337686	0.020013	12
0.278593	0.353392	0.037299	13
0.290974	0.369099	0.067175	14
0.303356	0.384805	0.113825	15
0.315738	0.400511	0.182316	16
0.328120	0.416218	0.278409	17
0.340502	0.431924	0.407520	18
0.352884	0.447630	0.573441	19
0.365266	0.463337	0.778434	20
0.377648	0.479043	1.022284	21
0.390030	0.494749	1.299390	22
0.402411	0.510456	1.599073	23
0.414793	0.526162	1.906719	24
0.427175	0.541868	2.206707	25
0.439557	0.557575	2.486336	26
0.451939	0.573281	2.738947	27
0.464321	0.588987	2.964896	28
0.476703	0.604694	3.170503	29
0.489085	0.620400	3.365959	30
0.501467	0.636106	3.563127	31
0.513848	0.651813	3.773794	32
0.526230	0.667519	4.008541	33
0.538612	0.683225	4.276123	34
0.550994	0.698932	4.583169	35
0.563376	0.714638	4.933990	36
0.575758	0.730344	5.330313	37
0.588140	0.746051	5.770771	38
0.600522	0.761757	6.249981	39
0.612904	0.777463	6.757035	40
11
0.116670	0.174609	0.009021	1
0.127781	0.191238	0.026880	2
0.138893	0.207867	0.039788	3
0.150004	0.224497	0.044984	4
0.161116	0.241126	0.044006	5
0.172227	0.257755	0.038918	6
0.183338	0.274385	0.031611	7
0.194450	0.291014	0.023742	8
0.205561	0.307644	0.016827	9
0.216673	0.324273	0.012381	10
0.227784	0.340902	0.012082	11
0.238895	0.357532	0.017978	12
0.250007	0.374161	0.032720	13
0.261118	0.390791	0.059827	14
0.272230	0.407420	0.104010	15
0.283341	0.424049	0.171496	16
0.294453	0.440679	0.270150	17
0.305564	0.457308	0.408536	18
0.316675	0.473937	0.594227	19
0.327787	0.490567	0.833990	20
0.338898	0.507196	1.130986	21
0.350010	0.523826	1.479669	22
0.361121	0.540455	1.863677	23
0.372233	0.557084	2.256028	24
0.383344	0.573714	2.624701	25
0.394455	0.590343	2.943109	26
0.405567	0.606972	3.198693	27
0.416678	0.623602	3.394238	28
0.427790	0.640231	3.543820	29
0.438901	0.656861	3.667101	30
0.450012	0.673490	3.784541	31
0.461124	0.690119	3.914396	32
0.472235	0.706749	4.071336	33
0.483347	0.723378	4.266101	34
0.494458	0.740008	4.505644	35
0.505570	0.756637	4.793317	36
0.516681	0.773266	5.128824	37
0.527792	0.789896	5.507749	38
0.538904	0.806525	5.920476	39
0.550015	0.823154	6.350325	40
12
0.102611	0.183224	0.007115	1
0.112383	0.200674	0.024872	2
0.122156	0.218124	0.038256	3
0.131928	0.235574	0.044549	4
0.141700	0.253024	0.044831	5
0.151473	0.270474	0.040800	6
0.161245	0.287924	0.034130	7
0.171018	0.305373	0.026368	8
0.180790	0.322823	0.018988	9
0.190563	0.340273	0.013493	10
0.200335	0.357723	0.011559	11
0.210107	0.375173	0.015225	12
0.219880	0.392623	0.027147	13
0.229652	0.410073	0.050938	14
0.239425	0.427523	0.091570	15
0.249197	0.444973	0.156119	16
0.258970	0.462423	0.254453	17
0.268742	0.479873	0.399236	18
0.278515	0.497322	0.603926	19
0.288287	0.514772	0.884174	20
0.298059	0.532222	1.253257	21
0.307832	0.549672	1.712538	22
0.317604	0.567122	2.241670	23
0.327377	0.584572	2.790680	24
0.337149	0.602022	3.287075	25
0.346922	0.619472	3.669578	26
0.356694	0.636922	3.916755	27
0.366467	0.654372	4.043966	28
0.376239	0.671822	4.086844	29
0.386011	0.689271	4.085804	30
0.395784	0.706721	4.076662	31
0.405556	0.724171	4.086892	32
0.415329	0.741621	4.135327	33
0.425101	0.759071	4.233354	34
0.434874	0.776521	4.386336	35
0.444646	0.793971	4.594637	36
0.454418	0.811421	4.853982	37
0.464191	0.828871	5.155053	38
0.473963	0.846321	5.482227	39
0.483736	0.863771	5.811364	40
13
0.087919	0.190710	0.004951	1
0.096292	0.208873	0.020193	2
0.104665	0.227036	0.032981	3
0.113038	0.245199	0.040387	4
0.121412	0.263361	0.042593	5
0.129785	0.281524	0.040605	6
0.138158	0.299687	0.035621	7
0.146531	0.317850	0.028858	8
0.154904	0.336013	0.021563	9
0.163278	0.354176	0.015108	10
0.171651	0.372339	0.011119	11
0.180024	0.390501	0.011647	12
0.188397	0.408664	0.019404	13
0.196770	0.426827	0.038109	14
0.205144	0.444990	0.072932	15
0.213517	0.463153	0.131345	16
0.221890	0.481316	0.224441	17
0.230263	0.499479	0.368580	18
0.238637	0.517641	0.584485	19
0.247010	0.535804	0.901233	20
0.255383	0.553967	1.354586	21
0.263756	0.572130	1.974188	22
0.272129	0.590293	2.756998	23
0.280503	0.608456	3.620709	24
0.288876	0.626619	4.372544	25
0.297249	0.644781	4.848520	26
0.305622	0.662944	5.031841	27
0.313995	0.681107	4.993921	28
0.322369	0.699270	4.828534	29
0.330742	0.717433	4.616574	30
0.339115	0.735596	4.415360	31
0.347488	0.753759	4.260140	32
0.355862	0.771921	4.169474	33
0.364235	0.790084	4.150496	34
0.372608	0.808247	4.202676	35
0.380981	0.826410	4.319900	36
0.389354	0.844573	4.491110	37
0.397728	0.862736	4.699743	38
0.406101	0.880898	4.922158	39
0.414474	0.899061	5.125163	40
14
0.072685	0.197020	0.002666	1
0.079607	0.215784	0.013494	2
0.086530	0.234548	0.024767	3
0.093452	0.253312	0.033339	4
0.100374	0.272075	0.038416	5
0.107297	0.290839	0.040130	6
0.114219	0.309603	0.038907	7
0.121141	0.328367	0.035270	8
0.128064	0.347131	0.029848	9
0.134986	0.365894	0.023491	10
0.141908	0.384658	0.017407	11
0.148831	0.403422	0.013363	12
0.155753	0.422186	0.013938	13
0.162675	0.440950	0.022892	14
0.169598	0.459714	0.045695	15
0.176520	0.478477	0.090258	16
0.183443	0.497241	0.168349	17
0.190365	0.516005	0.298103	18
0.197287	0.534769	0.507059	19
0.204210	0.553533	0.835451	20
0.211132	0.572296	1.351860	21
0.218054	0.591060	2.155104	22
0.224977	0.609824	3.354308	23
0.231899	0.628588	4.931162	24
0.238821	0.647352	6.235496	25
0.245744	0.666116	6.744812	26
0.252666	0.684879	6.639253	27
0.259589	0.703643	6.206854	28
0.266511	0.722407	5.662928	29
0.273433	0.741171	5.134670	30
0.280356	0.759935	4.685647	31
0.287278	0.778699	4.340951	32
0.294200	0.797462	4.104667	33
0.301123	0.816226	3.970100	34
0.308045	0.834990	3.924865	35
0.314967	0.853754	3.952743	36
0.321890	0.872518	4.033555	37
0.328812	0.891281	4.141810	38
0.335734	0.910045	4.244602	39
0.342657	0.928809	4.299205	40
15
0.057003	0.202116	0.000814	1
0.062432	0.221365	0.006722	2
0.067860	0.240614	0.015740	3
0.073289	0.259863	0.025562	4
0.078718	0.279112	0.035015	5
0.084147	0.298361	0.043379	6
0.089576	0.317610	0.050035	7
0.095005	0.336859	0.054423	8
0.100433	0.356108	0.056092	9
0.105862	0.375357	0.054786	10
0.111291	0.394607	0.050556	11
0.116720	0.413856	0.043944	12
0.122149	0.433105	0.036273	13
0.127578	0.452354	0.030096	14
0.133006	0.471603	0.029908	15
0.138435	0.490852	0.043230	16
0.143864	0.510101	0.082226	17
0.149293	0.529350	0.166377	18
0.154722	0.548599	0.327373	19
0.160150	0.567848	0.614649	20
0.165579	0.587098	1.115362	21
0.171008	0.606347	2.000519	22
0.176437	0.625596	3.652707	23
0.181866	0.644845	7.136838	24
0.187295	0.664094	9.566903	25
0.192723	0.683343	9.296328	26
0.198152	0.702592	8.240869	27
0.203581	0.721841	7.093412	28
0.209010	0.741090	6.077932	29
0.214439	0.760339	5.253878	30
0.219868	0.779589	4.620614	31
0.225296	0.798838	4.157186	32
0.230725	0.818087	3.837797	33
0.236154	0.837336	3.636952	34
0.241583	0.856585	3.530081	35
0.247012	0.875834	3.492137	36
0.252441	0.895083	3.495353	37
0.257869	0.914332	3.506679	38
0.263298	0.933581	3.485416	39
0.268727	0.952830	3.381989	40
16
0.040969	0.205965	0.000074	1
0.044871	0.225581	0.001906	2
0.048773	0.245196	0.008189	3
0.052675	0.264812	0.019985	4
0.056577	0.284428	0.036728	5
0.060478	0.304043	0.056875	6
0.064380	0.323659	0.078625	7
0.068282	0.343275	0.100268	8
0.072184	0.362890	0.120255	9
0.076086	0.382506	0.137160	10
0.079987	0.402122	0.149605	11
0.083889	0.421738	0.156236	12
0.087791	0.441353	0.155762	13
0.091693	0.460969	0.147150	14
0.095595	0.480585	0.130091	15
0.099497	0.500200	0.105957	16
0.103398	0.519816	0.079624	17
0.107300	0.539432	0.062813	18
0.111202	0.559047	0.080371	19
0.115104	0.578663	0.183310	20
0.119006	0.598279	0.480839	21
0.122908	0.617895	1.242129	22
0.126809	0.637510	3.263053	23
0.130711	0.657126	12.423997	24
0.134613	0.676742	13.069519	25
0.138515	0.696357	9.313603	26
0.142417	0.715973	7.459385	27
0.146319	0.735589	6.179733	28
0.150220	0.755204	5.228494	29
0.154122	0.774820	4.515992	30
0.158024	0.794436	3.987615	31
0.161926	0.814052	3.604087	32
0.165828	0.833667	3.335473	33
0.169730	0.853283	3.157204	34
0.173631	0.872899	3.046553	35
0.177533	0.892514	2.979392	36
0.181435	0.912130	2.927245	37
0.185337	0.931746	2.854896	38
0.189239	0.951362	2.719332	39
0.193141	0.970977	2.471952	40
17
0.081102	0.685217	29.585081	25
0.083452	0.705079	14.979494	26
0.085803	0.724940	8.813738	27
0.088154	0.744801	6.025266	28
0.090505	0.764663	4.629975	29
0.092856	0.784524	3.851351	30
0.095206	0.804385	3.374499	31
0.097557	0.824247	3.063470	32
0.099908	0.844108	2.853746	33
0.102259	0.863969	2.709679	34
0.104609	0.883831	2.605902	35
0.106960	0.903692	2.518252	36
0.109311	0.923554	2.418817	37
0.111662	0.943415	2.273621	38
0.114012	0.963276	2.043665	39
0.116363	0.983138	1.692254	40
18
0.027090	0.689468	33.629605	25
0.027875	0.709453	19.645971	26
0.028661	0.729437	12.274780	27
0.029446	0.749422	8.197649	28
0.030231	0.769406	5.852557	29
0.031016	0.789391	4.465709	30
0.031801	0.809375	3.624883	31
0.032587	0.829360	3.102483	32
0.033372	0.849345	2.767903	33
0.034157	0.869329	2.542873	34
0.034942	0.889314	2.375504	35
0.035728	0.909298	2.226108	36
0.036513	0.929283	2.059157	37
0.037298	0.949268	1.839824	38
0.038083	0.969252	1.536250	39
0.038868	0.989237	1.130758	40
19
-0.027088	0.689468	22.053944	25
-0.027874	0.709453	15.195465	26
-0.028659	0.729437	11.454075	27
-0.029444	0.749422	8.871995	28
-0.030229	0.769406	6.935224	29
-0.031014	0.789391	5.488376	30
-0.031799	0.809376	4.431074	31
-0.032585	0.829360	3.670780	32
-0.033370	0.849345	3.126413	33
-0.034155	0.869329	2.730890	34
-0.034940	0.889314	2.425308	35
-0.035725	0.909298	2.160009	36
-0.036510	0.929283	1.893084	37
-0.037296	0.949268	1.589602	38
-0.038081	0.969252	1.225931	39
-0.038866	0.989237	0.802114	40
20
-0.024683	0.208544	0.000025	1
-0.027033	0.228406	0.001752	2
-0.029384	0.248267	0.009236	3
-0.031735	0.268129	0.025076	4
-0.034085	0.287990	0.049780	5
-0.036436	0.307851	0.082401	6
-0.038787	0.327713	0.121464	7
-0.041138	0.347574	0.165519	8
-0.043488	0.367435	0.213353	9
-0.045839	0.387297	0.264027	10
-0.048190	0.407158	0.316830	11
-0.050540	0.427020	0.371204	12
-0.052891	0.446881	0.426615	13
-0.055242	0.466742	0.482354	14
-0.057593	0.486604	0.537186	15
-0.059943	0.506465	0.588708	16
-0.062294	0.526326	0.632202	17
-0.064645	0.546188	0.658759	18
-0.066996	0.566049	0.653055	19
-0.069346	0.585910	0.594337	20
-0.071697	0.605772	0.478822	21
-0.074048	0.625633	0.437686	22
-0.076398	0.645495	1.232480	23
-0.078749	0.665356	7.744425	24
-0.081100	0.685217	11.299283	25
-0.083451	0.705079	10.991603	26
-0.085801	0.724940	10.266593	27
-0.088152	0.744801	9.128319	28
-0.090503	0.764663	7.832832	29
-0.092853	0.784524	6.579055	30
-0.095204	0.804386	5.474416	31
-0.097555	0.824247	4.553403	32
-0.099906	0.844108	3.809812	33
-0.102256	0.863970	3.217159	34
-0.104607	0.883831	2.733567	35
-0.106958	0.903692	2.314893	36
-0.109308	0.923554	1.921582	37
-0.111659	0.943415	1.522761	38
-0.114010	0.963277	1.102629	39
-0.116361	0.983138	0.670952	40
21
-0.040969	0.205965	0.000827	1
-0.044870	0.225581	0.007872	2
-0.048772	0.245196	0.020634	3
-0.052674	0.264812	0.037275	4
-0.056576	0.284428	0.056651	5
-0.060478	0.304044	0.077830	6
-0.064379	0.323659	0.099823	7
-0.068281	0.343275	0.121560	8
-0.072183	0.362891	0.141922	9
-0.076085	0.382506	0.159749	10
-0.079986	0.402122	0.173822	11
-0.083888	0.421738	0.182841	12
-0.087790	0.441354	0.185438	13
-0.091692	0.460969	0.180294	14
-0.095594	0.480585	0.166482	15
-0.099495	0.500201	0.144325	16
-0.103397	0.519816	0.117215	17
-0.107299	0.539432	0.095281	18
-0.111201	0.559048	0.102166	19
-0.115102	0.578663	0.185942	20
-0.119004	0.598279	0.435036	21
-0.122906	0.617895	1.001821	22
-0.126808	0.637511	2.148174	23
-0.130710	0.657126	4.649561	24
-0.134611	0.676742	7.287504	25
-0.138513	0.696358	8.589627	26
-0.142415	0.715973	8.986708	27
-0.146317	0.735589	8.752294	28
-0.150218	0.755205	8.108098	29
-0.154120	0.774821	7.244925	30
-0.158022	0.794436	6.310239	31
-0.161924	0.814052	5.401718	32
-0.165826	0.833668	4.572750	33
-0.169727	0.853283	3.842156	34
-0.173629	0.872899	3.203191	35
-0.177531	0.892515	2.635188	36
-0.181433	0.912131	2.113780	37
-0.185334	0.931746	1.619202	38
-0.189236	0.951362	1.144020	39
-0.193138	0.970978	0.700473	40
22
-0.057002	0.202116	0.002901	1
-0.062431	0.221365	0.016130	2
-0.067860	0.240614	0.032535	3
-0.073289	0.259863	0.048544	4
-0.078717	0.279112	0.062670	5
-0.084146	0.298361	0.074298	6
-0.089575	0.317610	0.083061	7
-0.095004	0.336859	0.088607	8
-0.100432	0.356109	0.090569	9
-0.105861	0.375358	0.088624	10
-0.111290	0.394607	0.082592	11
-0.116719	0.413856	0.072617	12
-0.122148	0.433105	0.059425	13
-0.127576	0.452354	0.044744	14
-0.133005	0.471603	0.031936	15
-0.138434	0.490852	0.026910	16
-0.143863	0.510101	0.039396	17
-0.149291	0.529351	0.084603	18
-0.154720	0.548600	0.184777	19
-0.160149	0.567849	0.373225	20
-0.165578	0.587098	0.702394	21
-0.171007	0.606347	1.252920	22
-0.176435	0.625596	2.148911	23
-0.181864	0.644845	3.526393	24
-0.187293	0.664094	5.098370	25
-0.192722	0.683344	6.400595	26
-0.198150	0.702593	7.255473	27
-0.203579	0.721842	7.634871	28
-0.209008	0.741091	7.591041	29
-0.214437	0.760340	7.218546	30
-0.219866	0.779589	6.625292	31
-0.225294	0.798838	5.910723	32
-0.230723	0.818087	5.153077	33
-0.236152	0.837336	4.404796	34
-0.241581	0.856586	3.694104	35
-0.247009	0.875835	3.031153	36
-0.252438	0.895084	2.416175	37
-0.257867	0.914333	1.847705	38
-0.263296	0.933582	1.329695	39
-0.268725	0.952831	0.876151	40
23
-0.072684	0.197020	0.005562	1
-0.079607	0.215784	0.024294	2
-0.086529	0.234548	0.042593	3
-0.093451	0.253312	0.056602	4
-0.100374	0.272076	0.065582	5
-0.107296	0.290839	0.069691	6
-0.114218	0.309603	0.069356	7
-0.121140	0.328367	0.065076	8
-0.128063	0.347131	0.057419	9
-0.134985	0.365895	0.047099	10
-0.141907	0.384659	0.035122	11
-0.148830	0.403423	0.022964	12
-0.155752	0.422186	0.012790	13
-0.162674	0.440950	0.007723	14
-0.169597	0.459714	0.012177	15
-0.176519	0.478478	0.032285	16
-0.183441	0.497242	0.076516	17
-0.190364	0.516006	0.155995	18
-0.197286	0.534769	0.287224	19
-0.204208	0.553533	0.495575	20
-0.211130	0.572297	0.818444	21
-0.218053	0.591061	1.298905	22
-0.224975	0.609825	1.994905	23
-0.231897	0.628589	2.923766	24
-0.238820	0.647352	3.990453	25
-0.245742	0.666116	5.026647	26
-0.252664	0.684880	5.888094	27
-0.259587	0.703644	6.482227	28
-0.266509	0.722408	6.770614	29
-0.273431	0.741172	6.761537	30
-0.280354	0.759935	6.497070	31
-0.287276	0.778699	6.037728	32
-0.294198	0.797463	5.448156	33
-0.301121	0.816227	4.786543	34
-0.308043	0.834991	4.099044	35
-0.314965	0.853755	3.419099	36
-0.321887	0.872518	2.770336	37
-0.328810	0.891282	2.171230	38
-0.335732	0.910046	1.639638	39
-0.342654	0.928810	1.195578	40
24
-0.087918	0.190710	0.008172	1
-0.096291	0.208873	0.030149	2
-0.104665	0.227036	0.048768	3
-0.113038	0.245199	0.060216	4
-0.121411	0.263362	0.064799	5
-0.129784	0.281525	0.063595	6
-0.138157	0.299687	0.057808	7
-0.146530	0.317850	0.048650	8
-0.154904	0.336013	0.037373	9
-0.163277	0.354176	0.025353	10
-0.171650	0.372339	0.014198	11
-0.180023	0.390502	0.005862	12
-0.188396	0.408665	0.002778	13
-0.196769	0.426828	0.008011	14
-0.205143	0.444991	0.025494	15
-0.213516	0.463153	0.060399	16
-0.221889	0.481316	0.119399	17
-0.230262	0.499479	0.212184	18
-0.238635	0.517642	0.353147	19
-0.247008	0.535805	0.562732	20
-0.255382	0.553968	0.862091	21
-0.263755	0.572131	1.280046	22
-0.272128	0.590294	1.840158	23
-0.280501	0.608456	2.540724	24
-0.288874	0.626619	3.339685	25
-0.297247	0.644782	4.161397	26
-0.305620	0.662945	4.919993	27
-0.313994	0.681108	5.538390	28
-0.322367	0.699271	5.960543	29
-0.330740	0.717434	6.157562	30
-0.339113	0.735597	6.128168	31
-0.347486	0.753759	5.894353	32
-0.355859	0.771922	5.494001	33
-0.364233	0.790085	4.972751	34
-0.372606	0.808248	4.377180	35
-0.380979	0.826411	3.750556	36
-0.389352	0.844574	3.131345	37
-0.397725	0.862737	2.553751	38
-0.406098	0.880900	2.049210	39
-0.414472	0.899062	1.648101	40
25
-0.102610	0.183224	0.010519	1
-0.112383	0.200674	0.032806	2
-0.122155	0.218124	0.050290	3
-0.131927	0.235574	0.059153	4
-0.141700	0.253024	0.060462	5
-0.151472	0.270474	0.056003	6
-0.161245	0.287924	0.047527	7
-0.171017	0.305374	0.036675	8
-0.180789	0.322824	0.025029	9
-0.190562	0.340274	0.014201	10
-0.200334	0.357724	0.005913	11
-0.210106	0.375174	0.002103	12
-0.219879	0.392624	0.005032	13
-0.229651	0.410074	0.017458	14
-0.239424	0.427523	0.042899	15
-0.249196	0.444973	0.085994	16
-0.258968	0.462423	0.152855	17
-0.268741	0.479873	0.252512	18
-0.278513	0.497323	0.397235	19
-0.288286	0.514773	0.600310	20
-0.298058	0.532223	0.876463	21
-0.307830	0.549673	1.243072	22
-0.317603	0.567123	1.710009	23
-0.327375	0.584573	2.273206	24
-0.337148	0.602023	2.910003	25
-0.346920	0.619473	3.579996	26
-0.356692	0.636923	4.231440	27
-0.366465	0.654373	4.809618	28
-0.376237	0.671823	5.265128	29
-0.386010	0.689273	5.560843	30
-0.395782	0.706722	5.676523	31
-0.405554	0.724172	5.610432	32
-0.415327	0.741622	5.377972	33
-0.425099	0.759072	5.008095	34
-0.434872	0.776522	4.538740	35
-0.444644	0.793972	4.012490	36
-0.454416	0.811422	3.473265	37
-0.464189	0.828872	2.964331	38
-0.473961	0.846322	2.527679	39
-0.483734	0.863772	2.205282	40
26
-0.116669	0.174609	0.012644	1
-0.127781	0.191238	0.032662	2
-0.138892	0.207868	0.047811	3
-0.150004	0.224497	0.054265	4
-0.161115	0.241126	0.053386	5
-0.172226	0.257756	0.047287	6
-0.183338	0.274385	0.037964	7
-0.194449	0.291015	0.027210	8
-0.205560	0.307644	0.016676	9
-0.216672	0.324274	0.007970	10
-0.227783	0.340903	0.002749	11
-0.238895	0.357532	0.002833	12
-0.250006	0.374162	0.010349	13
-0.261117	0.390791	0.027924	14
-0.272229	0.407421	0.058944	15
-0.283340	0.424050	0.107672	16
-0.294451	0.440679	0.180114	17
-0.305563	0.457309	0.284198	18
-0.316674	0.473938	0.429097	19
-0.327786	0.490568	0.622993	20
-0.338897	0.507197	0.877887	21
-0.350008	0.523826	1.203183	22
-0.361120	0.540456	1.603211	23
-0.372231	0.557085	2.074371	24
-0.383342	0.573715	2.602867	25
-0.394454	0.590344	3.164373	26
-0.405565	0.606974	3.725883	27
-0.416677	0.623603	4.249222	28
-0.427788	0.640232	4.695641	29
-0.438899	0.656862	5.030834	30
-0.450011	0.673491	5.229575	31
-0.461122	0.690121	5.279164	32
-0.472233	0.706750	5.181105	33
-0.483345	0.723379	4.950848	34
-0.494456	0.740009	4.615928	35
-0.505568	0.756638	4.213105	36
-0.516679	0.773268	3.785243	37
-0.527790	0.789897	3.378633	38
-0.538902	0.806527	3.041571	39
-0.550013	0.823156	2.825493	40
27
-0.130009	0.164917	0.014637	1
-0.142391	0.180623	0.030729	2
-0.154773	0.196330	0.042772	3
-0.167155	0.212036	0.047035	4
-0.179537	0.227742	0.044798	5
-0.191919	0.243449	0.038151	6
-0.204301	0.259155	0.029075	7
-0.216682	0.274861	0.019326	8
-0.229064	0.290568	0.010497	9
-0.241446	0.306274	0.004122	10
-0.253828	0.321980	0.001786	11
-0.266210	0.337687	0.005252	12
-0.278592	0.353393	0.016609	13
-0.290973	0.369100	0.038459	14
-0.303355	0.384806	0.074095	15
-0.315737	0.400512	0.127584	16
-0.328119	0.416219	0.204380	17
-0.340501	0.431925	0.310932	18
-0.352883	0.447631	0.452751	19
-0.365265	0.463338	0.637703	20
-0.377646	0.479044	0.873269	21
-0.390028	0.494750	1.164882	22
-0.402410	0.510457	1.514651	23
-0.414792	0.526163	1.919723	24
-0.427174	0.541869	2.371009	25
-0.439556	0.557576	2.852643	26
-0.451937	0.573282	3.342423	27
-0.464319	0.588989	3.813296	28
-0.476701	0.604695	4.235837	29
-0.489083	0.620401	4.581500	30
-0.501465	0.636108	4.826258	31
-0.513847	0.651814	4.954050	32
-0.526229	0.667520	4.959467	33
-0.538610	0.683227	4.849196	34
-0.550992	0.698933	4.642067	35
-0.563374	0.714639	4.367819	36
-0.575756	0.730346	4.065022	37
-0.588138	0.746052	3.778860	38
-0.600520	0.761759	3.559810	39
-0.612902	0.777465	3.464753	40
28
-0.142548	0.154208	0.016539	1
-0.156124	0.168894	0.028042	2
-0.169700	0.183581	0.036687	3
-0.183276	0.198267	0.038990	4
-0.196852	0.212954	0.035945	5
-0.210428	0.227640	0.029393	6
-0.224004	0.242327	0.021139	7
-0.237580	0.257013	0.012809	8
-0.251156	0.271700	0.005898	9
-0.264732	0.286386	0.001875	10
-0.278308	0.301073	0.002292	11
-0.291884	0.315759	0.008909	12
-0.305460	0.330446	0.023818	13
-0.319036	0.345132	0.049573	14
-0.332612	0.359819	0.089246	15
-0.346188	0.374505	0.146704	16
-0.359764	0.389192	0.226539	17
-0.373340	0.403878	0.333082	18
-0.386916	0.418565	0.471399	19
-0.400492	0.433251	0.647165	20
-0.414068	0.447938	0.865287	21
-0.427644	0.462624	1.129176	22
-0.441220	0.477310	1.439933	23
-0.454796	0.491997	1.795382	24
-0.468372	0.506683	2.189236	25
-0.481948	0.521370	2.610591	26
-0.495523	0.536056	3.043910	27
-0.509099	0.550743	3.469647	28
-0.522675	0.565429	3.865615	29
-0.536251	0.580116	4.209069	30
-0.549827	0.594802	4.479360	31
-0.563403	0.609489	4.660831	32
-0.576979	0.624175	4.745523	33
-0.590555	0.638862	4.735237	34
-0.604131	0.653548	4.642610	35
-0.617707	0.668235	4.491088	36
-0.631283	0.682921	4.313960	37
-0.644859	0.697608	4.152994	38
-0.658435	0.712294	4.057602	39
-0.672011	0.726981	4.085861	40
29
-0.154207	0.142548	0.018332	1
-0.168894	0.156125	0.025353	2
-0.183580	0.169701	0.030713	3
-0.198267	0.183277	0.031307	4
-0.212953	0.196853	0.027786	5
-0.227640	0.210429	0.021656	6
-0.242326	0.224005	0.014479	7
-0.257012	0.237581	0.007720	8
-0.271699	0.251157	0.002780	9
-0.286385	0.264733	0.001082	10
-0.301072	0.278309	0.004167	11
-0.315758	0.291885	0.013793	12
-0.330445	0.305461	0.032027	13
-0.345131	0.319037	0.061318	14
-0.359817	0.332613	0.104497	15
-0.374504	0.346189	0.164975	16
-0.389190	0.359765	0.246193	17
-0.403877	0.373341	0.351742	18
-0.418563	0.386917	0.485872	19
-0.433249	0.400493	0.652568	20
-0.447936	0.414069	0.855209	21
-0.462622	0.427645	1.096106	22
-0.477309	0.441221	1.375923	23
-0.491995	0.454797	1.693048	24
-0.506682	0.468374	2.043023	25
-0.521368	0.481950	2.418113	26
-0.536054	0.495526	2.807158	27
-0.550741	0.509102	3.195829	28
-0.565427	0.522678	3.567409	29
-0.580114	0.536254	3.904159	30
-0.594800	0.549830	4.189223	31
-0.609487	0.563406	4.408909	32
-0.624173	0.576982	4.555058	33
-0.638859	0.590558	4.627151	34
-0.653546	0.604134	4.633813	35
-0.668232	0.617710	4.593498	36
-0.682919	0.631286	4.534388	37
-0.697605	0.644862	4.493827	38
-0.712292	0.658438	4.517985	39
-0.726978	0.672014	4.662704	40
30
-0.164916	0.130010	0.019960	1
-0.180623	0.142392	0.023068	2
-0.196329	0.154774	0.025527	3
-0.212035	0.167156	0.024679	4
-0.227742	0.179538	0.020881	5
-0.243448	0.191920	0.015306	6
-0.259154	0.204302	0.009274	7
-0.274860	0.216683	0.004097	8
-0.290567	0.229065	0.001094	9
-0.306273	0.241447	0.001649	10
-0.321979	0.253829	0.007286	11
-0.337686	0.266211	0.019734	12
-0.353392	0.278593	0.040988	13
-0.369098	0.290975	0.073320	14
-0.384805	0.303357	0.119294	15
-0.400511	0.315739	0.181666	16
-0.416217	0.328121	0.263196	17
-0.431924	0.340503	0.367126	18
-0.447630	0.352884	0.496632	19
-0.463336	0.365266	0.654670	20
-0.479043	0.377648	0.843733	21
-0.494749	0.390030	1.065507	22
-0.510455	0.402412	1.320480	23
-0.526161	0.414794	1.607515	24
-0.541868	0.427176	1.923430	25
-0.557574	0.439558	2.262655	26
-0.573280	0.451940	2.617063	27
-0.588987	0.464322	2.976065	28
-0.604693	0.476704	3.327083	29
-0.620399	0.489086	3.656466	30
-0.636106	0.501467	3.950873	31
-0.651812	0.513849	4.199025	32
-0.667518	0.526231	4.393664	33
-0.683225	0.538613	4.533457	34
-0.698931	0.550995	4.624575	35
-0.714637	0.563377	4.681734	36
-0.730344	0.575759	4.728630	37
-0.746050	0.588141	4.797956	38
-0.761756	0.600523	4.931423	39
-0.777462	0.612905	5.180388	40
31
-0.174608	0.116670	0.021364	1
-0.191238	0.127782	0.021321	2
-0.207867	0.138893	0.021387	3
-0.224496	0.150004	0.019371	4
-0.241126	0.161116	0.015420	5
-0.257755	0.172227	0.010430	6
-0.274385	0.183339	0.005512	7
-0.291014	0.194450	0.001846	8
-0.307643	0.205562	0.000676	9
-0.324273	0.216673	0.003347	10
-0.340902	0.227785	0.011343	11
-0.357531	0.238896	0.026334	12
-0.374161	0.250007	0.050197	13
-0.390790	0.261119	0.084999	14
-0.407420	0.272230	0.132935	15
-0.424049	0.283342	0.196266	16
-0.440678	0.294453	0.277532	17
-0.457308	0.305565	0.379286	18
-0.473937	0.316676	0.504031	19
-0.490566	0.327787	0.654081	20
-0.507196	0.338899	0.831378	21
-0.523825	0.350010	1.037256	22
-0.540454	0.361122	1.272166	23
-0.557084	0.372233	1.535366	24
-0.573713	0.383345	1.824615	25
-0.590343	0.394456	2.135901	26
-0.606972	0.405568	2.463289	27
-0.623601	0.416679	2.798945	28
-0.640231	0.427790	3.133442	29
-0.656860	0.438902	3.456400	30
-0.673489	0.450013	3.757492	31
-0.690119	0.461125	4.027792	32
-0.706748	0.472236	4.261345	33
-0.723378	0.483348	4.456802	34
-0.740007	0.494459	4.618897	35
-0.756636	0.505571	4.759598	36
-0.773266	0.516682	4.898825	37
-0.789895	0.527793	5.064814	38
-0.806524	0.538905	5.294336	39
-0.823154	0.550016	5.633115	40
32
-0.183224	0.102611	0.022499	1
-0.200674	0.112383	0.020074	2
-0.218124	0.122156	0.018276	3
-0.235574	0.131928	0.015355	4
-0.253024	0.141701	0.011336	5
-0.270473	0.151473	0.006910	6
-0.287923	0.161246	0.003021	7
-0.305373	0.171018	0.000741	8
-0.322823	0.180791	0.001247	9
-0.340273	0.190563	0.005829	10
-0.357723	0.200336	0.015919	11
-0.375173	0.210108	0.033097	12
-0.392623	0.219880	0.059100	13
-0.410073	0.229653	0.095734	14
-0.427523	0.239425	0.144895	15
-0.444972	0.249198	0.208655	16
-0.462422	0.258970	0.289111	17
-0.479872	0.268743	0.388373	18
-0.497322	0.278515	0.508496	19
-0.514772	0.288288	0.651369	20
-0.532222	0.298060	0.818593	21
-0.549672	0.307833	1.011307	22
-0.567122	0.317605	1.229994	23
-0.584572	0.327378	1.474248	24
-0.602021	0.337150	1.742545	25
-0.619471	0.346922	2.032038	26
-0.636921	0.356695	2.338421	27
-0.654371	0.366467	2.655939	28
-0.671821	0.376240	2.977586	29
-0.689271	0.386012	3.295567	30
-0.706721	0.395785	3.602048	31
-0.724171	0.405557	3.890190	32
-0.741621	0.415330	4.155395	33
-0.759071	0.425102	4.396665	34
-0.776520	0.434875	4.617917	35
-0.793970	0.444647	4.829095	36
-0.811420	0.454420	5.046997	37
-0.828870	0.464192	5.295794	38
-0.846320	0.473964	5.607339	39
-0.863770	0.483737	6.021400	40
33
-0.190710	0.087919	0.023348	1
-0.208873	0.096292	0.019216	2
-0.227036	0.104665	0.016037	3
-0.245198	0.113039	0.012450	4
-0.263361	0.121412	0.008427	5
-0.281524	0.129785	0.004518	6
-0.299687	0.138158	0.001546	7
-0.317850	0.146532	0.000492	8
-0.336013	0.154905	0.002469	9
-0.354175	0.163278	0.008709	10
-0.372338	0.171651	0.020572	11
-0.390501	0.180025	0.039542	12
-0.408664	0.188398	0.067167	13
-0.426827	0.196771	0.105078	14
-0.444990	0.205144	0.154991	15
-0.463153	0.213518	0.218692	16
-0.481315	0.221891	0.297988	17
-0.499478	0.230264	0.394679	18
-0.517641	0.238637	0.510505	19
-0.535804	0.247010	0.647078	20
-0.553967	0.255384	0.805784	21
-0.572130	0.263757	0.987663	22
-0.590292	0.272130	1.193260	23
-0.608455	0.280503	1.422455	24
-0.626618	0.288877	1.674286	25
-0.644781	0.297250	1.946795	26
-0.662944	0.305623	2.236921	27
-0.681107	0.313996	2.540495	28
-0.699270	0.322370	2.852385	29
-0.717432	0.330743	3.166834	30
-0.735595	0.339116	3.478028	31
-0.753758	0.347489	3.780888	32
-0.771921	0.355863	4.072067	33
-0.790084	0.364236	4.351056	34
-0.808247	0.372609	4.621309	35
-0.826409	0.380982	4.891258	36
-0.844572	0.389355	5.175128	37
-0.862735	0.397729	5.493503	38
-0.880898	0.406102	5.873640	39
-0.899061	0.414475	6.349567	40
34
-0.197020	0.072685	0.023919	1
-0.215784	0.079607	0.018623	2
-0.234548	0.086530	0.014472	3
-0.253311	0.093452	0.010423	4
-0.272075	0.100375	0.006443	5
-0.290839	0.107297	0.002993	6
-0.309603	0.114219	0.000807	7
-0.328367	0.121142	0.000797	8
-0.347130	0.128064	0.004012	9
-0.365894	0.134987	0.011628	10
-0.384658	0.141909	0.024924	11
-0.403422	0.148831	0.045258	12
-0.422186	0.155754	0.074066	13
-0.440950	0.162676	0.112824	14
-0.459713	0.169598	0.163069	15
-0.478477	0.176521	0.226387	16
-0.497241	0.183443	0.304364	17
-0.516005	0.190366	0.398577	18
-0.534769	0.197288	0.510551	19
-0.553532	0.204210	0.641711	20
-0.572296	0.211133	0.793312	21
-0.591060	0.218055	0.966346	22
-0.609824	0.224978	1.161434	23
-0.628588	0.231900	1.378693	24
-0.647351	0.238822	1.617612	25
-0.666115	0.245745	1.876922	26
-0.684879	0.252667	2.154523	27
-0.703643	0.259589	2.447474	28
-0.722407	0.266512	2.752100	29
-0.741171	0.273434	3.064247	30
-0.759934	0.280357	3.379717	31
-0.778698	0.287279	3.694885	32
-0.797462	0.294201	4.007482	33
-0.816226	0.301124	4.317502	34
-0.834990	0.308046	4.628134	35
-0.853753	0.314969	4.946657	36
-0.872517	0.321891	5.285177	37
-0.891281	0.328813	5.661177	38
-0.910045	0.335736	6.097797	39
-0.928809	0.342658	6.623833	40
35
-0.202115	0.057003	0.024236	1
-0.221365	0.062432	0.018195	2
-0.240614	0.067861	0.013400	3
-0.259863	0.073290	0.009059	4
-0.279112	0.078718	0.005154	5
-0.298361	0.084147	0.002095	6
-0.317610	0.089576	0.000554	7
-0.336859	0.095005	0.001390	8
-0.356108	0.100434	0.005597	9
-0.375357	0.105863	0.014289	10
-0.394606	0.111292	0.028668	11
-0.413855	0.116720	0.050006	12
-0.433105	0.122149	0.079619	13
-0.452354	0.127578	0.118863	14
-0.471603	0.133007	0.169146	15
-0.490852	0.138436	0.231894	16
-0.510101	0.143865	0.308534	17
-0.529350	0.149294	0.400481	18
-0.548599	0.154722	0.509112	19
-0.567848	0.160151	0.635725	20
-0.587097	0.165580	0.781491	21
-0.606346	0.171009	0.947384	22
-0.625595	0.176438	1.134098	23
-0.644845	0.181867	1.341953	24
-0.664094	0.187296	1.570790	25
-0.683343	0.192724	1.819885	26
-0.702592	0.198153	2.087885	27
-0.721841	0.203582	2.372805	28
-0.741090	0.209011	2.672109	29
-0.760339	0.214440	2.982905	30
-0.779588	0.219869	3.302281	31
-0.798837	0.225298	3.627790	32
-0.818086	0.230726	3.958068	33
-0.837335	0.236155	4.293564	34
-0.856585	0.241584	4.637312	35
-0.875834	0.247013	4.995686	36
-0.895083	0.252442	5.379052	37
-0.914332	0.257871	5.802251	38
-0.933581	0.263299	6.284839	39
-0.952830	0.268728	6.851020	40
36
-0.205965	0.040969	0.024332	1
-0.225581	0.044871	0.017859	2
-0.245196	0.048773	0.012683	3
-0.264812	0.052675	0.008185	4
-0.284428	0.056577	0.004372	5
-0.304043	0.060479	0.001627	6
-0.323659	0.064381	0.000585	7
-0.343275	0.068282	0.002059	8
-0.362890	0.072184	0.007005	9
-0.382506	0.076086	0.016481	10
-0.402122	0.079988	0.031627	11
-0.421737	0.083890	0.053637	12
-0.441353	0.087792	0.083742	13
-0.460969	0.091694	0.123208	14
-0.480585	0.095595	0.173339	15
-0.500200	0.099497	0.235443	16
-0.519816	0.103399	0.310832	17
-0.539432	0.107301	0.400805	18
-0.559047	0.111203	0.506632	19
-0.578663	0.115105	0.629522	20
-0.598279	0.119007	0.770592	21
-0.617894	0.122908	0.930808	22
-0.637510	0.126810	1.110931	23
-0.657126	0.130712	1.311441	24
-0.676742	0.134614	1.532461	25
-0.696357	0.138516	1.773695	26
-0.715973	0.142418	2.034373	27
-0.735589	0.146320	2.313261	28
-0.755204	0.150221	2.608712	29
-0.774820	0.154123	2.918832	30
-0.794436	0.158025	3.241732	31
-0.814051	0.161927	3.575910	32
-0.833667	0.165829	3.920744	33
-0.853283	0.169731	4.277074	34
-0.872898	0.173633	4.647836	35
-0.892514	0.177534	5.038686	36
-0.912130	0.181436	5.458555	37
-0.931746	0.185338	5.920063	38
-0.951361	0.189240	6.439706	39
-0.970977	0.193142	7.037752	40
37
-0.208544	0.024683	0.024242	1
-0.228406	0.027034	0.017578	2
-0.248267	0.029385	0.012229	3
-0.268128	0.031736	0.007683	4
-0.287990	0.034087	0.003966	5
-0.307851	0.036437	0.001450	6
-0.327712	0.038788	0.000750	7
-0.347574	0.041139	0.002656	8
-0.367435	0.043490	0.008090	9
-0.387297	0.045841	0.018071	10
-0.407158	0.048191	0.033693	11
-0.427019	0.050542	0.056095	12
-0.446881	0.052893	0.086445	13
-0.466742	0.055244	0.125943	14
-0.486603	0.057595	0.175816	15
-0.506465	0.059945	0.237291	16
-0.526326	0.062296	0.311594	17
-0.546187	0.064647	0.399938	18
-0.566049	0.066998	0.503513	19
-0.585910	0.069349	0.623462	20
-0.605772	0.071699	0.760859	21
-0.625633	0.074050	0.916667	22
-0.645494	0.076401	1.091696	23
-0.665356	0.078752	1.286553	24
-0.685217	0.081103	1.501580	25
-0.705078	0.083453	1.736811	26
-0.724940	0.085804	1.991938	27
-0.744801	0.088155	2.266311	28
-0.764662	0.090506	2.558990	29
-0.784524	0.092857	2.868864	30
-0.804385	0.095207	3.194858	31
-0.824247	0.097558	3.536232	32
-0.844108	0.099909	3.892963	33
-0.863969	0.102260	4.266219	34
-0.883831	0.104611	4.658867	35
-0.903692	0.106961	5.075987	36
-0.923553	0.109312	5.525332	37
-0.943415	0.111663	6.017667	38
-0.963276	0.114014	6.566912	39
-0.983137	0.116365	7.190013	40
38
-0.209838	0.008245	0.023995	1
-0.229823	0.009030	0.017334	2
-0.249807	0.009816	0.011988	3
-0.269792	0.010601	0.007481	4
-0.289776	0.011386	0.003853	5
-0.309761	0.012171	0.001477	6
-0.329746	0.012957	0.000962	7
-0.349730	0.013742	0.003091	8
-0.369715	0.014527	0.008768	9
-0.389699	0.015312	0.018993	10
-0.409684	0.016098	0.034830	11
-0.429668	0.016883	0.057383	12
-0.449653	0.017668	0.087783	13
-0.469638	0.018453	0.127186	14
-0.489622	0.019239	0.176767	15
-0.509607	0.020024	0.237695	16
-0.529591	0.020809	0.311134	17
-0.549576	0.021594	0.398232	18
-0.569560	0.022380	0.500114	19
-0.589545	0.023165	0.617869	20
-0.609530	0.023950	0.752529	21
-0.629514	0.024735	0.905047	22
-0.649499	0.025521	1.076263	23
-0.669483	0.026306	1.266873	24
-0.689468	0.027091	1.477386	25
-0.709453	0.027876	1.708091	26
-0.729437	0.028662	1.959036	27
-0.749422	0.029447	2.230032	28
-0.769406	0.030232	2.520695	29
-0.789391	0.031017	2.830540	30
-0.809375	0.031803	3.159142	31
-0.829360	0.032588	3.506368	32
-0.849345	0.033373	3.872686	33
-0.869329	0.034158	4.259534	34
-0.889314	0.034944	4.669734	35
-0.909298	0.035729	5.107901	36
-0.929283	0.036514	5.580822	37
-0.949267	0.037299	6.097721	38
-0.969252	0.038085	6.670365	39
-0.989237	0.038870	7.312922	40
39
-0.209838	-0.008244	0.023611	1
-0.229823	-0.009029	0.017127	2
-0.249807	-0.009814	0.011944	3
-0.269792	-0.010599	0.007555	4
-0.289776	-0.011385	0.004001	5
-0.309761	-0.012170	0.001669	6
-0.329746	-0.012955	0.001181	7
-0.349730	-0.013740	0.003324	8
-0.369715	-0.014525	0.009009	9
-0.389699	-0.015310	0.019230	10
-0.409684	-0.016095	0.035043	11
-0.429669	-0.016881	0.057540	12
-0.449653	-0.017666	0.087836	13
-0.469638	-0.018451	0.127066	14
-0.489622	-0.019236	0.176374	15
-0.509607	-0.020021	0.236890	16
-0.529591	-0.020806	0.309735	17
-0.549576	-0.021591	0.396004	18
-0.569561	-0.022377	0.496767	19
-0.589545	-0.023162	0.613056	20
-0.609530	-0.023947	0.745858	21
-0.629514	-0.024732	0.896099	22
-0.649499	-0.025517	1.064627	23
-0.669484	-0.026302	1.252189	24
-0.689468	-0.027087	1.459411	25
-0.709453	-0.027873	1.686771	26
-0.729437	-0.028658	1.934592	27
-0.749422	-0.029443	2.203045	28
-0.769406	-0.030228	2.492187	29
-0.789391	-0.031013	2.802032	30
-0.809376	-0.031798	3.132677	31
-0.829360	-0.032583	3.484487	32
-0.849345	-0.033369	3.858332	33
-0.869329	-0.034154	4.255880	34
-0.889314	-0.034939	4.679921	35
-0.909299	-0.035724	5.134703	36
-0.929283	-0.036509	5.626217	37
-0.949268	-0.037294	6.162416	38
-0.969252	-0.038079	6.753272	39
-0.989237	-0.038865	7.410630	40
40
-0.208544	-0.024682	0.023100	1
-0.228406	-0.027033	0.016971	2
-0.248267	-0.029384	0.012110	3
-0.268129	-0.031734	0.007915	4
-0.287990	-0.034085	0.004420	5
-0.307851	-0.036436	0.002036	6
-0.327713	-0.038786	0.001413	7
-0.347574	-0.041137	0.003366	8
-0.367435	-0.043488	0.008826	9
-0.387297	-0.045839	0.018806	10
-0.407158	-0.048189	0.034372	11
-0.427020	-0.050540	0.056628	12
-0.446881	-0.052891	0.086694	13
-0.466742	-0.055241	0.125705	14
-0.486604	-0.057592	0.174796	15
-0.506465	-0.059943	0.235080	16
-0.526326	-0.062293	0.307645	17
-0.546188	-0.064644	0.393543	18
-0.566049	-0.066995	0.493787	19
-0.585911	-0.069345	0.609349	20
-0.605772	-0.071696	0.741155	21
-0.625633	-0.074047	0.890080	22
-0.645495	-0.076398	1.056951	23
-0.665356	-0.078748	1.242527	24
-0.685217	-0.081099	1.447501	25
-0.705079	-0.083450	1.672481	26
-0.724940	-0.085800	1.917995	27
-0.744802	-0.088151	2.184493	28
-0.764663	-0.090502	2.472382	29
-0.784524	-0.092852	2.782079	30
-0.804386	-0.095203	3.114113	31
-0.824247	-0.097554	3.469259	32
-0.844108	-0.099904	3.848727	33
-0.863970	-0.102255	4.254387	34
-0.883831	-0.104606	4.689021	35
-0.903693	-0.106957	5.156583	36
-0.923554	-0.109307	5.662419	37
-0.943415	-0.111658	6.213427	38
-0.963277	-0.114009	6.818084	39
-0.983138	-0.116359	7.486287	40
41
-0.205965	-0.040968	0.022463	1
-0.225581	-0.044870	0.016889	2
-0.245196	-0.048772	0.012526	3
-0.264812	-0.052674	0.008609	4
-0.284428	-0.056575	0.005160	5
-0.304044	-0.060477	0.002627	6
-0.323659	-0.064379	0.001710	7
-0.343275	-0.068281	0.003269	8
-0.362891	-0.072182	0.008276	9
-0.382506	-0.076084	0.017780	10
-0.402122	-0.079986	0.032883	11
-0.421738	-0.083888	0.054720	12
-0.441354	-0.087789	0.084442	13
-0.460969	-0.091691	0.123208	14
-0.480585	-0.095593	0.172168	15
-0.500201	-0.099495	0.232436	16
-0.519816	-0.103396	0.305081	17
-0.539432	-0.107298	0.391117	18
-0.559048	-0.111200	0.491498	19
-0.578664	-0.115102	0.607120	20
-0.598279	-0.119003	0.738823	21
-0.617895	-0.122905	0.887404	22
-0.637511	-0.126807	1.053621	23
-0.657127	-0.130709	1.238206	24
-0.676742	-0.134610	1.441866	25
-0.696358	-0.138512	1.665284	26
-0.715974	-0.142414	1.909126	27
-0.735589	-0.146316	2.174055	28
-0.755205	-0.150217	2.460755	29
-0.774821	-0.154119	2.769982	30
-0.794437	-0.158021	3.102624	31
-0.814052	-0.161923	3.459813	32
-0.833668	-0.165824	3.843059	33
-0.853284	-0.169726	4.254420	34
-0.872899	-0.173628	4.696694	35
-0.892515	-0.177530	5.173610	36
-0.912131	-0.181431	5.689993	37
-0.931747	-0.185333	6.251870	38
-0.951362	-0.189235	6.866460	39
-0.970978	-0.193137	7.542002	40
42
-0.202116	-0.057002	0.021690	1
-0.221365	-0.062431	0.016919	2
-0.240614	-0.067859	0.013261	3
-0.259863	-0.073288	0.009720	4
-0.279112	-0.078717	0.006309	5
-0.298361	-0.084146	0.003535	6
-0.317610	-0.089574	0.002167	7
-0.336860	-0.095003	0.003132	8
-0.356109	-0.100432	0.007458	9
-0.375358	-0.105861	0.016251	10
-0.394607	-0.111289	0.030670	11
-0.413856	-0.116718	0.051905	12
-0.433105	-0.122147	0.081167	13
-0.452354	-0.127576	0.119667	14
-0.471603	-0.133004	0.168597	15
-0.490853	-0.138433	0.229096	16
-0.510102	-0.143862	0.302232	17
-0.529351	-0.149291	0.388988	18
-0.548600	-0.154719	0.490252	19
-0.567849	-0.160148	0.606820	20
-0.587098	-0.165577	0.739415	21
-0.606347	-0.171006	0.888701	22
-0.625596	-0.176434	1.055321	23
-0.644846	-0.181863	1.239921	24
-0.664095	-0.187292	1.443168	25
-0.683344	-0.192721	1.665760	26
-0.702593	-0.198150	1.908438	27
-0.721842	-0.203578	2.172010	28
-0.741091	-0.209007	2.457389	29
-0.760340	-0.214436	2.765622	30
-0.779589	-0.219865	3.097919	31
-0.798838	-0.225293	3.455731	32
-0.818088	-0.230722	3.840853	33
-0.837337	-0.236151	4.255533	34
-0.856586	-0.241580	4.702617	35
-0.875835	-0.247008	5.185676	36
-0.895084	-0.252437	5.709119	37
-0.914333	-0.257866	6.278244	38
-0.933582	-0.263295	6.899201	39
-0.952831	-0.268723	7.578785	40
43
-0.197020	-0.072684	0.020771	1
-0.215784	-0.079606	0.017116	2
-0.234548	-0.086529	0.014408	3
-0.253312	-0.093451	0.011361	4
-0.272076	-0.100373	0.007991	5
-0.290840	-0.107295	0.004891	6
-0.309603	-0.114218	0.002925	7
-0.328367	-0.121140	0.003099	8
-0.347131	-0.128062	0.006518	9
-0.365895	-0.134985	0.014360	10
-0.384659	-0.141907	0.027861	11
-0.403423	-0.148829	0.048295	12
-0.422187	-0.155751	0.076960	13
-0.440950	-0.162674	0.115159	14
-0.459714	-0.169596	0.164160	15
-0.478478	-0.176518	0.225163	16
-0.497242	-0.183441	0.299262	17
-0.516006	-0.190363	0.387419	18
-0.534770	-0.197285	0.490448	19
-0.553533	-0.204207	0.609019	20
-0.572297	-0.211130	0.743683	21
-0.591061	-0.218052	0.894910	22
-0.609825	-0.224974	1.063141	23
-0.628589	-0.231897	1.248870	24
-0.647353	-0.238819	1.452667	25
-0.666117	-0.245741	1.675166	26
-0.684880	-0.252663	1.917116	27
-0.703644	-0.259586	2.179394	28
-0.722408	-0.266508	2.463104	29
-0.741172	-0.273430	2.769578	30
-0.759936	-0.280353	3.100315	31
-0.778700	-0.287275	3.457085	32
-0.797464	-0.294197	3.841972	33
-0.816227	-0.301119	4.257445	34
-0.834991	-0.308042	4.706439	35
-0.853755	-0.314964	5.192433	36
-0.872519	-0.321886	5.719507	37
-0.891283	-0.328809	6.292345	38
-0.910047	-0.335731	6.916147	39
-0.928810	-0.342653	7.596397	40
44
-0.190710	-0.087918	0.019694	1
-0.208873	-0.096291	0.017552	2
-0.227036	-0.104664	0.016089	3
-0.245199	-0.113037	0.013673	4
-0.263362	-0.121411	0.010360	5
-0.281525	-0.129784	0.006863	6
-0.299688	-0.138157	0.004162	7
-0.317851	-0.146530	0.003362	8
-0.336013	-0.154903	0.005654	9
-0.354176	-0.163276	0.012301	10
-0.372339	-0.171649	0.024633	11
-0.390502	-0.180023	0.044037	12
-0.408665	-0.188396	0.071934	13
-0.426828	-0.196769	0.109760	14
-0.444991	-0.205142	0.158916	15
-0.463154	-0.213515	0.220711	16
-0.481317	-0.221888	0.296307	17
-0.499479	-0.230261	0.386671	18
-0.517642	-0.238634	0.492543	19
-0.535805	-0.247008	0.614424	20
-0.553968	-0.255381	0.752619	21
-0.572131	-0.263754	0.907334	22
-0.590294	-0.272127	1.078710	23
-0.608457	-0.280500	1.266987	24
-0.626620	-0.288873	1.472535	25
-0.644783	-0.297246	1.695785	26
-0.662945	-0.305620	1.937406	27
-0.681108	-0.313993	2.198310	28
-0.699271	-0.322366	2.479760	29
-0.717434	-0.330739	2.783342	30
-0.735597	-0.339112	3.110880	31
-0.753760	-0.347485	3.464498	32
-0.771923	-0.355858	3.846618	33
-0.790086	-0.364232	4.259983	34
-0.808249	-0.372605	4.707681	35
-0.826411	-0.380978	5.193167	36
-0.844574	-0.389351	5.720264	37
-0.862737	-0.397724	6.293107	38
-0.880900	-0.406097	6.915998	39
-0.899063	-0.414470	7.593097	40
45
-0.183224	-0.102610	0.018458	1
-0.200674	-0.112382	0.018314	2
-0.218124	-0.122155	0.018432	3
-0.235574	-0.131927	0.016804	4
-0.253024	-0.141699	0.013575	5
-0.270474	-0.151472	0.009626	6
-0.287924	-0.161244	0.006079	7
-0.305374	-0.171016	0.004148	8
-0.322824	-0.180789	0.005113	9
-0.340274	-0.190561	0.010325	10
-0.357724	-0.200334	0.021226	11
-0.375174	-0.210106	0.039335	12
-0.392624	-0.219878	0.066240	13
-0.410074	-0.229651	0.103565	14
-0.427524	-0.239423	0.152913	15
-0.444974	-0.249195	0.215780	16
-0.462424	-0.258968	0.293471	17
-0.479874	-0.268740	0.387013	18
-0.497324	-0.278513	0.497081	19
-0.514774	-0.288285	0.623971	20
-0.532223	-0.298057	0.767601	21
-0.549673	-0.307830	0.927862	22
-0.567123	-0.317602	1.104539	23
-0.584573	-0.327374	1.297348	24
-0.602023	-0.337147	1.506223	25
-0.619473	-0.346919	1.731261	26
-0.636923	-0.356692	1.972946	27
-0.654373	-0.366464	2.232197	28
-0.671823	-0.376236	2.510416	29
-0.689273	-0.386009	2.809446	30
-0.706723	-0.395781	3.131517	31
-0.724173	-0.405553	3.479191	32
-0.741623	-0.415326	3.855327	33
-0.759073	-0.425098	4.263034	34
-0.776523	-0.434871	4.705637	35
-0.793973	-0.444643	5.186643	36
-0.811423	-0.454415	5.709675	37
-0.828873	-0.464188	6.278346	38
-0.846323	-0.473960	6.896028	39
-0.863773	-0.483732	7.565446	40
46
-0.174609	-0.116669	0.017075	1
-0.191238	-0.127781	0.019483	2
-0.207868	-0.138892	0.021540	3
-0.224497	-0.150003	0.020859	4
-0.241127	-0.161115	0.017754	5
-0.257756	-0.172226	0.013325	6
-0.274386	-0.183337	0.008862	7
-0.291015	-0.194449	0.005687	8
-0.307644	-0.205560	0.005166	9
-0.324274	-0.216671	0.008735	10
-0.340903	-0.227783	0.017943	11
-0.357533	-0.238894	0.034466	12
-0.374162	-0.250005	0.060095	13
-0.390792	-0.261117	0.096708	14
-0.407421	-0.272228	0.146206	15
-0.424050	-0.283339	0.210390	16
-0.440680	-0.294451	0.290830	17
-0.457309	-0.305562	0.388723	18
-0.473939	-0.316674	0.504730	19
-0.490568	-0.327785	0.638801	20
-0.507198	-0.338896	0.790536	21
-0.523827	-0.350008	0.959348	22
-0.540456	-0.361119	1.144363	23
-0.557086	-0.372230	1.344498	24
-0.573715	-0.383342	1.558909	25
-0.590345	-0.394453	1.787152	26
-0.606974	-0.405564	2.029375	27
-0.623604	-0.416676	2.286422	28
-0.640233	-0.427787	2.559854	29
-0.656862	-0.438898	2.851883	30
-0.673492	-0.450010	3.165265	31
-0.690121	-0.461121	3.503167	32
-0.706751	-0.472232	3.869041	33
-0.723380	-0.483344	4.266508	34
-0.740010	-0.494455	4.699251	35
-0.756639	-0.505567	5.170909	36
-0.773268	-0.516678	5.684941	37
-0.789898	-0.527789	6.244419	38
-0.806527	-0.538901	6.851704	39
-0.823157	-0.550012	7.507900	40
47
-0.164917	-0.130009	0.015575	1
-0.180623	-0.142391	0.021095	2
-0.196330	-0.154773	0.025417	3
-0.212036	-0.167155	0.025827	4
-0.227742	-0.179537	0.022900	5
-0.243449	-0.191918	0.018005	6
-0.259155	-0.204300	0.012613	7
-0.274862	-0.216682	0.008156	8
-0.290568	-0.229064	0.006065	9
-0.306274	-0.241446	0.007844	10
-0.321981	-0.253827	0.015137	11
-0.337687	-0.266209	0.029778	12
-0.353394	-0.278591	0.053792	13
-0.369100	-0.290973	0.089385	14
-0.384806	-0.303355	0.138870	15
-0.400513	-0.315737	0.204519	16
-0.416219	-0.328118	0.288378	17
-0.431925	-0.340500	0.392029	18
-0.447632	-0.352882	0.516084	19
-0.463338	-0.365264	0.660306	20
-0.479045	-0.377646	0.823940	21
-0.494751	-0.390028	1.005736	22
-0.510457	-0.402409	1.203601	23
-0.526164	-0.414791	1.415228	24
-0.541870	-0.427173	1.638547	25
-0.557576	-0.439555	1.872134	26
-0.573283	-0.451937	2.115533	27
-0.588989	-0.464319	2.369421	28
-0.604696	-0.476700	2.635609	29
-0.620402	-0.489082	2.916896	30
-0.636108	-0.501464	3.216840	31
-0.651815	-0.513846	3.539503	32
-0.667521	-0.526228	3.889200	33
-0.683227	-0.538610	4.270281	34
-0.698934	-0.550991	4.686939	35
-0.714640	-0.563373	5.143027	36
-0.730347	-0.575755	5.641850	37
-0.746053	-0.588137	6.185863	38
-0.761759	-0.600519	6.776230	39
-0.777466	-0.612901	7.412109	40
48
-0.154208	-0.142548	0.014000	1
-0.168895	-0.156124	0.023068	2
-0.183581	-0.169700	0.029871	3
-0.198268	-0.183276	0.031476	4
-0.212954	-0.196852	0.028799	5
-0.227641	-0.210427	0.023509	6
-0.242327	-0.224003	0.017260	7
-0.257014	-0.237579	0.011579	8
-0.271700	-0.251155	0.007946	9
-0.286387	-0.264731	0.007897	10
-0.301073	-0.278307	0.013143	11
-0.315760	-0.291883	0.025652	12
-0.330446	-0.305459	0.047693	13
-0.345133	-0.319035	0.081855	14
-0.359819	-0.332611	0.130994	15
-0.374506	-0.346187	0.198078	16
-0.389192	-0.359763	0.285932	17
-0.403879	-0.373339	0.396844	18
-0.418565	-0.386915	0.531583	19
-0.433252	-0.400491	0.689986	20
-0.447938	-0.414067	0.871135	21
-0.462625	-0.427643	1.072501	22
-0.477311	-0.441219	1.290265	23
-0.491998	-0.454795	1.520036	24
-0.506684	-0.468371	1.757633	25
-0.521371	-0.481947	1.999903	26
-0.536057	-0.495523	2.245334	27
-0.550744	-0.509099	2.494357	28
-0.565430	-0.522675	2.749272	29
-0.580117	-0.536251	3.013920	30
-0.594803	-0.549827	3.293207	31
-0.609490	-0.563403	3.592613	32
-0.624176	-0.576979	3.917753	33
-0.638863	-0.590555	4.274019	34
-0.653549	-0.604131	4.666300	35
-0.668236	-0.617706	5.098724	36
-0.682922	-0.631282	5.574381	37
-0.697609	-0.644858	6.094927	38
-0.712295	-0.658434	6.659998	39
-0.726981	-0.672010	7.266281	40
49
-0.142549	-0.154207	0.012388	1
-0.156125	-0.168894	0.025115	2
-0.169701	-0.183580	0.034398	3
-0.183277	-0.198266	0.037239	4
-0.196853	-0.212953	0.034920	5
-0.210429	-0.227639	0.029386	6
-0.224005	-0.242326	0.022452	7
-0.237581	-0.257012	0.015726	8
-0.251157	-0.271698	0.010708	9
-0.264733	-0.286385	0.008940	10
-0.278309	-0.301071	0.012150	11
-0.291885	-0.315758	0.022391	12
-0.305461	-0.330444	0.042148	13
-0.319038	-0.345131	0.074401	14
-0.332614	-0.359817	0.122660	15
-0.346190	-0.374503	0.190839	16
-0.359766	-0.389190	0.282976	17
-0.373342	-0.403876	0.402510	18
-0.386918	-0.418563	0.551168	19
-0.400494	-0.433249	0.729296	20
-0.414070	-0.447935	0.936000	21
-0.427646	-0.462622	1.167158	22
-0.441222	-0.477308	1.416248	23
-0.454798	-0.491995	1.675248	24
-0.468374	-0.506681	1.936118	25
-0.481950	-0.521367	2.192504	26
-0.495526	-0.536054	2.441052	27
-0.509102	-0.550740	2.681941	28
-0.522678	-0.565427	2.918609	29
-0.536255	-0.580113	3.156940	30
-0.549831	-0.594799	3.404259	31
-0.563407	-0.609486	3.668397	32
-0.576983	-0.624172	3.956953	33
-0.590559	-0.638859	4.276783	34
-0.604135	-0.653545	4.633641	35
-0.617711	-0.668231	5.031897	36
-0.631287	-0.682918	5.474216	37
-0.644863	-0.697604	5.961087	38
-0.658439	-0.712291	6.490069	39
-0.672015	-0.726977	7.054596	40
50
-0.130010	-0.164916	0.010744	1
-0.142392	-0.180622	0.026665	2
-0.154774	-0.196329	0.038107	3
-0.167156	-0.212035	0.042158	4
-0.179538	-0.227741	0.040367	5
-0.191920	-0.243448	0.034851	6
-0.204302	-0.259154	0.027522	7
-0.216684	-0.274860	0.020037	8
-0.229066	-0.290566	0.013909	9
-0.241448	-0.306273	0.010664	10
-0.253830	-0.321979	0.012008	11
-0.266212	-0.337685	0.020013	12
-0.278593	-0.353392	0.037299	13
-0.290975	-0.369098	0.067175	14
-0.303357	-0.384804	0.113825	15
-0.315739	-0.400511	0.182316	16
-0.328121	-0.416217	0.278409	17
-0.340503	-0.431923	0.407520	18
-0.352885	-0.447629	0.573441	19
-0.365267	-0.463336	0.778435	20
-0.377649	-0.479042	1.022284	21
-0.390031	-0.494748	1.299390	22
-0.402413	-0.510455	1.599072	23
-0.414795	-0.526161	1.906718	24
-0.427177	-0.541867	2.206707	25
-0.439559	-0.557574	2.486337	26
-0.451941	-0.573280	2.738949	27
-0.464322	-0.588986	2.964898	28
-0.476704	-0.604692	3.170504	29
-0.489086	-0.620399	3.365959	30
-0.501468	-0.636105	3.563125	31
-0.513850	-0.651811	3.773792	32
-0.526232	-0.667518	4.008539	33
-0.538614	-0.683224	4.276122	34
-0.550996	-0.698930	4.583169	35
-0.563378	-0.714636	4.933991	36
-0.575760	-0.730343	5.330314	37
-0.588142	-0.746049	5.770772	38
-0.600524	-0.761755	6.249982	39
-0.612906	-0.777462	6.757034	40
51
-0.116670	-0.174608	0.009021	1
-0.127782	-0.191238	0.026880	2
-0.138893	-0.207867	0.039788	3
-0.150005	-0.224496	0.044984	4
-0.161116	-0.241126	0.044006	5
-0.172228	-0.257755	0.038918	6
-0.183339	-0.274384	0.031611	7
-0.194451	-0.291014	0.023742	8
-0.205562	-0.307643	0.016827	9
-0.216674	-0.324272	0.012381	10
-0.227785	-0.340902	0.012082	11
-0.238896	-0.357531	0.017978	12
-0.250008	-0.374160	0.032720	13
-0.261119	-0.390790	0.059827	14
-0.272231	-0.407419	0.104010	15
-0.283342	-0.424049	0.171496	16
-0.294454	-0.440678	0.270150	17
-0.305565	-0.457307	0.408536	18
-0.316677	-0.473937	0.594228	19
-0.327788	-0.490566	0.833990	20
-0.338900	-0.507195	1.130985	21
-0.350011	-0.523825	1.479668	22
-0.361123	-0.540454	1.863676	23
-0.372234	-0.557083	2.256028	24
-0.383345	-0.573713	2.624703	25
-0.394457	-0.590342	2.943111	26
-0.405568	-0.606971	3.198694	27
-0.416680	-0.623601	3.394239	28
-0.427791	-0.640230	3.543819	29
-0.438903	-0.656859	3.667099	30
-0.450014	-0.673489	3.784538	31
-0.461126	-0.690118	3.914394	32
-0.472237	-0.706748	4.071335	33
-0.483349	-0.723377	4.266102	34
-0.494460	-0.740006	4.505646	35
-0.505572	-0.756636	4.793318	36
-0.516683	-0.773265	5.128825	37
-0.527794	-0.789894	5.507749	38
-0.538906	-0.806524	5.920475	39
-0.550017	-0.823153	6.350325	40
52
-0.102611	-0.183224	0.007115	1
-0.112384	-0.200674	0.024872	2
-0.122156	-0.218124	0.038256	3
-0.131929	-0.235573	0.044549	4
-0.141701	-0.253023	0.044831	5
-0.151474	-0.270473	0.040800	6
-0.161246	-0.287923	0.034130	7
-0.171019	-0.305373	0.026368	8
-0.180791	-0.322823	0.018988	9
-0.190563	-0.340273	0.013493	10
-0.200336	-0.357723	0.011559	11
-0.210108	-0.375173	0.015225	12
-0.219881	-0.392622	0.027147	13
-0.229653	-0.410072	0.050938	14
-0.239426	-0.427522	0.091570	15
-0.249198	-0.444972	0.156119	16
-0.258971	-0.462422	0.254453	17
-0.268743	-0.479872	0.399236	18
-0.278516	-0.497322	0.603926	19
-0.288288	-0.514772	0.884174	20
-0.298061	-0.532222	1.253256	21
-0.307833	-0.549671	1.712537	22
-0.317606	-0.567121	2.241670	23
-0.327378	-0.584571	2.790682	24
-0.337151	-0.602021	3.287077	25
-0.346923	-0.619471	3.669579	26
-0.356696	-0.636921	3.916754	27
-0.366468	-0.654371	4.043964	28
-0.376241	-0.671821	4.086841	29
-0.386013	-0.689270	4.085801	30
-0.395786	-0.706720	4.076661	31
-0.405558	-0.724170	4.086892	32
-0.415331	-0.741620	4.135329	33
-0.425103	-0.759070	4.233356	34
-0.434876	-0.776520	4.386338	35
-0.444648	-0.793970	4.594637	36
-0.454421	-0.811420	4.853981	37
-0.464193	-0.828870	5.155052	38
-0.473966	-0.846319	5.482226	39
-0.483738	-0.863769	5.811364	40
53
-0.087919	-0.190710	0.004951	1
-0.096292	-0.208873	0.020193	2
-0.104666	-0.227035	0.032981	3
-0.113039	-0.245198	0.040387	4
-0.121412	-0.263361	0.042593	5
-0.129786	-0.281524	0.040605	6
-0.138159	-0.299687	0.035621	7
-0.146532	-0.317850	0.028858	8
-0.154905	-0.336012	0.021563	9
-0.163279	-0.354175	0.015108	10
-0.171652	-0.372338	0.011119	11
-0.180025	-0.390501	0.011647	12
-0.188398	-0.408664	0.019404	13
-0.196772	-0.426827	0.038109	14
-0.205145	-0.444989	0.072932	15
-0.213518	-0.463152	0.131344	16
-0.221891	-0.481315	0.224442	17
-0.230265	-0.499478	0.368580	18
-0.238638	-0.517641	0.584485	19
-0.247011	-0.535804	0.901233	20
-0.255384	-0.553966	1.354585	21
-0.263758	-0.572129	1.974189	22
-0.272131	-0.590292	2.756999	23
-0.280504	-0.608455	3.620711	24
-0.288877	-0.626618	4.372545	25
-0.297251	-0.644781	4.848519	26
-0.305624	-0.662943	5.031839	27
-0.313997	-0.681106	4.993919	28
-0.322371	-0.699269	4.828533	29
-0.330744	-0.717432	4.616574	30
-0.339117	-0.735595	4.415362	31
-0.347490	-0.753758	4.260142	32
-0.355864	-0.771920	4.169476	33
-0.364237	-0.790083	4.150497	34
-0.372610	-0.808246	4.202676	35
-0.380983	-0.826409	4.319899	36
-0.389357	-0.844572	4.491109	37
-0.397730	-0.862735	4.699743	38
-0.406103	-0.880897	4.922158	39
-0.414476	-0.899060	5.125163	40
54
-0.072685	-0.197020	0.002666	1
-0.079608	-0.215784	0.013494	2
-0.086530	-0.234548	0.024767	3
-0.093453	-0.253311	0.033339	4
-0.100375	-0.272075	0.038416	5
-0.107297	-0.290839	0.040130	6
-0.114220	-0.309603	0.038907	7
-0.121142	-0.328367	0.035270	8
-0.128065	-0.347130	0.029848	9
-0.134987	-0.365894	0.023491	10
-0.141909	-0.384658	0.017407	11
-0.148832	-0.403422	0.013363	12
-0.155754	-0.422186	0.013938	13
-0.162677	-0.440949	0.022892	14
-0.169599	-0.459713	0.045695	15
-0.176521	-0.478477	0.090258	16
-0.183444	-0.497241	0.168349	17
-0.190366	-0.516005	0.298103	18
-0.197289	-0.534768	0.507059	19
-0.204211	-0.553532	0.835450	20
-0.211134	-0.572296	1.351860	21
-0.218056	-0.591060	2.155105	22
-0.224978	-0.609824	3.354310	23
-0.231901	-0.628587	4.931163	24
-0.238823	-0.647351	6.235494	25
-0.245746	-0.666115	6.744809	26
-0.252668	-0.684879	6.639250	27
-0.259590	-0.703643	6.206853	28
-0.266513	-0.722406	5.662929	29
-0.273435	-0.741170	5.134672	30
-0.280358	-0.759934	4.685649	31
-0.287280	-0.778698	4.340952	32
-0.294202	-0.797462	4.104668	33
-0.301125	-0.816225	3.970100	34
-0.308047	-0.834989	3.924864	35
-0.314970	-0.853753	3.952742	36
-0.321892	-0.872517	4.033554	37
-0.328814	-0.891281	4.141810	38
-0.335737	-0.910044	4.244602	39
-0.342659	-0.928808	4.299205	40
55
-0.057003	-0.202115	0.000814	1
-0.062432	-0.221364	0.006722	2
-0.067861	-0.240614	0.015740	3
-0.073290	-0.259863	0.025562	4
-0.078719	-0.279112	0.035015	5
-0.084148	-0.298361	0.043379	6
-0.089577	-0.317610	0.050035	7
-0.095005	-0.336859	0.054423	8
-0.100434	-0.356108	0.056092	9
-0.105863	-0.375357	0.054786	10
-0.111292	-0.394606	0.050556	11
-0.116721	-0.413855	0.043944	12
-0.122150	-0.433104	0.036273	13
-0.127579	-0.452353	0.030096	14
-0.133008	-0.471603	0.029908	15
-0.138436	-0.490852	0.043230	16
-0.143865	-0.510101	0.082226	17
-0.149294	-0.529350	0.166377	18
-0.154723	-0.548599	0.327373	19
-0.160152	-0.567848	0.614649	20
-0.165581	-0.587097	1.115362	21
-0.171010	-0.606346	2.000520	22
-0.176439	-0.625595	3.652709	23
-0.181868	-0.644844	7.136836	24
-0.187296	-0.664093	9.566899	25
-0.192725	-0.683342	9.296326	26
-0.198154	-0.702592	8.240869	27
-0.203583	-0.721841	7.093414	28
-0.209012	-0.741090	6.077934	29
-0.214441	-0.760339	5.253880	30
-0.219870	-0.779588	4.620614	31
-0.225299	-0.798837	4.157186	32
-0.230727	-0.818086	3.837795	33
-0.236156	-0.837335	3.636951	34
-0.241585	-0.856584	3.530080	35
-0.247014	-0.875833	3.492137	36
-0.252443	-0.895082	3.495354	37
-0.257872	-0.914332	3.506680	38
-0.263301	-0.933581	3.485417	39
-0.268730	-0.952830	3.381989	40
56
-0.040970	-0.205965	0.000074	1
-0.044872	-0.225580	0.001906	2
-0.048774	-0.245196	0.008189	3
-0.052675	-0.264812	0.019985	4
-0.056577	-0.284428	0.036728	5
-0.060479	-0.304043	0.056875	6
-0.064381	-0.323659	0.078625	7
-0.068283	-0.343275	0.100268	8
-0.072185	-0.362890	0.120255	9
-0.076087	-0.382506	0.137160	10
-0.079989	-0.402122	0.149605	11
-0.083890	-0.421737	0.156236	12
-0.087792	-0.441353	0.155762	13
-0.091694	-0.460969	0.147150	14
-0.095596	-0.480584	0.130091	15
-0.099498	-0.500200	0.105957	16
-0.103400	-0.519816	0.079624	17
-0.107302	-0.539431	0.062813	18
-0.111204	-0.559047	0.080371	19
-0.115105	-0.578663	0.183310	20
-0.119007	-0.598279	0.480839	21
-0.122909	-0.617894	1.242129	22
-0.126811	-0.637510	3.263053	23
-0.130713	-0.657126	12.423992	24
-0.134615	-0.676741	13.069517	25
-0.138517	-0.696357	9.313604	26
-0.142419	-0.715973	7.459387	27
-0.146321	-0.735588	6.179735	28
-0.150222	-0.755204	5.228495	29
-0.154124	-0.774820	4.515991	30
-0.158026	-0.794435	3.987614	31
-0.161928	-0.814051	3.604086	32
-0.165830	-0.833667	3.335472	33
-0.169732	-0.853283	3.157204	34
-0.173634	-0.872898	3.046554	35
-0.177536	-0.892514	2.979392	36
-0.181437	-0.912130	2.927245	37
-0.185339	-0.931745	2.854897	38
-0.189241	-0.951361	2.719332	39
-0.193143	-0.970977	2.471952	40
57
-0.081103	-0.685217	29.585083	25
-0.083454	-0.705078	14.979498	26
-0.085805	-0.724940	8.813741	27
-0.088156	-0.744801	6.025267	28
-0.090507	-0.764662	4.629975	29
-0.092858	-0.784524	3.851349	30
-0.095208	-0.804385	3.374498	31
-0.097559	-0.824246	3.063469	32
-0.099910	-0.844108	2.853746	33
-0.102261	-0.863969	2.709680	34
-0.104612	-0.883831	2.605903	35
-0.106963	-0.903692	2.518253	36
-0.109313	-0.923553	2.418817	37
-0.111664	-0.943415	2.273621	38
-0.114015	-0.963276	2.043665	39
-0.116366	-0.983137	1.692254	40
58
-0.027092	-0.689468	33.629614	25
-0.027877	-0.709453	19.645973	26
-0.028663	-0.729437	12.274780	27
-0.029448	-0.749422	8.197646	28
-0.030233	-0.769406	5.852554	29
-0.031018	-0.789391	4.465706	30
-0.031804	-0.809375	3.624882	31
-0.032589	-0.829360	3.102483	32
-0.033374	-0.849345	2.767904	33
-0.034159	-0.869329	2.542875	34
-0.034945	-0.889314	2.375505	35
-0.035730	-0.909298	2.226108	36
-0.036515	-0.929283	2.059157	37
-0.037301	-0.949267	1.839824	38
-0.038086	-0.969252	1.536250	39
-0.038871	-0.989237	1.130758	40
59
0.027087	-0.689468	22.053947	25
0.027872	-0.709453	15.195463	26
0.028657	-0.729437	11.454071	27
0.029442	-0.749422	8.871991	28
0.030227	-0.769406	6.935221	29
0.031012	-0.789391	5.488375	30
0.031797	-0.809376	4.431075	31
0.032582	-0.829360	3.670782	32
0.033367	-0.849345	3.126415	33
0.034153	-0.869329	2.730891	34
0.034938	-0.889314	2.425308	35
0.035723	-0.909299	2.160008	36
0.036508	-0.929283	1.893083	37
0.037293	-0.949268	1.589602	38
0.038078	-0.969252	1.225930	39
0.038863	-0.989237	0.802115	40
60
0.024682	-0.208544	0.000025	1
0.027033	-0.228406	0.001752	2
0.029383	-0.248267	0.009236	3
0.031734	-0.268129	0.025076	4
0.034085	-0.287990	0.049780	5
0.036435	-0.307851	0.082401	6
0.038786	-0.327713	0.121464	7
0.041137	-0.347574	0.165519	8
0.043487	-0.367436	0.213353	9
0.045838	-0.387297	0.264027	10
0.048189	-0.407158	0.316830	11
0.050539	-0.427020	0.371204	12
0.052890	-0.446881	0.426615	13
0.055241	-0.466742	0.482354	14
0.057591	-0.486604	0.537186	15
0.059942	-0.506465	0.588708	16
0.062293	-0.526327	0.632202	17
0.064643	-0.546188	0.658759	18
0.066994	-0.566049	0.653054	19
0.069345	-0.585911	0.594337	20
0.071695	-0.605772	0.478821	21
0.074046	-0.625633	0.437685	22
0.076397	-0.645495	1.232478	23
0.078747	-0.665356	7.744426	24
0.081098	-0.685218	11.299283	25
0.083449	-0.705079	10.991599	26
0.085799	-0.724940	10.266589	27
0.088150	-0.744802	9.128318	28
0.090501	-0.764663	7.832832	29
0.092851	-0.784524	6.579058	30
0.095202	-0.804386	5.474419	31
0.097553	-0.824247	4.553405	32
0.099903	-0.844109	3.809812	33
0.102254	-0.863970	3.217158	34
0.104605	-0.883831	2.733565	35
0.106955	-0.903693	2.314892	36
0.109306	-0.923554	1.921582	37
0.111657	-0.943415	1.522761	38
0.114007	-0.963277	1.102629	39
0.116358	-0.983138	0.670952	40
61
0.040968	-0.205965	0.000827	1
0.044870	-0.225581	0.007872	2
0.048772	-0.245197	0.020634	3
0.052673	-0.264812	0.037275	4
0.056575	-0.284428	0.056651	5
0.060477	-0.304044	0.077830	6
0.064378	-0.323659	0.099823	7
0.068280	-0.343275	0.121560	8
0.072182	-0.362891	0.141922	9
0.076084	-0.382507	0.159749	10
0.079985	-0.402122	0.173822	11
0.083887	-0.421738	0.182841	12
0.087789	-0.441354	0.185438	13
0.091691	-0.460969	0.180294	14
0.095592	-0.480585	0.166482	15
0.099494	-0.500201	0.144325	16
0.103396	-0.519817	0.117215	17
0.107297	-0.539432	0.095281	18
0.111199	-0.559048	0.102166	19
0.115101	-0.578664	0.185943	20
0.119003	-0.598280	0.435036	21
0.122904	-0.617895	1.001820	22
0.126806	-0.637511	2.148172	23
0.130708	-0.657127	4.649559	24
0.134610	-0.676742	7.287503	25
0.138511	-0.696358	8.589626	26
0.142413	-0.715974	8.986708	27
0.146315	-0.735590	8.752296	28
0.150216	-0.755205	8.108102	29
0.154118	-0.774821	7.244929	30
0.158020	-0.794437	6.310241	31
0.161922	-0.814052	5.401718	32
0.165823	-0.833668	4.572749	33
0.169725	-0.853284	3.842154	34
0.173627	-0.872900	3.203189	35
0.177528	-0.892515	2.635188	36
0.181430	-0.912131	2.113780	37
0.185332	-0.931747	1.619203	38
0.189234	-0.951363	1.144020	39
0.193135	-0.970978	0.700473	40
62
0.057002	-0.202116	0.002901	1
0.062430	-0.221365	0.016130	2
0.067859	-0.240614	0.032535	3
0.073288	-0.259863	0.048544	4
0.078717	-0.279112	0.062670	5
0.084145	-0.298361	0.074298	6
0.089574	-0.317611	0.083061	7
0.095003	-0.336860	0.088607	8
0.100431	-0.356109	0.090570	9
0.105860	-0.375358	0.088624	10
0.111289	-0.394607	0.082592	11
0.116718	-0.413856	0.072617	12
0.122146	-0.433105	0.059425	13
0.127575	-0.452354	0.044744	14
0.133004	-0.471604	0.031936	15
0.138433	-0.490853	0.026910	16
0.143861	-0.510102	0.039396	17
0.149290	-0.529351	0.084603	18
0.154719	-0.548600	0.184777	19
0.160147	-0.567849	0.373226	20
0.165576	-0.587098	0.702394	21
0.171005	-0.606348	1.252920	22
0.176434	-0.625597	2.148910	23
0.181862	-0.644846	3.526392	24
0.187291	-0.664095	5.098370	25
0.192720	-0.683344	6.400596	26
0.198149	-0.702593	7.255476	27
0.203577	-0.721842	7.634875	28
0.209006	-0.741091	7.591044	29
0.214435	-0.760341	7.218547	30
0.219863	-0.779590	6.625290	31
0.225292	-0.798839	5.910721	32
0.230721	-0.818088	5.153074	33
0.236150	-0.837337	4.404795	34
0.241578	-0.856586	3.694104	35
0.247007	-0.875835	3.031154	36
0.252436	-0.895084	2.416176	37
0.257865	-0.914334	1.847705	38
0.263293	-0.933583	1.329696	39
0.268722	-0.952832	0.876150	40
63
0.072684	-0.197020	0.005562	1
0.079606	-0.215784	0.024294	2
0.086528	-0.234548	0.042593	3
0.093451	-0.253312	0.056602	4
0.100373	-0.272076	0.065582	5
0.107295	-0.290840	0.069691	6
0.114217	-0.309604	0.069356	7
0.121140	-0.328367	0.065077	8
0.128062	-0.347131	0.057419	9
0.134984	-0.365895	0.047099	10
0.141906	-0.384659	0.035122	11
0.148829	-0.403423	0.022964	12
0.155751	-0.422187	0.012790	13
0.162673	-0.440951	0.007723	14
0.169595	-0.459714	0.012177	15
0.176518	-0.478478	0.032285	16
0.183440	-0.497242	0.076516	17
0.190362	-0.516006	0.155995	18
0.197284	-0.534770	0.287224	19
0.204207	-0.553534	0.495575	20
0.211129	-0.572298	0.818444	21
0.218051	-0.591061	1.298905	22
0.224973	-0.609825	1.994905	23
0.231896	-0.628589	2.923766	24
0.238818	-0.647353	3.990454	25
0.245740	-0.666117	5.026649	26
0.252663	-0.684881	5.888096	27
0.259585	-0.703645	6.482228	28
0.266507	-0.722408	6.770614	29
0.273429	-0.741172	6.761535	30
0.280352	-0.759936	6.497066	31
0.287274	-0.778700	6.037725	32
0.294196	-0.797464	5.448155	33
0.301118	-0.816228	4.786544	34
0.308041	-0.834992	4.099046	35
0.314963	-0.853755	3.419100	36
0.321885	-0.872519	2.770337	37
0.328807	-0.891283	2.171230	38
0.335730	-0.910047	1.639637	39
0.342652	-0.928811	1.195578	40
64
0.087918	-0.190710	0.008172	1
0.096291	-0.208873	0.030149	2
0.104664	-0.227036	0.048768	3
0.113037	-0.245199	0.060216	4
0.121410	-0.263362	0.064798	5
0.129783	-0.281525	0.063595	6
0.138156	-0.299688	0.057808	7
0.146530	-0.317851	0.048650	8
0.154903	-0.336014	0.037373	9
0.163276	-0.354177	0.025353	10
0.171649	-0.372339	0.014198	11
0.180022	-0.390502	0.005862	12
0.188395	-0.408665	0.002778	13
0.196768	-0.426828	0.008011	14
0.205141	-0.444991	0.025494	15
0.213514	-0.463154	0.060399	16
0.221888	-0.481317	0.119399	17
0.230261	-0.499480	0.212183	18
0.238634	-0.517643	0.353147	19
0.247007	-0.535806	0.562732	20
0.255380	-0.553968	0.862091	21
0.263753	-0.572131	1.280047	22
0.272126	-0.590294	1.840159	23
0.280499	-0.608457	2.540725	24
0.288872	-0.626620	3.339686	25
0.297246	-0.644783	4.161398	26
0.305619	-0.662946	4.919993	27
0.313992	-0.681109	5.538388	28
0.322365	-0.699272	5.960540	29
0.330738	-0.717435	6.157559	30
0.339111	-0.735597	6.128166	31
0.347484	-0.753760	5.894352	32
0.355857	-0.771923	5.494002	33
0.364231	-0.790086	4.972754	34
0.372604	-0.808249	4.377182	35
0.380977	-0.826412	3.750557	36
0.389350	-0.844575	3.131345	37
0.397723	-0.862738	2.553750	38
0.406096	-0.880901	2.049210	39
0.414469	-0.899064	1.648101	40
65
0.102610	-0.183225	0.010519	1
0.112382	-0.200675	0.032806	2
0.122154	-0.218125	0.050290	3
0.131927	-0.235575	0.059153	4
0.141699	-0.253024	0.060462	5
0.151471	-0.270474	0.056003	6
0.161244	-0.287924	0.047527	7
0.171016	-0.305374	0.036675	8
0.180788	-0.322824	0.025029	9
0.190561	-0.340274	0.014201	10
0.200333	-0.357724	0.005913	11
0.210105	-0.375174	0.002103	12
0.219878	-0.392624	0.005032	13
0.229650	-0.410074	0.017458	14
0.239423	-0.427524	0.042899	15
0.249195	-0.444974	0.085994	16
0.258967	-0.462424	0.152855	17
0.268740	-0.479874	0.252511	18
0.278512	-0.497324	0.397234	19
0.288284	-0.514774	0.600310	20
0.298057	-0.532224	0.876464	21
0.307829	-0.549674	1.243073	22
0.317601	-0.567124	1.710010	23
0.327374	-0.584574	2.273207	24
0.337146	-0.602024	2.910003	25
0.346918	-0.619474	3.579995	26
0.356691	-0.636924	4.231438	27
0.366463	-0.654374	4.809615	28
0.376235	-0.671824	5.265126	29
0.386008	-0.689274	5.560842	30
0.395780	-0.706724	5.676524	31
0.405552	-0.724173	5.610435	32
0.415325	-0.741623	5.377975	33
0.425097	-0.759073	5.008097	34
0.434869	-0.776523	4.538741	35
0.444642	-0.793973	4.012489	36
0.454414	-0.811423	3.473264	37
0.464187	-0.828873	2.964330	38
0.473959	-0.846323	2.527678	39
0.483731	-0.863773	2.205283	40
66
0.116669	-0.174609	0.012644	1
0.127780	-0.191239	0.032662	2
0.138892	-0.207868	0.047811	3
0.150003	-0.224497	0.054265	4
0.161114	-0.241127	0.053386	5
0.172226	-0.257756	0.047287	6
0.183337	-0.274386	0.037964	7
0.194448	-0.291015	0.027210	8
0.205560	-0.307645	0.016676	9
0.216671	-0.324274	0.007970	10
0.227782	-0.340904	0.002749	11
0.238894	-0.357533	0.002833	12
0.250005	-0.374162	0.010349	13
0.261116	-0.390792	0.027923	14
0.272228	-0.407421	0.058944	15
0.283339	-0.424051	0.107672	16
0.294450	-0.440680	0.180114	17
0.305562	-0.457310	0.284198	18
0.316673	-0.473939	0.429097	19
0.327784	-0.490569	0.622993	20
0.338896	-0.507198	0.877888	21
0.350007	-0.523827	1.203183	22
0.361118	-0.540457	1.603211	23
0.372230	-0.557086	2.074371	24
0.383341	-0.573716	2.602866	25
0.394452	-0.590345	3.164371	26
0.405564	-0.606975	3.725881	27
0.416675	-0.623604	4.249220	28
0.427786	-0.640234	4.695641	29
0.438898	-0.656863	5.030836	30
0.450009	-0.673492	5.229578	31
0.461120	-0.690122	5.279167	32
0.472232	-0.706751	5.181106	33
0.483343	-0.723381	4.950847	34
0.494454	-0.740010	4.615927	35
0.505566	-0.756640	4.213104	36
0.516677	-0.773269	3.785242	37
0.527788	-0.789898	3.378633	38
0.538900	-0.806528	3.041571	39
0.550011	-0.823157	2.825493	40
67
0.130009	-0.164917	0.014637	1
0.142391	-0.180624	0.030729	2
0.154773	-0.196330	0.042772	3
0.167154	-0.212036	0.047035	4
0.179536	-0.227743	0.044798	5
0.191918	-0.243449	0.038151	6
0.204300	-0.259156	0.029075	7
0.216682	-0.274862	0.019326	8
0.229063	-0.290568	0.010497	9
0.241445	-0.306275	0.004122	10
0.253827	-0.321981	0.001786	11
0.266209	-0.337687	0.005252	12
0.278591	-0.353394	0.016609	13
0.290972	-0.369100	0.038459	14
0.303354	-0.384807	0.074095	15
0.315736	-0.400513	0.127584	16
0.328118	-0.416219	0.204380	17
0.340500	-0.431926	0.310932	18
0.352882	-0.447632	0.452751	19
0.365263	-0.463339	0.637703	20
0.377645	-0.479045	0.873269	21
0.390027	-0.494751	1.164882	22
0.402409	-0.510458	1.514650	23
0.414791	-0.526164	1.919722	24
0.427172	-0.541871	2.371008	25
0.439554	-0.557577	2.852641	26
0.451936	-0.573283	3.342422	27
0.464318	-0.588990	3.813298	28
0.476700	-0.604696	4.235840	29
0.489081	-0.620403	4.581504	30
0.501463	-0.636109	4.826260	31
0.513845	-0.651815	4.954051	32
0.526227	-0.667522	4.959466	33
0.538609	-0.683228	4.849194	34
0.550990	-0.698935	4.642064	35
0.563372	-0.714641	4.367818	36
0.575754	-0.730347	4.065023	37
0.588136	-0.746054	3.778861	38
0.600518	-0.761760	3.559811	39
0.612899	-0.777467	3.464752	40
68
0.142547	-0.154208	0.016539	1
0.156123	-0.168895	0.028042	2
0.169699	-0.183581	0.036687	3
0.183275	-0.198268	0.038990	4
0.196851	-0.212954	0.035945	5
0.210427	-0.227641	0.029393	6
0.224003	-0.242327	0.021139	7
0.237579	-0.257014	0.012809	8
0.251155	-0.271700	0.005898	9
0.264731	-0.286387	0.001875	10
0.278307	-0.301074	0.002292	11
0.291883	-0.315760	0.008909	12
0.305459	-0.330447	0.023818	13
0.319035	-0.345133	0.049573	14
0.332611	-0.359820	0.089246	15
0.346187	-0.374506	0.146704	16
0.359763	-0.389193	0.226539	17
0.373339	-0.403879	0.333082	18
0.386914	-0.418566	0.471399	19
0.400490	-0.433252	0.647165	20
0.414066	-0.447939	0.865287	21
0.427642	-0.462625	1.129175	22
0.441218	-0.477312	1.439932	23
0.454794	-0.491998	1.795381	24
0.468370	-0.506685	2.189236	25
0.481946	-0.521371	2.610592	26
0.495522	-0.536058	3.043911	27
0.509098	-0.550744	3.469649	28
0.522674	-0.565431	3.865617	29
0.536250	-0.580117	4.209070	30
0.549826	-0.594804	4.479359	31
0.563402	-0.609490	4.660829	32
0.576978	-0.624177	4.745521	33
0.590554	-0.638863	4.735235	34
0.604130	-0.653550	4.642610	35
0.617706	-0.668236	4.491089	36
0.631282	-0.682923	4.313961	37
0.644857	-0.697609	4.152995	38
0.658433	-0.712296	4.057603	39
0.672009	-0.726982	4.085861	40
69
0.154207	-0.142549	0.018332	1
0.168893	-0.156125	0.025353	2
0.183580	-0.169701	0.030713	3
0.198266	-0.183277	0.031307	4
0.212953	-0.196853	0.027786	5
0.227639	-0.210429	0.021656	6
0.242325	-0.224005	0.014479	7
0.257012	-0.237581	0.007720	8
0.271698	-0.251158	0.002780	9
0.286385	-0.264734	0.001082	10
0.301071	-0.278310	0.004167	11
0.315757	-0.291886	0.013793	12
0.330444	-0.305462	0.032027	13
0.345130	-0.319038	0.061318	14
0.359816	-0.332614	0.104497	15
0.374503	-0.346190	0.164975	16
0.389189	-0.359766	0.246193	17
0.403876	-0.373342	0.351742	18
0.418562	-0.386918	0.485872	19
0.433248	-0.400494	0.652568	20
0.447935	-0.414071	0.855208	21
0.462621	-0.427647	1.096106	22
0.477308	-0.441223	1.375923	23
0.491994	-0.454799	1.693049	24
0.506680	-0.468375	2.043024	25
0.521367	-0.481951	2.418115	26
0.536053	-0.495527	2.807160	27
0.550740	-0.509103	3.195830	28
0.565426	-0.522679	3.567409	29
0.580112	-0.536255	3.904157	30
0.594799	-0.549831	4.189221	31
0.609485	-0.563407	4.408906	32
0.624171	-0.576984	4.555056	33
0.638858	-0.590560	4.627151	34
0.653544	-0.604136	4.633814	35
0.668231	-0.617712	4.593500	36
0.682917	-0.631288	4.534389	37
0.697603	-0.644864	4.493827	38
0.712290	-0.658440	4.517985	39
0.726976	-0.672016	4.662703	40
70
0.164916	-0.130011	0.019960	1
0.180622	-0.142392	0.023068	2
0.196328	-0.154774	0.025527	3
0.212035	-0.167156	0.024679	4
0.227741	-0.179538	0.020881	5
0.243447	-0.191920	0.015306	6
0.259154	-0.204302	0.009274	7
0.274860	-0.216684	0.004097	8
0.290566	-0.229066	0.001094	9
0.306272	-0.241448	0.001649	10
0.321979	-0.253830	0.007286	11
0.337685	-0.266212	0.019734	12
0.353391	-0.278594	0.040988	13
0.369098	-0.290976	0.073320	14
0.384804	-0.303358	0.119294	15
0.400510	-0.315740	0.181666	16
0.416216	-0.328122	0.263196	17
0.431923	-0.340504	0.367126	18
0.447629	-0.352886	0.496632	19
0.463335	-0.365268	0.654670	20
0.479042	-0.377650	0.843733	21
0.494748	-0.390032	1.065507	22
0.510454	-0.402413	1.320481	23
0.526160	-0.414795	1.607516	24
0.541867	-0.427177	1.923431	25
0.557573	-0.439559	2.262656	26
0.573279	-0.451941	2.617063	27
0.588985	-0.464323	2.976065	28
0.604692	-0.476705	3.327081	29
0.620398	-0.489087	3.656463	30
0.636104	-0.501469	3.950871	31
0.651811	-0.513851	4.199025	32
0.667517	-0.526233	4.393665	33
0.683223	-0.538615	4.533459	34
0.698929	-0.550997	4.624577	35
0.714636	-0.563379	4.681735	36
0.730342	-0.575761	4.728629	37
0.746048	-0.588143	4.797955	38
0.761755	-0.600525	4.931422	39
0.777461	-0.612907	5.180388	40
71
0.174608	-0.116671	0.021364	1
0.191237	-0.127782	0.021321	2
0.207867	-0.138894	0.021387	3
0.224496	-0.150005	0.019371	4
0.241125	-0.161117	0.015420	5
0.257755	-0.172228	0.010430	6
0.274384	-0.183339	0.005512	7
0.291013	-0.194451	0.001846	8
0.307643	-0.205562	0.000676	9
0.324272	-0.216674	0.003347	10
0.340901	-0.227785	0.011343	11
0.357531	-0.238897	0.026334	12
0.374160	-0.250008	0.050197	13
0.390789	-0.261120	0.084999	14
0.407419	-0.272231	0.132935	15
0.424048	-0.283343	0.196266	16
0.440677	-0.294454	0.277532	17
0.457307	-0.305566	0.379286	18
0.473936	-0.316677	0.504031	19
0.490565	-0.327789	0.654081	20
0.507195	-0.338900	0.831378	21
0.523824	-0.350012	1.037256	22
0.540454	-0.361123	1.272166	23
0.557083	-0.372235	1.535367	24
0.573712	-0.383346	1.824615	25
0.590342	-0.394458	2.135901	26
0.606971	-0.405569	2.463288	27
0.623600	-0.416681	2.798943	28
0.640230	-0.427792	3.133440	29
0.656859	-0.438904	3.456398	30
0.673488	-0.450015	3.757492	31
0.690118	-0.461127	4.027794	32
0.706747	-0.472238	4.261348	33
0.723376	-0.483350	4.456804	34
0.740006	-0.494461	4.618898	35
0.756635	-0.505573	4.759597	36
0.773264	-0.516684	4.898824	37
0.789894	-0.527796	5.064813	38
0.806523	-0.538907	5.294336	39
0.823152	-0.550018	5.633115	40
72
0.183224	-0.102611	0.022499	1
0.200674	-0.112384	0.020074	2
0.218123	-0.122156	0.018276	3
0.235573	-0.131929	0.015355	4
0.253023	-0.141701	0.011336	5
0.270473	-0.151474	0.006910	6
0.287923	-0.161246	0.003021	7
0.305373	-0.171019	0.000741	8
0.322823	-0.180791	0.001247	9
0.340273	-0.190564	0.005829	10
0.357722	-0.200336	0.015919	11
0.375172	-0.210109	0.033097	12
0.392622	-0.219881	0.059100	13
0.410072	-0.229654	0.095734	14
0.427522	-0.239426	0.144895	15
0.444972	-0.249199	0.208655	16
0.462422	-0.258972	0.289110	17
0.479871	-0.268744	0.388373	18
0.497321	-0.278517	0.508496	19
0.514771	-0.288289	0.651369	20
0.532221	-0.298062	0.818593	21
0.549671	-0.307834	1.011308	22
0.567121	-0.317607	1.229994	23
0.584571	-0.327379	1.474248	24
0.602021	-0.337152	1.742544	25
0.619470	-0.346924	2.032036	26
0.636920	-0.356697	2.338419	27
0.654370	-0.366469	2.655938	28
0.671820	-0.376242	2.977585	29
0.689270	-0.386014	3.295568	30
0.706720	-0.395787	3.602051	31
0.724170	-0.405559	3.890193	32
0.741620	-0.415332	4.155396	33
0.759069	-0.425104	4.396665	34
0.776519	-0.434877	4.617916	35
0.793969	-0.444649	4.829094	36
0.811419	-0.454422	5.046996	37
0.828869	-0.464194	5.295794	38
0.846319	-0.473967	5.607339	39
0.863769	-0.483739	6.021401	40
73
0.190710	-0.087919	0.023348	1
0.208872	-0.096293	0.019216	2
0.227035	-0.104666	0.016037	3
0.245198	-0.113039	0.012450	4
0.263361	-0.121413	0.008427	5
0.281524	-0.129786	0.004518	6
0.299687	-0.138159	0.001546	7
0.317849	-0.146532	0.000492	8
0.336012	-0.154906	0.002469	9
0.354175	-0.163279	0.008709	10
0.372338	-0.171652	0.020572	11
0.390501	-0.180026	0.039542	12
0.408663	-0.188399	0.067167	13
0.426826	-0.196772	0.105078	14
0.444989	-0.205145	0.154991	15
0.463152	-0.213519	0.218692	16
0.481315	-0.221892	0.297988	17
0.499478	-0.230265	0.394679	18
0.517640	-0.238639	0.510506	19
0.535803	-0.247012	0.647078	20
0.553966	-0.255385	0.805785	21
0.572129	-0.263758	0.987664	22
0.590292	-0.272132	1.193260	23
0.608455	-0.280505	1.422454	24
0.626617	-0.288878	1.674284	25
0.644780	-0.297252	1.946794	26
0.662943	-0.305625	2.236920	27
0.681106	-0.313998	2.540496	28
0.699269	-0.322371	2.852387	29
0.717431	-0.330745	3.166837	30
0.735594	-0.339118	3.478030	31
0.753757	-0.347491	3.780889	32
0.771920	-0.355865	4.072066	33
0.790083	-0.364238	4.351054	34
0.808246	-0.372611	4.621307	35
0.826408	-0.380984	4.891257	36
0.844571	-0.389358	5.175128	37
0.862734	-0.397731	5.493504	38
0.880897	-0.406104	5.873641	39
0.899060	-0.414478	6.349567	40
74
0.197020	-0.072686	0.023919	1
0.215784	-0.079608	0.018623	2
0.234547	-0.086530	0.014472	3
0.253311	-0.093453	0.010423	4
0.272075	-0.100375	0.006443	5
0.290839	-0.107298	0.002993	6
0.309603	-0.114220	0.000807	7
0.328366	-0.121143	0.000797	8
0.347130	-0.128065	0.004012	9
0.365894	-0.134987	0.011628	10
0.384658	-0.141910	0.024923	11
0.403422	-0.148832	0.045258	12
0.422185	-0.155755	0.074066	13
0.440949	-0.162677	0.112824	14
0.459713	-0.169600	0.163069	15
0.478477	-0.176522	0.226387	16
0.497240	-0.183445	0.304364	17
0.516004	-0.190367	0.398577	18
0.534768	-0.197289	0.510551	19
0.553532	-0.204212	0.641712	20
0.572296	-0.211134	0.793312	21
0.591059	-0.218057	0.966346	22
0.609823	-0.224979	1.161433	23
0.628587	-0.231902	1.378692	24
0.647351	-0.238824	1.617611	25
0.666115	-0.245746	1.876922	26
0.684878	-0.252669	2.154524	27
0.703642	-0.259591	2.447476	28
0.722406	-0.266514	2.752102	29
0.741170	-0.273436	3.064249	30
0.759934	-0.280359	3.379717	31
0.778697	-0.287281	3.694883	32
0.797461	-0.294203	4.007480	33
0.816225	-0.301126	4.317500	34
0.834989	-0.308048	4.628134	35
0.853753	-0.314971	4.946657	36
0.872516	-0.321893	5.285179	37
0.891280	-0.328816	5.661178	38
0.910044	-0.335738	6.097798	39
0.928808	-0.342661	6.623833	40
75
0.202115	-0.057004	0.024236	1
0.221364	-0.062432	0.018195	2
0.240613	-0.067861	0.013400	3
0.259863	-0.073290	0.009059	4
0.279112	-0.078719	0.005154	5
0.298361	-0.084148	0.002095	6
0.317610	-0.089577	0.000554	7
0.336859	-0.095006	0.001390	8
0.356108	-0.100435	0.005597	9
0.375357	-0.105864	0.014289	10
0.394606	-0.111293	0.028668	11
0.413855	-0.116721	0.050006	12
0.433104	-0.122150	0.079619	13
0.452353	-0.127579	0.118863	14
0.471602	-0.133008	0.169146	15
0.490851	-0.138437	0.231894	16
0.510101	-0.143866	0.308534	17
0.529350	-0.149295	0.400481	18
0.548599	-0.154724	0.509112	19
0.567848	-0.160153	0.635725	20
0.587097	-0.165582	0.781490	21
0.606346	-0.171011	0.947383	22
0.625595	-0.176439	1.134098	23
0.644844	-0.181868	1.341953	24
0.664093	-0.187297	1.570790	25
0.683342	-0.192726	1.819886	26
0.702591	-0.198155	2.087887	27
0.721840	-0.203584	2.372807	28
0.741089	-0.209013	2.672110	29
0.760339	-0.214442	2.982904	30
0.779588	-0.219871	3.302279	31
0.798837	-0.225300	3.627787	32
0.818086	-0.230729	3.958066	33
0.837335	-0.236157	4.293563	34
0.856584	-0.241586	4.637313	35
0.875833	-0.247015	4.995687	36
0.895082	-0.252444	5.379053	37
0.914331	-0.257873	5.802251	38
0.933580	-0.263302	6.284839	39
0.952829	-0.268731	6.851019	40
76
0.205965	-0.040970	0.024332	1
0.225580	-0.044872	0.017859	2
0.245196	-0.048774	0.012683	3
0.264812	-0.052676	0.008185	4
0.284427	-0.056578	0.004372	5
0.304043	-0.060480	0.001627	6
0.323659	-0.064381	0.000585	7
0.343274	-0.068283	0.002059	8
0.362890	-0.072185	0.007005	9
0.382506	-0.076087	0.016481	10
0.402122	-0.079989	0.031626	11
0.421737	-0.083891	0.053637	12
0.441353	-0.087793	0.083742	13
0.460969	-0.091695	0.123208	14
0.480584	-0.095597	0.173339	15
0.500200	-0.099499	0.235443	16
0.519816	-0.103401	0.310832	17
0.539431	-0.107302	0.400805	18
0.559047	-0.111204	0.506632	19
0.578663	-0.115106	0.629522	20
0.598278	-0.119008	0.770591	21
0.617894	-0.122910	0.930808	22
0.637510	-0.126812	1.110931	23
0.657125	-0.130714	1.311441	24
0.676741	-0.134616	1.532463	25
0.696357	-0.138518	1.773696	26
0.715973	-0.142420	2.034374	27
0.735588	-0.146322	2.313260	28
0.755204	-0.150223	2.608711	29
0.774820	-0.154125	2.918830	30
0.794435	-0.158027	3.241730	31
0.814051	-0.161929	3.575909	32
0.833667	-0.165831	3.920744	33
0.853282	-0.169733	4.277076	34
0.872898	-0.173635	4.647838	35
0.892514	-0.177537	5.038687	36
0.912129	-0.181439	5.458555	37
0.931745	-0.185341	5.920062	38
0.951361	-0.189243	6.439705	39
0.970976	-0.193144	7.037752	40
77
0.208544	-0.024684	0.024242	1
0.228406	-0.027035	0.017578	2
0.248267	-0.029386	0.012229	3
0.268128	-0.031736	0.007683	4
0.287990	-0.034087	0.003966	5
0.307851	-0.036438	0.001450	6
0.327712	-0.038789	0.000750	7
0.347574	-0.041140	0.002656	8
0.367435	-0.043491	0.008090	9
0.387296	-0.045842	0.018072	10
0.407158	-0.048192	0.033693	11
0.427019	-0.050543	0.056095	12
0.446881	-0.052894	0.086445	13
0.466742	-0.055245	0.125943	14
0.486603	-0.057596	0.175816	15
0.506465	-0.059947	0.237291	16
0.526326	-0.062298	0.311594	17
0.546187	-0.064648	0.399938	18
0.566049	-0.066999	0.503512	19
0.585910	-0.069350	0.623462	20
0.605771	-0.071701	0.760859	21
0.625633	-0.074052	0.916667	22
0.645494	-0.076403	1.091697	23
0.665355	-0.078754	1.286554	24
0.685217	-0.081104	1.501580	25
0.705078	-0.083455	1.736811	26
0.724940	-0.085806	1.991937	27
0.744801	-0.088157	2.266309	28
0.764662	-0.090508	2.558988	29
0.784524	-0.092859	2.868862	30
0.804385	-0.095209	3.194858	31
0.824246	-0.097560	3.536233	32
0.844108	-0.099911	3.892965	33
0.863969	-0.102262	4.266221	34
0.883830	-0.104613	4.658867	35
0.903692	-0.106964	5.075986	36
0.923553	-0.109315	5.525331	37
0.943414	-0.111665	6.017666	38
0.963276	-0.114016	6.566911	39
0.983137	-0.116367	7.190014	40
78
0.209838	-0.008246	0.023995	1
0.229823	-0.009031	0.017334	2
0.249807	-0.009816	0.011988	3
0.269792	-0.010602	0.007481	4
0.289776	-0.011387	0.003853	5
0.309761	-0.012172	0.001477	6
0.329746	-0.012957	0.000962	7
0.349730	-0.013743	0.003091	8
0.369715	-0.014528	0.008768	9
0.389699	-0.015313	0.018993	10
0.409684	-0.016099	0.034830	11
0.429668	-0.016884	0.057383	12
0.449653	-0.017669	0.087783	13
0.469638	-0.018455	0.127186	14
0.489622	-0.019240	0.176767	15
0.509607	-0.020025	0.237695	16
0.529591	-0.020810	0.311134	17
0.549576	-0.021596	0.398232	18
0.569560	-0.022381	0.500114	19
0.589545	-0.023166	0.617869	20
0.609530	-0.023952	0.752530	21
0.629514	-0.024737	0.905047	22
0.649499	-0.025522	1.076264	23
0.669483	-0.026308	1.266873	24
0.689468	-0.027093	1.477386	25
0.709452	-0.027878	1.708090	26
0.729437	-0.028664	1.959034	27
0.749422	-0.029449	2.230031	28
0.769406	-0.030234	2.520695	29
0.789391	-0.031019	2.830541	30
0.809375	-0.031805	3.159144	31
0.829360	-0.032590	3.506370	32
0.849345	-0.033375	3.872687	33
0.869329	-0.034161	4.259535	34
0.889314	-0.034946	4.669733	35
0.909298	-0.035731	5.107900	36
0.929283	-0.036517	5.580821	37
0.949267	-0.037302	6.097721	38
0.969252	-0.038087	6.670366	39
0.989237	-0.038872	7.312923	40
79
0.209838	0.008243	0.023611	1
0.229823	0.009029	0.017127	2
0.249807	0.009814	0.011944	3
0.269792	0.010599	0.007555	4
0.289776	0.011384	0.004001	5
0.309761	0.012169	0.001669	6
0.329746	0.012954	0.001181	7
0.349730	0.013739	0.003324	8
0.369715	0.014524	0.009009	9
0.389699	0.015309	0.019230	10
0.409684	0.016094	0.035043	11
0.429669	0.016879	0.057540	12
0.449653	0.017665	0.087836	13
0.469638	0.018450	0.127066	14
0.489622	0.019235	0.176373	15
0.509607	0.020020	0.236890	16
0.529592	0.020805	0.309735	17
0.549576	0.021590	0.396004	18
0.569561	0.022375	0.496767	19
0.589545	0.023160	0.613057	20
0.609530	0.023945	0.745858	21
0.629514	0.024730	0.896099	22
0.649499	0.025515	1.064626	23
0.669484	0.026301	1.252189	24
0.689468	0.027086	1.459410	25
0.709453	0.027871	1.686770	26
0.729437	0.028656	1.934591	27
0.749422	0.029441	2.203045	28
0.769407	0.030226	2.492188	29
0.789391	0.031011	2.802034	30
0.809376	0.031796	3.132679	31
0.829360	0.032581	3.484489	32
0.849345	0.033366	3.858332	33
0.869329	0.034151	4.255878	34
0.889314	0.034936	4.679919	35
0.909299	0.035722	5.134701	36
0.929283	0.036507	5.626217	37
0.949268	0.037292	6.162417	38
0.969252	0.038077	6.753272	39
0.989237	0.038862	7.410630	40
80
