time = 4.174	Re = 20	40	80
0
0.208544	0.024683	0.000500	1
0.228406	0.027034	0.004219	2
0.248267	0.029384	0.010660	3
0.268128	0.031735	0.019104	4
0.287990	0.034086	0.029239	5
0.307851	0.036437	0.040791	6
0.327713	0.038787	0.053367	7
0.347574	0.041138	0.066426	8
0.367435	0.043489	0.079287	9
0.387297	0.045840	0.091130	10
0.407158	0.048190	0.100990	11
0.427019	0.050541	0.107777	12
0.446881	0.052892	0.110336	13
0.466742	0.055243	0.107612	14
0.486604	0.057593	0.099041	15
0.506465	0.059944	0.085345	16
0.526326	0.062295	0.070099	17
0.546188	0.064646	0.062569	18
0.566049	0.066996	0.082482	19
0.585910	0.069347	0.167055	20
0.605772	0.071698	0.380169	21
0.625633	0.074048	0.824249	22
0.645495	0.076399	1.674818	23
0.665356	0.078750	3.454333	24
0.685217	0.081101	5.200234	25
0.705079	0.083451	5.984349	26
0.724940	0.085802	6.278793	27
0.744801	0.088153	6.313874	28
0.764663	0.090504	6.208588	29
0.784524	0.092854	6.030822	30
0.804385	0.095205	5.819231	31
0.824247	0.097556	5.593976	32
0.844108	0.099907	5.363246	33
0.863970	0.102257	5.127487	34
0.883831	0.104608	4.882453	35
0.903692	0.106959	4.621544	36
0.923554	0.109310	4.337841	37
0.943415	0.111660	4.026140	38
0.963276	0.114011	3.685222	39
0.983138	0.116362	3.320504	40
1
0.205965	0.040969	0.001581	1
0.225581	0.044871	0.008085	2
0.245196	0.048773	0.015829	3
0.264812	0.052674	0.023495	4
0.284428	0.056576	0.030642	5
0.304043	0.060478	0.037042	6
0.323659	0.064380	0.042431	7
0.343275	0.068282	0.046451	8
0.362891	0.072183	0.048672	9
0.382506	0.076085	0.048655	10
0.402122	0.079987	0.046058	11
0.421738	0.083889	0.040791	12
0.441353	0.087791	0.033257	13
0.460969	0.091692	0.024708	14
0.480585	0.095594	0.017772	15
0.500201	0.099496	0.017168	16
0.519816	0.103398	0.030649	17
0.539432	0.107300	0.070135	18
0.559048	0.111201	0.153095	19
0.578663	0.115103	0.305037	20
0.598279	0.119005	0.564293	21
0.617895	0.122907	0.988226	22
0.637510	0.126809	1.664671	23
0.657126	0.130710	2.666068	24
0.676742	0.134612	3.754372	25
0.696358	0.138514	4.629557	26
0.715973	0.142416	5.240018	27
0.735589	0.146318	5.620333	28
0.755205	0.150219	5.822317	29
0.774820	0.154121	5.893106	30
0.794436	0.158023	5.869782	31
0.814052	0.161925	5.779319	32
0.833668	0.165827	5.640189	33
0.853283	0.169728	5.464415	34
0.872899	0.173630	5.259686	35
0.892515	0.177532	5.031467	36
0.912130	0.181434	4.785114	37
0.931746	0.185336	4.528138	38
0.951362	0.189237	4.272697	39
0.970977	0.193139	4.038570	40
2
0.202116	0.057002	0.002784	1
0.221365	0.062431	0.011233	2
0.240614	0.067860	0.019269	3
0.259863	0.073289	0.025710	4
0.279112	0.078718	0.030428	5
0.298361	0.084146	0.033404	6
0.317610	0.089575	0.034574	7
0.336859	0.095004	0.033839	8
0.356108	0.100433	0.031131	9
0.375358	0.105862	0.026510	10
0.394607	0.111290	0.020301	11
0.413856	0.116719	0.013249	12
0.433105	0.122148	0.006737	13
0.452354	0.127577	0.003029	14
0.471603	0.133006	0.005583	15
0.490852	0.138435	0.019432	16
0.510101	0.143863	0.051692	17
0.529350	0.149292	0.112221	18
0.548600	0.154721	0.215019	19
0.567849	0.160150	0.380207	20
0.587098	0.165579	0.635392	21
0.606347	0.171007	1.013908	22
0.625596	0.176436	1.548092	23
0.644845	0.181865	2.235872	24
0.664094	0.187294	2.998569	25
0.683343	0.192723	3.727920	26
0.702592	0.198151	4.355630	27
0.721841	0.203580	4.854333	28
0.741091	0.209009	5.222630	29
0.760340	0.214438	5.472042	30
0.779589	0.219867	5.618921	31
0.798838	0.225295	5.680225	32
0.818087	0.230724	5.671724	33
0.837336	0.236153	5.607657	34
0.856585	0.241582	5.501240	35
0.875834	0.247011	5.365750	36
0.895083	0.252439	5.216026	37
0.914333	0.257868	5.070404	38
0.933582	0.263297	4.953203	39
0.952831	0.268726	4.898097	40
3
0.197020	0.072685	0.003726	1
0.215784	0.079607	0.012514	2
0.234548	0.086529	0.020046	3
0.253312	0.093452	0.025378	4
0.272076	0.100374	0.028683	5
0.290839	0.107296	0.030104	6
0.309603	0.114219	0.029684	7
0.328367	0.121141	0.027450	8
0.347131	0.128063	0.023507	9
0.365895	0.134986	0.018145	10
0.384658	0.141908	0.011960	11
0.403422	0.148830	0.005992	12
0.422186	0.155753	0.001886	13
0.440950	0.162675	0.002095	14
0.459714	0.169597	0.010124	15
0.478478	0.176520	0.030871	16
0.497241	0.183442	0.071052	17
0.516005	0.190364	0.139891	18
0.534769	0.197287	0.249877	19
0.553533	0.204209	0.417132	20
0.572297	0.211131	0.659349	21
0.591061	0.218054	0.994101	22
0.609824	0.224976	1.431278	23
0.628588	0.231898	1.961384	24
0.647352	0.238821	2.549819	25
0.666116	0.245743	3.148633	26
0.684880	0.252665	3.714947	27
0.703644	0.259588	4.219066	28
0.722407	0.266510	4.644755	29
0.741171	0.273432	4.986304	30
0.759935	0.280355	5.245211	31
0.778699	0.287277	5.427598	32
0.797463	0.294199	5.542587	33
0.816227	0.301122	5.601524	34
0.834990	0.308044	5.617898	35
0.853754	0.314966	5.607821	36
0.872518	0.321889	5.591022	37
0.891282	0.328811	5.592372	38
0.910046	0.335733	5.644141	39
0.928810	0.342656	5.789353	40
4
0.190710	0.087918	0.004309	1
0.208873	0.096292	0.011795	2
0.227036	0.104665	0.018273	3
0.245199	0.113038	0.022927	4
0.263362	0.121411	0.025937	5
0.281524	0.129784	0.027378	6
0.299687	0.138158	0.027204	7
0.317850	0.146531	0.025359	8
0.336013	0.154904	0.021887	9
0.354176	0.163277	0.017053	10
0.372339	0.171650	0.011467	11
0.390502	0.180024	0.006231	12
0.408664	0.188397	0.003111	13
0.426827	0.196770	0.004747	14
0.444990	0.205143	0.014897	15
0.463153	0.213516	0.038722	16
0.481316	0.221889	0.083043	17
0.499479	0.230263	0.156663	18
0.517642	0.238636	0.270333	19
0.535805	0.247009	0.435852	20
0.553967	0.255382	0.664044	21
0.572130	0.263755	0.963607	22
0.590293	0.272129	1.336561	23
0.608456	0.280502	1.774675	24
0.626619	0.288875	2.259144	25
0.644782	0.297248	2.764581	26
0.662945	0.305621	3.265120	27
0.681107	0.313995	3.738855	28
0.699270	0.322368	4.169823	29
0.717433	0.330741	4.548196	30
0.735596	0.339114	4.869652	31
0.753759	0.347487	5.134551	32
0.771922	0.355860	5.347299	33
0.790085	0.364234	5.516024	34
0.808248	0.372607	5.652604	35
0.826410	0.380980	5.773065	36
0.844573	0.389353	5.898363	37
0.862736	0.397726	6.055632	38
0.880899	0.406100	6.280079	39
0.899062	0.414473	6.617815	40
5
0.183224	0.102610	0.004604	1
0.200674	0.112383	0.009821	2
0.218124	0.122155	0.015043	3
0.235574	0.131928	0.019486	4
0.253024	0.141700	0.023038	5
0.270474	0.151472	0.025480	6
0.287924	0.161245	0.026497	7
0.305374	0.171017	0.025800	8
0.322824	0.180790	0.023248	9
0.340274	0.190562	0.018983	10
0.357723	0.200335	0.013584	11
0.375173	0.210107	0.008238	12
0.392623	0.219879	0.004940	13
0.410073	0.229652	0.006686	14
0.427523	0.239424	0.017667	15
0.444973	0.249197	0.043391	16
0.462423	0.258969	0.090745	17
0.479873	0.268741	0.167845	18
0.497323	0.278514	0.283532	19
0.514773	0.288286	0.446057	20
0.532223	0.298059	0.662226	21
0.549673	0.307831	0.936003	22
0.567123	0.317604	1.266490	23
0.584572	0.327376	1.647033	24
0.602022	0.337148	2.065647	25
0.619472	0.346921	2.506851	26
0.636922	0.356693	2.954237	27
0.654372	0.366466	3.392741	28
0.671822	0.376238	3.810116	29
0.689272	0.386010	4.197653	30
0.706722	0.395783	4.550401	31
0.724172	0.405555	4.867158	32
0.741622	0.415328	5.150450	33
0.759072	0.425100	5.406607	34
0.776522	0.434873	5.646015	35
0.793972	0.444645	5.883573	36
0.811421	0.454417	6.139403	37
0.828871	0.464190	6.439886	38
0.846321	0.473962	6.819120	39
0.863771	0.483735	7.320966	40
6
0.174609	0.116670	0.004727	1
0.191238	0.127781	0.007698	2
0.207867	0.138892	0.011873	3
0.224497	0.150004	0.016454	4
0.241126	0.161115	0.020925	5
0.257756	0.172227	0.024682	6
0.274385	0.183338	0.027084	7
0.291014	0.194449	0.027575	8
0.307644	0.205561	0.025816	9
0.324273	0.216672	0.021841	10
0.340903	0.227784	0.016235	11
0.357532	0.238895	0.010337	12
0.374161	0.250006	0.006431	13
0.390791	0.261118	0.007909	14
0.407420	0.272229	0.019369	15
0.424050	0.283341	0.046583	16
0.440679	0.294452	0.096339	17
0.457308	0.305563	0.176033	18
0.473938	0.316675	0.292883	19
0.490567	0.327786	0.453007	20
0.507197	0.338898	0.660677	21
0.523826	0.350009	0.917348	22
0.540455	0.361120	1.220894	23
0.557085	0.372232	1.565548	24
0.573714	0.383343	1.942471	25
0.590344	0.394455	2.340905	26
0.606973	0.405566	2.749597	27
0.623602	0.416677	3.158108	28
0.640232	0.427789	3.557795	29
0.656861	0.438900	3.942424	30
0.673491	0.450012	4.308509	31
0.690120	0.461123	4.655508	32
0.706749	0.472234	4.985997	33
0.723379	0.483346	5.305886	34
0.740008	0.494457	5.624753	35
0.756638	0.505569	5.956308	36
0.773267	0.516680	6.319010	37
0.789896	0.527791	6.736882	38
0.806526	0.538903	7.240528	39
0.823155	0.550014	7.868380	40
7
0.164917	0.130010	0.004768	1
0.180623	0.142392	0.006405	2
0.196329	0.154773	0.010086	3
0.212036	0.167155	0.014994	4
0.227742	0.179537	0.020314	5
0.243448	0.191919	0.025151	6
0.259155	0.204301	0.028617	7
0.274861	0.216683	0.029959	8
0.290567	0.229065	0.028696	9
0.306274	0.241446	0.024797	10
0.321980	0.253828	0.018880	11
0.337686	0.266210	0.012420	12
0.353393	0.278592	0.007941	13
0.369099	0.290974	0.009139	14
0.384805	0.303356	0.020904	15
0.400512	0.315738	0.049186	16
0.416218	0.328120	0.100689	17
0.431925	0.340501	0.182311	18
0.447631	0.352883	0.300376	19
0.463337	0.365265	0.459815	20
0.479044	0.377647	0.663424	21
0.494750	0.390029	0.911270	22
0.510456	0.402411	1.200461	23
0.526163	0.414793	1.525388	24
0.541869	0.427175	1.878398	25
0.557575	0.439556	2.250789	26
0.573282	0.451938	2.633901	27
0.588988	0.464320	3.020084	28
0.604694	0.476702	3.403396	29
0.620401	0.489084	3.780032	30
0.636107	0.501466	4.148551	31
0.651813	0.513848	4.509993	32
0.667520	0.526229	4.867993	33
0.683226	0.538611	5.228948	34
0.698932	0.550993	5.602279	35
0.714639	0.563375	6.000808	36
0.730345	0.575757	6.441239	37
0.746051	0.588139	6.944736	38
0.761758	0.600521	7.537552	39
0.777464	0.612903	8.251628	40
8
0.154208	0.142548	0.004774	1
0.168894	0.156124	0.006483	2
0.183581	0.169700	0.010386	3
0.198267	0.183276	0.015661	4
0.212954	0.196852	0.021448	5
0.227640	0.210428	0.026786	6
0.242327	0.224004	0.030719	7
0.257013	0.237580	0.032426	8
0.271699	0.251156	0.031372	9
0.286386	0.264732	0.027495	10
0.301072	0.278308	0.021418	11
0.315759	0.291884	0.014668	12
0.330445	0.305460	0.009868	13
0.345132	0.319036	0.010857	14
0.359818	0.332612	0.022692	15
0.374505	0.346188	0.051479	16
0.389191	0.359764	0.104016	17
0.403878	0.373340	0.187175	18
0.418564	0.386916	0.307112	19
0.433251	0.400492	0.468391	20
0.447937	0.414068	0.673202	21
0.462623	0.427644	0.920793	22
0.477310	0.441220	1.207455	23
0.491996	0.454796	1.526972	24
0.506683	0.468372	1.871389	25
0.521369	0.481948	2.232178	26
0.536056	0.495524	2.601438	27
0.550742	0.509100	2.972842	28
0.565429	0.522676	3.342234	29
0.580115	0.536252	3.707871	30
0.594802	0.549828	4.070429	31
0.609488	0.563404	4.432904	32
0.624174	0.576980	4.800517	33
0.638861	0.590556	5.180710	34
0.653547	0.604132	5.583262	35
0.668234	0.617708	6.020516	36
0.682920	0.631284	6.507706	37
0.697607	0.644860	7.063321	38
0.712293	0.658436	7.709432	39
0.726980	0.672012	8.471867	40
9
0.142548	0.154208	0.004744	1
0.156124	0.168894	0.007906	2
0.169700	0.183581	0.012670	3
0.183276	0.198267	0.018235	4
0.196852	0.212953	0.023975	5
0.210428	0.227640	0.029121	6
0.224004	0.242326	0.032852	7
0.237580	0.257013	0.034427	8
0.251156	0.271699	0.033351	9
0.264732	0.286386	0.029558	10
0.278309	0.301072	0.023630	11
0.291885	0.315758	0.017020	12
0.305461	0.330445	0.012271	13
0.319037	0.345131	0.013173	14
0.332613	0.359818	0.024816	15
0.346189	0.374504	0.053470	16
0.359765	0.389191	0.106274	17
0.373341	0.403877	0.190631	18
0.386917	0.418564	0.313354	19
0.400493	0.433250	0.479611	20
0.414069	0.447936	0.691840	21
0.427645	0.462623	0.948867	22
0.441221	0.477309	1.245966	23
0.454797	0.491996	1.575327	24
0.468373	0.506682	1.926953	25
0.481949	0.521369	2.290501	26
0.495525	0.536055	2.657039	27
0.509101	0.550742	3.020290	28
0.522677	0.565428	3.377195	29
0.536253	0.580114	3.727898	30
0.549829	0.594801	4.075373	31
0.563405	0.609487	4.424943	32
0.576981	0.624174	4.783868	33
0.590557	0.638860	5.161090	34
0.604133	0.653547	5.567164	35
0.617709	0.668233	6.014354	36
0.631285	0.682919	6.516817	37
0.644861	0.697606	7.090820	38
0.658437	0.712292	7.754863	39
0.672013	0.726979	8.529590	40
10
0.130010	0.164916	0.004628	1
0.142392	0.180623	0.010081	2
0.154774	0.196329	0.016043	3
0.167156	0.212035	0.021753	4
0.179537	0.227742	0.026991	5
0.191919	0.243448	0.031354	6
0.204301	0.259154	0.034307	7
0.216683	0.274861	0.035322	8
0.229065	0.290567	0.034033	9
0.241447	0.306273	0.030411	10
0.253829	0.321980	0.024967	11
0.266211	0.337686	0.018980	12
0.278593	0.353392	0.014744	13
0.290974	0.369099	0.015793	14
0.303356	0.384805	0.027070	15
0.315738	0.400511	0.054962	16
0.328120	0.416218	0.107153	17
0.340502	0.431924	0.192150	18
0.352884	0.447630	0.318413	19
0.365266	0.463337	0.493038	20
0.377648	0.479043	0.719875	21
0.390030	0.494749	0.998253	22
0.402411	0.510456	1.322249	23
0.414793	0.526162	1.680769	24
0.427175	0.541868	2.059026	25
0.439557	0.557575	2.441873	26
0.451939	0.573281	2.817034	27
0.464321	0.588987	3.177090	28
0.476703	0.604694	3.519936	29
0.489085	0.620400	3.848140	30
0.501467	0.636106	4.167796	31
0.513848	0.651813	4.487379	32
0.526230	0.667519	4.816849	33
0.538612	0.683225	5.167123	34
0.550994	0.698932	5.549853	35
0.563376	0.714638	5.977452	36
0.575758	0.730344	6.463237	37
0.588140	0.746051	7.021584	38
0.600522	0.761757	7.667962	39
0.612904	0.777463	8.418703	40
11
0.116670	0.174609	0.004333	1
0.127781	0.191238	0.011999	2
0.138893	0.207867	0.019062	3
0.150004	0.224497	0.024779	4
0.161116	0.241126	0.029294	5
0.172227	0.257755	0.032574	6
0.183338	0.274385	0.034417	7
0.194450	0.291014	0.034573	8
0.205561	0.307644	0.032880	9
0.216673	0.324273	0.029404	10
0.227784	0.340902	0.024615	11
0.238895	0.357532	0.019595	12
0.250007	0.374161	0.016290	13
0.261118	0.390791	0.017805	14
0.272230	0.407420	0.028714	15
0.283341	0.424049	0.055331	16
0.294453	0.440679	0.105881	17
0.305564	0.457308	0.190391	18
0.316675	0.473937	0.320065	19
0.327787	0.490567	0.505824	20
0.338898	0.507196	0.755279	21
0.350010	0.523826	1.070330	22
0.361121	0.540455	1.444435	23
0.372233	0.557084	1.860444	24
0.383344	0.573714	2.293261	25
0.394455	0.590343	2.716990	26
0.405567	0.606972	3.112368	27
0.416678	0.623602	3.470162	28
0.427790	0.640231	3.790671	29
0.438901	0.656861	4.081202	30
0.450012	0.673490	4.353202	31
0.461124	0.690119	4.619949	32
0.472235	0.706749	4.895079	33
0.483347	0.723378	5.191868	34
0.494458	0.740008	5.523049	35
0.505570	0.756637	5.900947	36
0.516681	0.773266	6.337747	37
0.527792	0.789896	6.845732	38
0.538904	0.806525	7.437364	39
0.550015	0.823154	8.125061	40
12
0.102611	0.183224	0.003740	1
0.112383	0.200674	0.012552	2
0.122156	0.218124	0.020219	3
0.131928	0.235574	0.025895	4
0.141700	0.253024	0.029820	5
0.151473	0.270474	0.032164	6
0.161245	0.287924	0.032971	7
0.171018	0.305373	0.032235	8
0.180790	0.322823	0.030002	9
0.190563	0.340273	0.026472	10
0.200335	0.357723	0.022138	11
0.210107	0.375173	0.017951	12
0.219880	0.392623	0.015552	13
0.229652	0.410073	0.017576	14
0.239425	0.427523	0.028057	15
0.249197	0.444973	0.052933	16
0.258970	0.462423	0.100622	17
0.268742	0.479873	0.182599	18
0.278515	0.497322	0.313597	19
0.288287	0.514772	0.510718	20
0.298059	0.532222	0.789832	21
0.307832	0.549672	1.160905	22
0.317604	0.567122	1.620402	23
0.327377	0.584572	2.141434	24
0.337149	0.602022	2.674864	25
0.346922	0.619472	3.169355	26
0.356694	0.636922	3.593085	27
0.366467	0.654372	3.937756	28
0.376239	0.671822	4.212496	29
0.386011	0.689271	4.435714	30
0.395784	0.706721	4.628749	31
0.405556	0.724171	4.812129	32
0.415329	0.741621	5.003924	33
0.425101	0.759071	5.219422	34
0.434874	0.776521	5.471479	35
0.444646	0.793971	5.771117	36
0.454418	0.811421	6.128126	37
0.464191	0.828871	6.551523	38
0.473963	0.846321	7.049774	39
0.483736	0.863771	7.630680	40
13
0.087919	0.190710	0.002778	1
0.096292	0.208873	0.011047	2
0.104665	0.227036	0.018608	3
0.113038	0.245199	0.024331	4
0.121412	0.263361	0.028203	5
0.129785	0.281524	0.030340	6
0.138158	0.299687	0.030839	7
0.146531	0.317850	0.029779	8
0.154904	0.336013	0.027285	9
0.163278	0.354176	0.023611	10
0.171651	0.372339	0.019248	11
0.180024	0.390501	0.015071	12
0.188397	0.408664	0.012530	13
0.196770	0.426827	0.013925	14
0.205144	0.444990	0.022808	15
0.213517	0.463153	0.044592	16
0.221890	0.481316	0.087401	17
0.230263	0.499479	0.163388	18
0.238637	0.517641	0.290388	19
0.247010	0.535804	0.493338	20
0.255383	0.553967	0.802605	21
0.263756	0.572130	1.249364	22
0.272129	0.590293	1.849212	23
0.280503	0.608456	2.567050	24
0.288876	0.626619	3.286874	25
0.297249	0.644781	3.887905	26
0.305622	0.662944	4.325284	27
0.313995	0.681107	4.611599	28
0.322369	0.699270	4.785034	29
0.330742	0.717433	4.888102	30
0.339115	0.735596	4.957797	31
0.347488	0.753759	5.022784	32
0.355862	0.771921	5.103887	33
0.364235	0.790084	5.215715	34
0.372608	0.808247	5.368371	35
0.380981	0.826410	5.568862	36
0.389354	0.844573	5.822105	37
0.397728	0.862736	6.131548	38
0.406101	0.880898	6.499437	39
0.414474	0.899061	6.926781	40
14
0.072685	0.197020	0.001558	1
0.079607	0.215784	0.007738	2
0.086530	0.234548	0.014516	3
0.093452	0.253312	0.020473	4
0.100374	0.272075	0.025195	5
0.107297	0.290839	0.028570	6
0.114219	0.309603	0.030529	7
0.121141	0.328367	0.030984	8
0.128064	0.347131	0.029868	9
0.134986	0.365894	0.027202	10
0.141908	0.384658	0.023211	11
0.148831	0.403422	0.018458	12
0.155753	0.422186	0.014052	13
0.162675	0.440950	0.011927	14
0.169598	0.459714	0.015247	15
0.176520	0.478477	0.029028	16
0.183443	0.497241	0.061087	17
0.190365	0.516005	0.123583	18
0.197287	0.534769	0.235785	19
0.204210	0.553533	0.428718	20
0.211132	0.572296	0.750770	21
0.218054	0.591060	1.273749	22
0.224977	0.609824	2.087012	23
0.231899	0.628588	3.215289	24
0.238821	0.647352	4.300137	25
0.245744	0.666116	4.998372	26
0.252666	0.684879	5.337489	27
0.259589	0.703643	5.436575	28
0.266511	0.722407	5.404142	29
0.273433	0.741171	5.316752	30
0.280356	0.759935	5.222600	31
0.287278	0.778699	5.149781	32
0.294200	0.797462	5.113453	33
0.301123	0.816226	5.120818	34
0.308045	0.834990	5.174244	35
0.314967	0.853754	5.273041	36
0.321890	0.872518	5.414341	37
0.328812	0.891281	5.593407	38
0.335734	0.910045	5.803596	39
0.342657	0.928809	6.036137	40
15
0.057003	0.202116	0.000485	1
0.062432	0.221365	0.003940	2
0.067860	0.240614	0.009386	3
0.073289	0.259863	0.015774	4
0.078718	0.279112	0.022620	5
0.084147	0.298361	0.029591	6
0.089576	0.317610	0.036306	7
0.095005	0.336859	0.042309	8
0.100433	0.356108	0.047086	9
0.105862	0.375357	0.050108	10
0.111291	0.394607	0.050892	11
0.116720	0.413856	0.049109	12
0.122149	0.433105	0.044761	13
0.127578	0.452354	0.038469	14
0.133006	0.471603	0.031951	15
0.138435	0.490852	0.028779	16
0.143864	0.510101	0.035577	17
0.149293	0.529350	0.063964	18
0.154722	0.548599	0.133804	19
0.160150	0.567848	0.279347	20
0.165579	0.587098	0.561742	21
0.171008	0.606347	1.094611	22
0.176437	0.625596	2.124437	23
0.181866	0.644845	4.295851	24
0.187295	0.664094	6.079227	25
0.192723	0.683343	6.471918	26
0.198152	0.702592	6.335438	27
0.203581	0.721841	6.032756	28
0.209010	0.741090	5.709363	29
0.214439	0.760339	5.423495	30
0.219868	0.779589	5.195723	31
0.225296	0.798838	5.029912	32
0.230725	0.818087	4.922602	33
0.236154	0.837336	4.867107	34
0.241583	0.856585	4.855075	35
0.247012	0.875834	4.876811	36
0.252441	0.895083	4.920972	37
0.257869	0.914332	4.973974	38
0.263298	0.933581	5.019337	39
0.268727	0.952830	5.037224	40
16
0.040969	0.205965	0.000045	1
0.044871	0.225581	0.001123	2
0.048773	0.245196	0.004877	3
0.052675	0.264812	0.012172	4
0.056577	0.284428	0.023081	5
0.060478	0.304043	0.037149	6
0.064380	0.323659	0.053709	7
0.068282	0.343275	0.072019	8
0.072184	0.362890	0.091273	9
0.076086	0.382506	0.110564	10
0.079987	0.402122	0.128832	11
0.083889	0.421738	0.144809	12
0.087791	0.441353	0.156998	13
0.091693	0.460969	0.163696	14
0.095595	0.480585	0.163148	15
0.099497	0.500200	0.153931	16
0.103398	0.519816	0.135816	17
0.107300	0.539432	0.111515	18
0.111202	0.559047	0.090157	19
0.115104	0.578663	0.094611	20
0.119006	0.598279	0.179740	21
0.122908	0.617895	0.488712	22
0.126809	0.637510	1.456850	23
0.130711	0.657126	6.718847	24
0.134613	0.676742	8.089821	25
0.138515	0.696357	6.748385	26
0.142417	0.715973	6.064284	27
0.146319	0.735589	5.571995	28
0.150220	0.755204	5.199707	29
0.154122	0.774820	4.924141	30
0.158024	0.794436	4.727847	31
0.161926	0.814052	4.595144	32
0.165828	0.833667	4.511854	33
0.169730	0.853283	4.464718	34
0.173631	0.872899	4.440507	35
0.177533	0.892514	4.424942	36
0.181435	0.912130	4.401567	37
0.185337	0.931746	4.350706	38
0.189239	0.951362	4.248738	39
0.193141	0.970977	4.068171	40
17
0.081102	0.685217	16.311191	25
0.083452	0.705079	9.794790	26
0.085803	0.724940	6.943629	27
0.088154	0.744801	5.593889	28
0.090505	0.764663	4.902388	29
0.092856	0.784524	4.527543	30
0.095206	0.804385	4.319530	31
0.097557	0.824247	4.205374	32
0.099908	0.844108	4.144667	33
0.102259	0.863969	4.110864	34
0.104609	0.883831	4.083102	35
0.106960	0.903692	4.041866	36
0.109311	0.923554	3.966412	37
0.111662	0.943415	3.833285	38
0.114012	0.963276	3.615985	39
0.116363	0.983138	3.286491	40
18
0.027090	0.689468	19.946342	25
0.027875	0.709453	12.372950	26
0.028661	0.729437	8.546728	27
0.029446	0.749422	6.530760	28
0.030231	0.769406	5.421746	29
0.031016	0.789391	4.794124	30
0.031801	0.809375	4.433834	31
0.032587	0.829360	4.225917	32
0.033372	0.849345	4.103634	33
0.034157	0.869329	4.022492	34
0.034942	0.889314	3.949986	35
0.035728	0.909298	3.858973	36
0.036513	0.929283	3.723946	37
0.037298	0.949268	3.519288	38
0.038083	0.969252	3.219461	39
0.038868	0.989237	2.801893	40
19
-0.027088	0.689468	14.164837	25
-0.027874	0.709453	9.650269	26
-0.028659	0.729437	7.547766	27
-0.029444	0.749422	6.384614	28
-0.030229	0.769406	5.649664	29
-0.031014	0.789391	5.152556	30
-0.031799	0.809376	4.805814	31
-0.032585	0.829360	4.558844	32
-0.033370	0.849345	4.376120	33
-0.034155	0.869329	4.227053	34
-0.034940	0.889314	4.084805	35
-0.035725	0.909298	3.924520	36
-0.036510	0.929283	3.722369	37
-0.037296	0.949268	3.455536	38
-0.038081	0.969252	3.103578	39
-0.038866	0.989237	2.651896	40
20
-0.024683	0.208544	0.000014	1
-0.027033	0.228406	0.000710	2
-0.029384	0.248267	0.003470	3
-0.031735	0.268129	0.009290	4
-0.034085	0.287990	0.018679	5
-0.036436	0.307851	0.031824	6
-0.038787	0.327713	0.048793	7
-0.041138	0.347574	0.069610	8
-0.043488	0.367435	0.094253	9
-0.045839	0.387297	0.122617	10
-0.048190	0.407158	0.154459	11
-0.050540	0.427020	0.189326	12
-0.052891	0.446881	0.226457	13
-0.055242	0.466742	0.264626	14
-0.057593	0.486604	0.301881	15
-0.059943	0.506465	0.335125	16
-0.062294	0.526326	0.359447	17
-0.064645	0.546188	0.367307	18
-0.066996	0.566049	0.348431	19
-0.069346	0.585910	0.294432	20
-0.071697	0.605772	0.223859	21
-0.074048	0.625633	0.284397	22
-0.076398	0.645495	1.131779	23
-0.078749	0.665356	5.769799	24
-0.081100	0.685217	7.695472	25
-0.083451	0.705079	7.194281	26
-0.085801	0.724940	6.829068	27
-0.088152	0.744801	6.435776	28
-0.090503	0.764663	6.046548	29
-0.092853	0.784524	5.690963	30
-0.095204	0.804386	5.379696	31
-0.097555	0.824247	5.110633	32
-0.099906	0.844108	4.874355	33
-0.102256	0.863970	4.656825	34
-0.104607	0.883831	4.441647	35
-0.106958	0.903692	4.211445	36
-0.109308	0.923554	3.948983	37
-0.111659	0.943415	3.638504	38
-0.114010	0.963277	3.267733	39
-0.116361	0.983138	2.830886	40
21
-0.040969	0.205965	0.000336	1
-0.044870	0.225581	0.002749	2
-0.048772	0.245196	0.006974	3
-0.052674	0.264812	0.012707	4
-0.056576	0.284428	0.019894	5
-0.060478	0.304044	0.028478	6
-0.064379	0.323659	0.038282	7
-0.068281	0.343275	0.048970	8
-0.072183	0.362891	0.060036	9
-0.076085	0.382506	0.070783	10
-0.079986	0.402122	0.080318	11
-0.083888	0.421738	0.087553	12
-0.087790	0.441354	0.091268	13
-0.091692	0.460969	0.090272	14
-0.095594	0.480585	0.083785	15
-0.099495	0.500201	0.072242	16
-0.103397	0.519816	0.058860	17
-0.107299	0.539432	0.052503	18
-0.111201	0.559048	0.072509	19
-0.115102	0.578663	0.155825	20
-0.119004	0.598279	0.366369	21
-0.122906	0.617895	0.807092	22
-0.126808	0.637511	1.655328	23
-0.130710	0.657126	3.436193	24
-0.134611	0.676742	5.193808	25
-0.138513	0.696358	5.989384	26
-0.142415	0.715973	6.291546	27
-0.146317	0.735589	6.330813	28
-0.150218	0.755205	6.227024	29
-0.154120	0.774821	6.048827	30
-0.158022	0.794436	5.835456	31
-0.161924	0.814052	5.607510	32
-0.165826	0.833668	5.373509	33
-0.169727	0.853283	5.134154	34
-0.173629	0.872899	4.885402	35
-0.177531	0.892515	4.620831	36
-0.181433	0.912131	4.333679	37
-0.185334	0.931746	4.018883	38
-0.189236	0.951362	3.675361	39
-0.193138	0.970978	3.308648	40
22
-0.057002	0.202116	0.001017	1
-0.062431	0.221365	0.005087	2
-0.067860	0.240614	0.010028	3
-0.073289	0.259863	0.015190	4
-0.078717	0.279112	0.020364	5
-0.084146	0.298361	0.025388	6
-0.089575	0.317610	0.030013	7
-0.095004	0.336859	0.033871	8
-0.100432	0.356109	0.036494	9
-0.105861	0.375358	0.037365	10
-0.111290	0.394607	0.036017	11
-0.116719	0.413856	0.032176	12
-0.122148	0.433105	0.026010	13
-0.127576	0.452354	0.018497	14
-0.133005	0.471603	0.011963	15
-0.138434	0.490852	0.010851	16
-0.143863	0.510101	0.022709	17
-0.149291	0.529351	0.059443	18
-0.154720	0.548600	0.138795	19
-0.160149	0.567849	0.286962	20
-0.165578	0.587098	0.543417	21
-0.171007	0.606347	0.967108	22
-0.176435	0.625596	1.647825	23
-0.181864	0.644845	2.658781	24
-0.187293	0.664094	3.760349	25
-0.192722	0.683344	4.647466	26
-0.198150	0.702593	5.266129	27
-0.203579	0.721842	5.650606	28
-0.209008	0.741091	5.853308	29
-0.214437	0.760340	5.922190	30
-0.219866	0.779589	5.895107	31
-0.225294	0.798838	5.799680	32
-0.230723	0.818087	5.654914	33
-0.236152	0.837336	5.473260	34
-0.241581	0.856586	5.262758	35
-0.247009	0.875835	5.029149	36
-0.252438	0.895084	4.778006	37
-0.257867	0.914333	4.516985	38
-0.263296	0.933582	4.258325	39
-0.268725	0.952831	4.021799	40
23
-0.072684	0.197020	0.001706	1
-0.079607	0.215784	0.006715	2
-0.086529	0.234548	0.011670	3
-0.093451	0.253312	0.016046	4
-0.100374	0.272076	0.019767	5
-0.107296	0.290839	0.022713	6
-0.114218	0.309603	0.024669	7
-0.121140	0.328367	0.025353	8
-0.128063	0.347131	0.024482	9
-0.134985	0.365895	0.021860	10
-0.141907	0.384659	0.017511	11
-0.148830	0.403423	0.011856	12
-0.155752	0.422186	0.005940	13
-0.162674	0.440950	0.001730	14
-0.169597	0.459714	0.002480	15
-0.176519	0.478478	0.013187	16
-0.183441	0.497242	0.041195	17
-0.190364	0.516006	0.096940	18
-0.197286	0.534769	0.195388	19
-0.204208	0.553533	0.357949	20
-0.211130	0.572297	0.613508	21
-0.218053	0.591061	0.997097	22
-0.224975	0.609825	1.541398	23
-0.231897	0.628589	2.243278	24
-0.238820	0.647352	3.021350	25
-0.245742	0.666116	3.763981	26
-0.252664	0.684880	4.400784	27
-0.259587	0.703644	4.903769	28
-0.266509	0.722408	5.271887	29
-0.273431	0.741172	5.517485	30
-0.280354	0.759935	5.657883	31
-0.287276	0.778699	5.710971	32
-0.294198	0.797463	5.693355	33
-0.301121	0.816227	5.619970	34
-0.308043	0.834991	5.504597	35
-0.314965	0.853755	5.360940	36
-0.321887	0.872518	5.204128	37
-0.328810	0.891282	5.052649	38
-0.335732	0.910046	4.930831	39
-0.342654	0.928810	4.872218	40
24
-0.087918	0.190710	0.002146	1
-0.096291	0.208873	0.006965	2
-0.104665	0.227036	0.011463	3
-0.113038	0.245199	0.015286	4
-0.121411	0.263362	0.018471	5
-0.129784	0.281525	0.020917	6
-0.138157	0.299687	0.022396	7
-0.146530	0.317850	0.022629	8
-0.154904	0.336013	0.021367	9
-0.163277	0.354176	0.018502	10
-0.171650	0.372339	0.014198	11
-0.180023	0.390502	0.009074	12
-0.188396	0.408665	0.004413	13
-0.196769	0.426828	0.002444	14
-0.205143	0.444991	0.006675	15
-0.213516	0.463153	0.022320	16
-0.221889	0.481316	0.056811	17
-0.230262	0.499479	0.120471	18
-0.238635	0.517642	0.227204	19
-0.247008	0.535805	0.394573	20
-0.255382	0.553968	0.641603	21
-0.263755	0.572131	0.986730	22
-0.272128	0.590294	1.439154	23
-0.280501	0.608456	1.987496	24
-0.288874	0.626619	2.594285	25
-0.297247	0.644782	3.208595	26
-0.305620	0.662945	3.785447	27
-0.313994	0.681108	4.294234	28
-0.322367	0.699271	4.718828	29
-0.330740	0.717434	5.054303	30
-0.339113	0.735597	5.303295	31
-0.347486	0.753759	5.473174	32
-0.355859	0.771922	5.574261	33
-0.364233	0.790085	5.618962	34
-0.372606	0.808248	5.621635	35
-0.380979	0.826411	5.599046	36
-0.389352	0.844574	5.571345	37
-0.397725	0.862737	5.563599	38
-0.406098	0.880900	5.608047	39
-0.414472	0.899062	5.747485	40
25
-0.102610	0.183224	0.002314	1
-0.112383	0.200674	0.005998	2
-0.122155	0.218124	0.009825	3
-0.131927	0.235574	0.013520	4
-0.141700	0.253024	0.017043	5
-0.151472	0.270474	0.020178	6
-0.161245	0.287924	0.022559	7
-0.171017	0.305374	0.023757	8
-0.180789	0.322824	0.023373	9
-0.190562	0.340274	0.021166	10
-0.200334	0.357724	0.017214	11
-0.210106	0.375174	0.012128	12
-0.219879	0.392624	0.007318	13
-0.229651	0.410074	0.005308	14
-0.239424	0.427523	0.010096	15
-0.249196	0.444973	0.027517	16
-0.258968	0.462423	0.065544	17
-0.268741	0.479873	0.134516	18
-0.278513	0.497323	0.246897	19
-0.288286	0.514773	0.415956	20
-0.298058	0.532223	0.653889	21
-0.307830	0.549673	0.969406	22
-0.317603	0.567123	1.363196	23
-0.327375	0.584573	1.824624	24
-0.337148	0.602023	2.331743	25
-0.346920	0.619473	2.856058	26
-0.356692	0.636923	3.369345	27
-0.366465	0.654373	3.848456	28
-0.376237	0.671823	4.277294	29
-0.386010	0.689273	4.646780	30
-0.395782	0.706722	4.953902	31
-0.405554	0.724172	5.200611	32
-0.415327	0.741622	5.392941	33
-0.425099	0.759072	5.540518	34
-0.434872	0.776522	5.656486	35
-0.444644	0.793972	5.757831	36
-0.454416	0.811422	5.866142	37
-0.464189	0.828872	6.008855	38
-0.473961	0.846322	6.221175	39
-0.483734	0.863772	6.548955	40
26
-0.116669	0.174609	0.002316	1
-0.127781	0.191238	0.004598	2
-0.138892	0.207868	0.007831	3
-0.150004	0.224497	0.011745	4
-0.161115	0.241126	0.016095	5
-0.172226	0.257756	0.020445	6
-0.183338	0.274385	0.024210	7
-0.194449	0.291015	0.026730	8
-0.205560	0.307644	0.027377	9
-0.216672	0.324274	0.025710	10
-0.227783	0.340903	0.021688	11
-0.238895	0.357532	0.015938	12
-0.250006	0.374162	0.010079	13
-0.261117	0.390791	0.007071	14
-0.272229	0.407421	0.011537	15
-0.283340	0.424050	0.029986	16
-0.294451	0.440679	0.070841	17
-0.305563	0.457309	0.144177	18
-0.316674	0.473938	0.260848	19
-0.327786	0.490568	0.430935	20
-0.338897	0.507197	0.662331	21
-0.350008	0.523826	0.958579	22
-0.361120	0.540456	1.316973	23
-0.372231	0.557085	1.727841	24
-0.383342	0.573715	2.175457	25
-0.394454	0.590344	2.640662	26
-0.405565	0.606974	3.104152	27
-0.416677	0.623603	3.549180	28
-0.427788	0.640232	3.963116	29
-0.438899	0.656862	4.338007	30
-0.450011	0.673491	4.670464	31
-0.461122	0.690121	4.961303	32
-0.472233	0.706750	5.215192	33
-0.483345	0.723379	5.440487	34
-0.494456	0.740009	5.649311	35
-0.505568	0.756638	5.857911	36
-0.516679	0.773268	6.087330	37
-0.527790	0.789897	6.364442	38
-0.538902	0.806527	6.723460	39
-0.550013	0.823156	7.208045	40
27
-0.130009	0.164917	0.002281	1
-0.142391	0.180623	0.003657	2
-0.154773	0.196330	0.006626	3
-0.167155	0.212036	0.010908	4
-0.179537	0.227742	0.016077	5
-0.191919	0.243449	0.021510	6
-0.204301	0.259155	0.026433	7
-0.216682	0.274861	0.029989	8
-0.229064	0.290568	0.031363	9
-0.241446	0.306274	0.029961	10
-0.253828	0.321980	0.025665	11
-0.266210	0.337687	0.019150	12
-0.278592	0.353393	0.012249	13
-0.290973	0.369100	0.008307	14
-0.303355	0.384806	0.012459	15
-0.315737	0.400512	0.031717	16
-0.328119	0.416219	0.074800	17
-0.340501	0.431925	0.151543	18
-0.352883	0.447631	0.271778	19
-0.365265	0.463338	0.443894	20
-0.377646	0.479044	0.673265	21
-0.390028	0.494750	0.960782	22
-0.402410	0.510457	1.301992	23
-0.414792	0.526163	1.687205	24
-0.427174	0.541869	2.102720	25
-0.439556	0.557576	2.532963	26
-0.451937	0.573282	2.962839	27
-0.464319	0.588989	3.379596	28
-0.476701	0.604695	3.773950	29
-0.489083	0.620401	4.140549	30
-0.501465	0.636108	4.477925	31
-0.513847	0.651814	4.788170	32
-0.526229	0.667520	5.076672	33
-0.538610	0.683227	5.352005	34
-0.550992	0.698933	5.626031	35
-0.563374	0.714639	5.914247	36
-0.575756	0.730346	6.236367	37
-0.588138	0.746052	6.617160	38
-0.600520	0.761759	7.087532	39
-0.612902	0.777465	7.685860	40
28
-0.142548	0.154208	0.002287	1
-0.156124	0.168894	0.003724	2
-0.169700	0.183581	0.006874	3
-0.183276	0.198267	0.011467	4
-0.196852	0.212954	0.017058	5
-0.210428	0.227640	0.022984	6
-0.224004	0.242327	0.028415	7
-0.237580	0.257013	0.032427	8
-0.251156	0.271700	0.034131	9
-0.264732	0.286386	0.032868	10
-0.278308	0.301073	0.028481	11
-0.291884	0.315759	0.021657	12
-0.305460	0.330446	0.014311	13
-0.319036	0.345132	0.009952	14
-0.332612	0.359819	0.013965	15
-0.346188	0.374505	0.033663	16
-0.359764	0.389192	0.078052	17
-0.373340	0.403878	0.157141	18
-0.386916	0.418565	0.280746	19
-0.400492	0.433251	0.456916	20
-0.414068	0.447938	0.690211	21
-0.427644	0.462624	0.980291	22
-0.441220	0.477310	1.321327	23
-0.454796	0.491997	1.702371	24
-0.468372	0.506683	2.108842	25
-0.481948	0.521370	2.525088	26
-0.495523	0.536056	2.936988	27
-0.509099	0.550743	3.333684	28
-0.522675	0.565429	3.708393	29
-0.536251	0.580116	4.058662	30
-0.549827	0.594802	4.386000	31
-0.563403	0.609489	4.695080	32
-0.576979	0.624175	4.993289	33
-0.590555	0.638862	5.290472	34
-0.604131	0.653548	5.598931	35
-0.617707	0.668235	5.933692	36
-0.631283	0.682921	6.312995	37
-0.644859	0.697608	6.758935	38
-0.658435	0.712294	7.298210	39
-0.672011	0.726981	7.962850	40
29
-0.154207	0.142548	0.002331	1
-0.168894	0.156125	0.004767	2
-0.183580	0.169701	0.008457	3
-0.198267	0.183277	0.013168	4
-0.212953	0.196853	0.018615	5
-0.227640	0.210429	0.024274	6
-0.242326	0.224005	0.029426	7
-0.257012	0.237581	0.033237	8
-0.271699	0.251157	0.034889	9
-0.286385	0.264733	0.033760	10
-0.301072	0.278309	0.029683	11
-0.315758	0.291885	0.023282	12
-0.330445	0.305461	0.016356	13
-0.345131	0.319037	0.012284	14
-0.359817	0.332613	0.016364	15
-0.374504	0.346189	0.035982	16
-0.389190	0.359765	0.080490	17
-0.403877	0.373341	0.160632	18
-0.418563	0.386917	0.287383	19
-0.433249	0.400493	0.470175	20
-0.447936	0.414069	0.714564	21
-0.462622	0.427645	1.020283	22
-0.477309	0.441221	1.380256	23
-0.491995	0.454797	1.780518	24
-0.506682	0.468374	2.202245	25
-0.521368	0.481950	2.625842	26
-0.536054	0.495526	3.034963	27
-0.550741	0.509102	3.418862	28
-0.565427	0.522678	3.772941	29
-0.580114	0.536254	4.098248	30
-0.594800	0.549830	4.400260	31
-0.609487	0.563406	4.687365	32
-0.624173	0.576982	4.969943	33
-0.638859	0.590558	5.259837	34
-0.653546	0.604134	5.570241	35
-0.668232	0.617710	5.915909	36
-0.682919	0.631286	6.313590	37
-0.697605	0.644862	6.782553	38
-0.712292	0.658438	7.345091	39
-0.726978	0.672014	8.026848	40
30
-0.164916	0.130010	0.002331	1
-0.180623	0.142392	0.006182	2
-0.196329	0.154774	0.010516	3
-0.212035	0.167156	0.015123	4
-0.227742	0.179538	0.019953	5
-0.243448	0.191920	0.024713	6
-0.259154	0.204302	0.028910	7
-0.274860	0.216683	0.031930	8
-0.290567	0.229065	0.033152	9
-0.306273	0.241447	0.032099	10
-0.321979	0.253829	0.028648	11
-0.337686	0.266211	0.023324	12
-0.353392	0.278593	0.017660	13
-0.369098	0.290975	0.014629	14
-0.384805	0.303357	0.019088	15
-0.400511	0.315739	0.038168	16
-0.416217	0.328121	0.081473	17
-0.431924	0.340503	0.160919	18
-0.447630	0.352884	0.289884	19
-0.463336	0.365266	0.481389	20
-0.479043	0.377648	0.744678	21
-0.494749	0.390030	1.082179	22
-0.510455	0.402412	1.486182	23
-0.526161	0.414794	1.936892	24
-0.541868	0.427176	2.405331	25
-0.557574	0.439558	2.861454	26
-0.573280	0.451940	3.282479	27
-0.588987	0.464322	3.656720	28
-0.604693	0.476704	3.983094	29
-0.620399	0.489086	4.268429	30
-0.636106	0.501467	4.524313	31
-0.651812	0.513849	4.764521	32
-0.667518	0.526231	5.003428	33
-0.683225	0.538613	5.255297	34
-0.698931	0.550995	5.534217	35
-0.714637	0.563377	5.854420	36
-0.730344	0.575759	6.230802	37
-0.746050	0.588141	6.679450	38
-0.761756	0.600523	7.218040	39
-0.777462	0.612905	7.865924	40
31
-0.174608	0.116670	0.002157	1
-0.191238	0.127782	0.007056	2
-0.207867	0.138893	0.011830	3
-0.224496	0.150004	0.016202	4
-0.241126	0.161116	0.020249	5
-0.257755	0.172227	0.023866	6
-0.274385	0.183339	0.026790	7
-0.291014	0.194450	0.028664	8
-0.307643	0.205562	0.029122	9
-0.324273	0.216673	0.027900	10
-0.340902	0.227785	0.024996	11
-0.357531	0.238896	0.020887	12
-0.374161	0.250007	0.016834	13
-0.390790	0.261119	0.015287	14
-0.407420	0.272230	0.020398	15
-0.424049	0.283342	0.038637	16
-0.440678	0.294453	0.079440	17
-0.457308	0.305565	0.155792	18
-0.473937	0.316676	0.284321	19
-0.490566	0.327787	0.484178	20
-0.507196	0.338899	0.773084	21
-0.523825	0.350010	1.161907	22
-0.540454	0.361122	1.646397	23
-0.557084	0.372233	2.197155	24
-0.573713	0.383345	2.760962	25
-0.590343	0.394456	3.282081	26
-0.606972	0.405568	3.725414	27
-0.623601	0.416679	4.080973	28
-0.640231	0.427790	4.357505	29
-0.656860	0.438902	4.573854	30
-0.673489	0.450013	4.752170	31
-0.690119	0.461125	4.913895	32
-0.706748	0.472236	5.078018	33
-0.723378	0.483348	5.260790	34
-0.740007	0.494459	5.476198	35
-0.756636	0.505571	5.736742	36
-0.773266	0.516682	6.054241	37
-0.789895	0.527793	6.440495	38
-0.806524	0.538905	6.907689	39
-0.823154	0.550016	7.468422	40
32
-0.183224	0.102611	0.001701	1
-0.200674	0.112383	0.006641	2
-0.218124	0.122156	0.011439	3
-0.235574	0.131928	0.015611	4
-0.253024	0.141701	0.019138	5
-0.270473	0.151473	0.021961	6
-0.287923	0.161246	0.023940	7
-0.305373	0.171018	0.024882	8
-0.322823	0.180791	0.024599	9
-0.340273	0.190563	0.022992	10
-0.357723	0.200336	0.020172	11
-0.375173	0.210108	0.016620	12
-0.392623	0.219880	0.013426	13
-0.410073	0.229653	0.012623	14
-0.427523	0.239425	0.017675	15
-0.444972	0.249198	0.034171	16
-0.462422	0.258970	0.070813	17
-0.479872	0.268743	0.140780	18
-0.497322	0.278515	0.263432	19
-0.514772	0.288288	0.465653	20
-0.532222	0.298060	0.779992	21
-0.549672	0.307833	1.239320	22
-0.567122	0.317605	1.859538	23
-0.584572	0.327378	2.603578	24
-0.602021	0.337150	3.350719	25
-0.619471	0.346922	3.974593	26
-0.636921	0.356695	4.427114	27
-0.654371	0.366467	4.720081	28
-0.671821	0.376240	4.892353	29
-0.689271	0.386012	4.987677	30
-0.706721	0.395785	5.044319	31
-0.724171	0.405557	5.092034	32
-0.741621	0.415330	5.152551	33
-0.759071	0.425102	5.241286	34
-0.776520	0.434875	5.369212	35
-0.793970	0.444647	5.544419	36
-0.811420	0.454420	5.773276	37
-0.828870	0.464192	6.061178	38
-0.846320	0.473964	6.412904	39
-0.863770	0.483737	6.832594	40
33
-0.190710	0.087919	0.000999	1
-0.208873	0.096292	0.004871	2
-0.227036	0.104665	0.009247	3
-0.245198	0.113039	0.013396	4
-0.263361	0.121412	0.017092	5
-0.281524	0.129785	0.020203	6
-0.299687	0.138158	0.022566	7
-0.317850	0.146532	0.023970	8
-0.336013	0.154905	0.024188	9
-0.354175	0.163278	0.023045	10
-0.372338	0.171651	0.020523	11
-0.390501	0.180025	0.016906	12
-0.408664	0.188398	0.012994	13
-0.426827	0.196771	0.010408	14
-0.444990	0.205144	0.012046	15
-0.463153	0.213518	0.022762	16
-0.481315	0.221891	0.050429	17
-0.499478	0.230264	0.107610	18
-0.517641	0.238637	0.214457	19
-0.535804	0.247010	0.403496	20
-0.553967	0.255384	0.725327	21
-0.572130	0.263757	1.254416	22
-0.590292	0.272130	2.082307	23
-0.608455	0.280503	3.233843	24
-0.626618	0.288877	4.345203	25
-0.644781	0.297250	5.063887	26
-0.662944	0.305623	5.414472	27
-0.681107	0.313996	5.516772	28
-0.699270	0.322370	5.481168	29
-0.717432	0.330743	5.386038	30
-0.735595	0.339116	5.280969	31
-0.753758	0.347489	5.195033	32
-0.771921	0.355863	5.144080	33
-0.790084	0.364236	5.135885	34
-0.808247	0.372609	5.173422	35
-0.826409	0.380982	5.256764	36
-0.844572	0.389355	5.384065	37
-0.862735	0.397729	5.551929	38
-0.880898	0.406102	5.755378	39
-0.899061	0.414475	5.987572	40
34
-0.197020	0.072685	0.000323	1
-0.215784	0.079607	0.002554	2
-0.234548	0.086530	0.006119	3
-0.253311	0.093452	0.010473	4
-0.272075	0.100375	0.015391	5
-0.290839	0.107297	0.020698	6
-0.309603	0.114219	0.026139	7
-0.328367	0.121142	0.031356	8
-0.347130	0.128064	0.035892	9
-0.365894	0.134987	0.039226	10
-0.384658	0.141909	0.040825	11
-0.403422	0.148831	0.040242	12
-0.422186	0.155754	0.037291	13
-0.440950	0.162676	0.032341	14
-0.459713	0.169598	0.026793	15
-0.478477	0.176521	0.023861	16
-0.497241	0.183443	0.029812	17
-0.516005	0.190366	0.055995	18
-0.534769	0.197288	0.122247	19
-0.553532	0.204210	0.263258	20
-0.572296	0.211133	0.541437	21
-0.591060	0.218055	1.073025	22
-0.609824	0.224978	2.108630	23
-0.628588	0.231900	4.298504	24
-0.647351	0.238822	6.111104	25
-0.666115	0.245745	6.522062	26
-0.684879	0.252667	6.392950	27
-0.703643	0.259589	6.090290	28
-0.722407	0.266512	5.762519	29
-0.741171	0.273434	5.469727	30
-0.759934	0.280357	5.233548	31
-0.778698	0.287279	5.058453	32
-0.797462	0.294201	4.941373	33
-0.816226	0.301124	4.875961	34
-0.834990	0.308046	4.854270	35
-0.853753	0.314969	4.867150	36
-0.872517	0.321891	4.903985	37
-0.891281	0.328813	4.952109	38
-0.910045	0.335736	4.996100	39
-0.928809	0.342658	5.017206	40
35
-0.202115	0.057003	0.000030	1
-0.221365	0.062432	0.000744	2
-0.240614	0.067861	0.003235	3
-0.259863	0.073290	0.008178	4
-0.279112	0.078718	0.015811	5
-0.298361	0.084147	0.026060	6
-0.317610	0.089576	0.038694	7
-0.336859	0.095005	0.053366	8
-0.356108	0.100434	0.069602	9
-0.375357	0.105863	0.086749	10
-0.394606	0.111292	0.103921	11
-0.413855	0.116720	0.119945	12
-0.433105	0.122149	0.133336	13
-0.452354	0.127578	0.142315	14
-0.471603	0.133007	0.144948	15
-0.490852	0.138436	0.139527	16
-0.510101	0.143865	0.125408	17
-0.529350	0.149294	0.104752	18
-0.548599	0.154722	0.086001	19
-0.567848	0.160151	0.091242	20
-0.587097	0.165580	0.174568	21
-0.606346	0.171009	0.478608	22
-0.625595	0.176438	1.438683	23
-0.644845	0.181867	6.705138	24
-0.664094	0.187296	8.116915	25
-0.683343	0.192724	6.789238	26
-0.702592	0.198153	6.106695	27
-0.721841	0.203582	5.611584	28
-0.741090	0.209011	5.234648	29
-0.760339	0.214440	4.953610	30
-0.779588	0.219869	4.751443	31
-0.798837	0.225298	4.612669	32
-0.818086	0.230726	4.523263	33
-0.837335	0.236155	4.470166	34
-0.856585	0.241584	4.440435	35
-0.875834	0.247013	4.420192	36
-0.895083	0.252442	4.393498	37
-0.914332	0.257871	4.341277	38
-0.933581	0.263299	4.240524	39
-0.952830	0.268728	4.064226	40
36
-0.676742	0.134614	16.309688	25
-0.696357	0.138516	9.807014	26
-0.715973	0.142418	6.961721	27
-0.735589	0.146320	5.612941	28
-0.755204	0.150221	4.920031	29
-0.774820	0.154123	4.542709	30
-0.794436	0.158025	4.331744	31
-0.814051	0.161927	4.214418	32
-0.833667	0.165829	4.150491	33
-0.853283	0.169731	4.113620	34
-0.872898	0.173633	4.083188	35
-0.892514	0.177534	4.039985	36
-0.912130	0.181436	3.963617	37
-0.931746	0.185338	3.830984	38
-0.951361	0.189240	3.615862	39
-0.970977	0.193142	3.290294	40
37
-0.685217	0.081103	19.964454	25
-0.705078	0.083453	12.378935	26
-0.724940	0.085804	8.549638	27
-0.744801	0.088155	6.533089	28
-0.764662	0.090506	5.424024	29
-0.784524	0.092857	4.796242	30
-0.804385	0.095207	4.435595	31
-0.824247	0.097558	4.227083	32
-0.844108	0.099909	4.104014	33
-0.863969	0.102260	4.022142	34
-0.883831	0.104611	3.949162	35
-0.903692	0.106961	3.858142	36
-0.923553	0.109312	3.723790	37
-0.943415	0.111663	3.520649	38
-0.963276	0.114014	3.223232	39
-0.983137	0.116365	2.808798	40
38
-0.689468	0.027091	14.185119	25
-0.709453	0.027876	9.653507	26
-0.729437	0.028662	7.544269	27
-0.749422	0.029447	6.378685	28
-0.769406	0.030232	5.643181	29
-0.789391	0.031017	5.146318	30
-0.809375	0.031803	4.800221	31
-0.829360	0.032588	4.554024	32
-0.849345	0.033373	4.372076	33
-0.869329	0.034158	4.223922	34
-0.889314	0.034944	4.082798	35
-0.909298	0.035729	3.923928	36
-0.929283	0.036514	3.723547	37
-0.949267	0.037299	3.458847	38
-0.969252	0.038085	3.109298	39
-0.989237	0.038870	2.660058	40
39
-0.209838	-0.008244	0.000019	1
-0.229823	-0.009029	0.001057	2
-0.249807	-0.009814	0.005188	3
-0.269792	-0.010599	0.013750	4
-0.289776	-0.011385	0.027148	5
-0.309761	-0.012170	0.045194	6
-0.329746	-0.012955	0.067490	7
-0.349730	-0.013740	0.093608	8
-0.369715	-0.014525	0.123131	9
-0.389699	-0.015310	0.155631	10
-0.409684	-0.016095	0.190613	11
-0.429669	-0.016881	0.227445	12
-0.449653	-0.017666	0.265259	13
-0.469638	-0.018451	0.302791	14
-0.489622	-0.019236	0.338127	15
-0.509607	-0.020021	0.368272	16
-0.529591	-0.020806	0.388485	17
-0.549576	-0.021591	0.391469	18
-0.569561	-0.022377	0.367285	19
-0.589545	-0.023162	0.308026	20
-0.609530	-0.023947	0.232963	21
-0.629514	-0.024732	0.291040	22
-0.649499	-0.025517	1.140624	23
-0.669484	-0.026302	5.793217	24
-0.689468	-0.027087	7.707947	25
-0.709453	-0.027873	7.194903	26
-0.729437	-0.028658	6.822973	27
-0.749422	-0.029443	6.426064	28
-0.769406	-0.030228	6.035318	29
-0.789391	-0.031013	5.679624	30
-0.809376	-0.031798	5.369191	31
-0.829360	-0.032583	5.101579	32
-0.849345	-0.033369	4.867146	33
-0.869329	-0.034154	4.651750	34
-0.889314	-0.034939	4.438923	35
-0.909299	-0.035724	4.211225	36
-0.929283	-0.036509	3.951349	37
-0.949268	-0.037294	3.643443	38
-0.969252	-0.038079	3.275087	39
-0.989237	-0.038865	2.840285	40
40
-0.208544	-0.024682	0.000500	1
-0.228406	-0.027033	0.004219	2
-0.248267	-0.029384	0.010660	3
-0.268129	-0.031734	0.019104	4
-0.287990	-0.034085	0.029239	5
-0.307851	-0.036436	0.040791	6
-0.327713	-0.038786	0.053367	7
-0.347574	-0.041137	0.066426	8
-0.367435	-0.043488	0.079287	9
-0.387297	-0.045839	0.091130	10
-0.407158	-0.048189	0.100990	11
-0.427020	-0.050540	0.107777	12
-0.446881	-0.052891	0.110336	13
-0.466742	-0.055241	0.107612	14
-0.486604	-0.057592	0.099041	15
-0.506465	-0.059943	0.085345	16
-0.526326	-0.062293	0.070099	17
-0.546188	-0.064644	0.062569	18
-0.566049	-0.066995	0.082482	19
-0.585911	-0.069345	0.167055	20
-0.605772	-0.071696	0.380169	21
-0.625633	-0.074047	0.824249	22
-0.645495	-0.076398	1.674817	23
-0.665356	-0.078748	3.454334	24
-0.685217	-0.081099	5.200234	25
-0.705079	-0.083450	5.984350	26
-0.724940	-0.085800	6.278795	27
-0.744802	-0.088151	6.313876	28
-0.764663	-0.090502	6.208590	29
-0.784524	-0.092852	6.030823	30
-0.804386	-0.095203	5.819230	31
-0.824247	-0.097554	5.593974	32
-0.844108	-0.099904	5.363243	33
-0.863970	-0.102255	5.127485	34
-0.883831	-0.104606	4.882452	35
-0.903693	-0.106957	4.621545	36
-0.923554	-0.109307	4.337842	37
-0.943415	-0.111658	4.026140	38
-0.963277	-0.114009	3.685222	39
-0.983138	-0.116359	3.320503	40
41
-0.205965	-0.040968	0.001581	1
-0.225581	-0.044870	0.008085	2
-0.245196	-0.048772	0.015829	3
-0.264812	-0.052674	0.023495	4
-0.284428	-0.056575	0.030642	5
-0.304044	-0.060477	0.037042	6
-0.323659	-0.064379	0.042431	7
-0.343275	-0.068281	0.046452	8
-0.362891	-0.072182	0.048672	9
-0.382506	-0.076084	0.048655	10
-0.402122	-0.079986	0.046058	11
-0.421738	-0.083888	0.040791	12
-0.441354	-0.087789	0.033257	13
-0.460969	-0.091691	0.024708	14
-0.480585	-0.095593	0.017772	15
-0.500201	-0.099495	0.017168	16
-0.519816	-0.103396	0.030649	17
-0.539432	-0.107298	0.070135	18
-0.559048	-0.111200	0.153095	19
-0.578664	-0.115102	0.305037	20
-0.598279	-0.119003	0.564293	21
-0.617895	-0.122905	0.988226	22
-0.637511	-0.126807	1.664671	23
-0.657127	-0.130709	2.666069	24
-0.676742	-0.134610	3.754373	25
-0.696358	-0.138512	4.629558	26
-0.715974	-0.142414	5.240020	27
-0.735589	-0.146316	5.620334	28
-0.755205	-0.150217	5.822316	29
-0.774821	-0.154119	5.893104	30
-0.794437	-0.158021	5.869780	31
-0.814052	-0.161923	5.779317	32
-0.833668	-0.165824	5.640188	33
-0.853284	-0.169726	5.464415	34
-0.872899	-0.173628	5.259688	35
-0.892515	-0.177530	5.031468	36
-0.912131	-0.181431	4.785115	37
-0.931747	-0.185333	4.528138	38
-0.951362	-0.189235	4.272697	39
-0.970978	-0.193137	4.038570	40
42
-0.202116	-0.057002	0.002784	1
-0.221365	-0.062431	0.011233	2
-0.240614	-0.067859	0.019269	3
-0.259863	-0.073288	0.025710	4
-0.279112	-0.078717	0.030428	5
-0.298361	-0.084146	0.033404	6
-0.317610	-0.089574	0.034574	7
-0.336860	-0.095003	0.033839	8
-0.356109	-0.100432	0.031131	9
-0.375358	-0.105861	0.026510	10
-0.394607	-0.111289	0.020301	11
-0.413856	-0.116718	0.013249	12
-0.433105	-0.122147	0.006737	13
-0.452354	-0.127576	0.003029	14
-0.471603	-0.133004	0.005583	15
-0.490853	-0.138433	0.019432	16
-0.510102	-0.143862	0.051692	17
-0.529351	-0.149291	0.112221	18
-0.548600	-0.154719	0.215019	19
-0.567849	-0.160148	0.380208	20
-0.587098	-0.165577	0.635392	21
-0.606347	-0.171006	1.013909	22
-0.625596	-0.176434	1.548092	23
-0.644846	-0.181863	2.235873	24
-0.664095	-0.187292	2.998570	25
-0.683344	-0.192721	3.727920	26
-0.702593	-0.198150	4.355630	27
-0.721842	-0.203578	4.854332	28
-0.741091	-0.209007	5.222627	29
-0.760340	-0.214436	5.472039	30
-0.779589	-0.219865	5.618920	31
-0.798838	-0.225293	5.680225	32
-0.818088	-0.230722	5.671726	33
-0.837337	-0.236151	5.607659	34
-0.856586	-0.241580	5.501242	35
-0.875835	-0.247008	5.365750	36
-0.895084	-0.252437	5.216025	37
-0.914333	-0.257866	5.070403	38
-0.933582	-0.263295	4.953202	39
-0.952831	-0.268723	4.898098	40
43
-0.197020	-0.072684	0.003726	1
-0.215784	-0.079606	0.012514	2
-0.234548	-0.086529	0.020046	3
-0.253312	-0.093451	0.025378	4
-0.272076	-0.100373	0.028683	5
-0.290840	-0.107295	0.030104	6
-0.309603	-0.114218	0.029684	7
-0.328367	-0.121140	0.027450	8
-0.347131	-0.128062	0.023507	9
-0.365895	-0.134985	0.018145	10
-0.384659	-0.141907	0.011960	11
-0.403423	-0.148829	0.005992	12
-0.422187	-0.155751	0.001886	13
-0.440950	-0.162674	0.002095	14
-0.459714	-0.169596	0.010124	15
-0.478478	-0.176518	0.030871	16
-0.497242	-0.183441	0.071052	17
-0.516006	-0.190363	0.139891	18
-0.534770	-0.197285	0.249877	19
-0.553533	-0.204207	0.417132	20
-0.572297	-0.211130	0.659349	21
-0.591061	-0.218052	0.994101	22
-0.609825	-0.224974	1.431279	23
-0.628589	-0.231897	1.961384	24
-0.647353	-0.238819	2.549819	25
-0.666117	-0.245741	3.148633	26
-0.684880	-0.252663	3.714945	27
-0.703644	-0.259586	4.219064	28
-0.722408	-0.266508	4.644754	29
-0.741172	-0.273430	4.986304	30
-0.759936	-0.280353	5.245212	31
-0.778700	-0.287275	5.427600	32
-0.797464	-0.294197	5.542589	33
-0.816227	-0.301119	5.601525	34
-0.834991	-0.308042	5.617898	35
-0.853755	-0.314964	5.607821	36
-0.872519	-0.321886	5.591020	37
-0.891283	-0.328809	5.592371	38
-0.910047	-0.335731	5.644141	39
-0.928810	-0.342653	5.789353	40
44
-0.190710	-0.087918	0.004309	1
-0.208873	-0.096291	0.011795	2
-0.227036	-0.104664	0.018273	3
-0.245199	-0.113037	0.022927	4
-0.263362	-0.121411	0.025937	5
-0.281525	-0.129784	0.027378	6
-0.299688	-0.138157	0.027204	7
-0.317851	-0.146530	0.025359	8
-0.336013	-0.154903	0.021887	9
-0.354176	-0.163276	0.017053	10
-0.372339	-0.171649	0.011467	11
-0.390502	-0.180023	0.006231	12
-0.408665	-0.188396	0.003111	13
-0.426828	-0.196769	0.004747	14
-0.444991	-0.205142	0.014897	15
-0.463154	-0.213515	0.038722	16
-0.481317	-0.221888	0.083043	17
-0.499479	-0.230261	0.156663	18
-0.517642	-0.238634	0.270333	19
-0.535805	-0.247008	0.435852	20
-0.553968	-0.255381	0.664045	21
-0.572131	-0.263754	0.963607	22
-0.590294	-0.272127	1.336561	23
-0.608457	-0.280500	1.774675	24
-0.626620	-0.288873	2.259143	25
-0.644783	-0.297246	2.764580	26
-0.662945	-0.305620	3.265119	27
-0.681108	-0.313993	3.738855	28
-0.699271	-0.322366	4.169824	29
-0.717434	-0.330739	4.548198	30
-0.735597	-0.339112	4.869654	31
-0.753760	-0.347485	5.134552	32
-0.771923	-0.355858	5.347299	33
-0.790086	-0.364232	5.516023	34
-0.808249	-0.372605	5.652602	35
-0.826411	-0.380978	5.773064	36
-0.844574	-0.389351	5.898362	37
-0.862737	-0.397724	6.055632	38
-0.880900	-0.406097	6.280079	39
-0.899063	-0.414470	6.617816	40
45
-0.183224	-0.102610	0.004604	1
-0.200674	-0.112382	0.009821	2
-0.218124	-0.122155	0.015043	3
-0.235574	-0.131927	0.019486	4
-0.253024	-0.141699	0.023038	5
-0.270474	-0.151472	0.025480	6
-0.287924	-0.161244	0.026497	7
-0.305374	-0.171016	0.025800	8
-0.322824	-0.180789	0.023248	9
-0.340274	-0.190561	0.018983	10
-0.357724	-0.200334	0.013584	11
-0.375174	-0.210106	0.008238	12
-0.392624	-0.219878	0.004940	13
-0.410074	-0.229651	0.006686	14
-0.427524	-0.239423	0.017667	15
-0.444974	-0.249195	0.043391	16
-0.462424	-0.258968	0.090745	17
-0.479874	-0.268740	0.167845	18
-0.497324	-0.278513	0.283532	19
-0.514774	-0.288285	0.446057	20
-0.532223	-0.298057	0.662226	21
-0.549673	-0.307830	0.936003	22
-0.567123	-0.317602	1.266489	23
-0.584573	-0.327374	1.647033	24
-0.602023	-0.337147	2.065647	25
-0.619473	-0.346919	2.506851	26
-0.636923	-0.356692	2.954238	27
-0.654373	-0.366464	3.392743	28
-0.671823	-0.376236	3.810118	29
-0.689273	-0.386009	4.197654	30
-0.706723	-0.395781	4.550401	31
-0.724173	-0.405553	4.867157	32
-0.741623	-0.415326	5.150448	33
-0.759073	-0.425098	5.406605	34
-0.776523	-0.434871	5.646014	35
-0.793973	-0.444643	5.883573	36
-0.811423	-0.454415	6.139404	37
-0.828873	-0.464188	6.439886	38
-0.846323	-0.473960	6.819121	39
-0.863773	-0.483732	7.320966	40
46
-0.174609	-0.116669	0.004727	1
-0.191238	-0.127781	0.007698	2
-0.207868	-0.138892	0.011873	3
-0.224497	-0.150003	0.016454	4
-0.241127	-0.161115	0.020925	5
-0.257756	-0.172226	0.024682	6
-0.274386	-0.183337	0.027084	7
-0.291015	-0.194449	0.027575	8
-0.307644	-0.205560	0.025816	9
-0.324274	-0.216671	0.021841	10
-0.340903	-0.227783	0.016235	11
-0.357533	-0.238894	0.010337	12
-0.374162	-0.250005	0.006431	13
-0.390792	-0.261117	0.007909	14
-0.407421	-0.272228	0.019369	15
-0.424050	-0.283339	0.046583	16
-0.440680	-0.294451	0.096339	17
-0.457309	-0.305562	0.176033	18
-0.473939	-0.316674	0.292883	19
-0.490568	-0.327785	0.453006	20
-0.507198	-0.338896	0.660677	21
-0.523827	-0.350008	0.917348	22
-0.540456	-0.361119	1.220894	23
-0.557086	-0.372230	1.565548	24
-0.573715	-0.383342	1.942471	25
-0.590345	-0.394453	2.340906	26
-0.606974	-0.405564	2.749598	27
-0.623604	-0.416676	3.158109	28
-0.640233	-0.427787	3.557796	29
-0.656862	-0.438898	3.942423	30
-0.673492	-0.450010	4.308507	31
-0.690121	-0.461121	4.655506	32
-0.706751	-0.472232	4.985995	33
-0.723380	-0.483344	5.305885	34
-0.740010	-0.494455	5.624754	35
-0.756639	-0.505567	5.956309	36
-0.773268	-0.516678	6.319011	37
-0.789898	-0.527789	6.736882	38
-0.806527	-0.538901	7.240528	39
-0.823157	-0.550012	7.868380	40
47
-0.164917	-0.130009	0.004768	1
-0.180623	-0.142391	0.006405	2
-0.196330	-0.154773	0.010086	3
-0.212036	-0.167155	0.014994	4
-0.227742	-0.179537	0.020314	5
-0.243449	-0.191918	0.025151	6
-0.259155	-0.204300	0.028617	7
-0.274862	-0.216682	0.029959	8
-0.290568	-0.229064	0.028696	9
-0.306274	-0.241446	0.024797	10
-0.321981	-0.253827	0.018880	11
-0.337687	-0.266209	0.012420	12
-0.353394	-0.278591	0.007941	13
-0.369100	-0.290973	0.009139	14
-0.384806	-0.303355	0.020904	15
-0.400513	-0.315737	0.049186	16
-0.416219	-0.328118	0.100689	17
-0.431925	-0.340500	0.182311	18
-0.447632	-0.352882	0.300376	19
-0.463338	-0.365264	0.459815	20
-0.479045	-0.377646	0.663424	21
-0.494751	-0.390028	0.911270	22
-0.510457	-0.402409	1.200461	23
-0.526164	-0.414791	1.525389	24
-0.541870	-0.427173	1.878399	25
-0.557576	-0.439555	2.250790	26
-0.573283	-0.451937	2.633902	27
-0.588989	-0.464319	3.020084	28
-0.604696	-0.476700	3.403395	29
-0.620402	-0.489082	3.780030	30
-0.636108	-0.501464	4.148549	31
-0.651815	-0.513846	4.509992	32
-0.667521	-0.526228	4.867994	33
-0.683227	-0.538610	5.228949	34
-0.698934	-0.550991	5.602281	35
-0.714640	-0.563373	6.000809	36
-0.730347	-0.575755	6.441239	37
-0.746053	-0.588137	6.944736	38
-0.761759	-0.600519	7.537552	39
-0.777466	-0.612901	8.251628	40
48
-0.154208	-0.142548	0.004774	1
-0.168895	-0.156124	0.006483	2
-0.183581	-0.169700	0.010386	3
-0.198268	-0.183276	0.015661	4
-0.212954	-0.196852	0.021448	5
-0.227641	-0.210427	0.026786	6
-0.242327	-0.224003	0.030719	7
-0.257014	-0.237579	0.032426	8
-0.271700	-0.251155	0.031372	9
-0.286387	-0.264731	0.027495	10
-0.301073	-0.278307	0.021418	11
-0.315760	-0.291883	0.014668	12
-0.330446	-0.305459	0.009868	13
-0.345133	-0.319035	0.010857	14
-0.359819	-0.332611	0.022692	15
-0.374506	-0.346187	0.051479	16
-0.389192	-0.359763	0.104016	17
-0.403879	-0.373339	0.187175	18
-0.418565	-0.386915	0.307112	19
-0.433252	-0.400491	0.468391	20
-0.447938	-0.414067	0.673202	21
-0.462625	-0.427643	0.920793	22
-0.477311	-0.441219	1.207456	23
-0.491998	-0.454795	1.526973	24
-0.506684	-0.468371	1.871389	25
-0.521371	-0.481947	2.232178	26
-0.536057	-0.495523	2.601437	27
-0.550744	-0.509099	2.972840	28
-0.565430	-0.522675	3.342232	29
-0.580117	-0.536251	3.707870	30
-0.594803	-0.549827	4.070430	31
-0.609490	-0.563403	4.432906	32
-0.624176	-0.576979	4.800519	33
-0.638863	-0.590555	5.180712	34
-0.653549	-0.604131	5.583263	35
-0.668236	-0.617706	6.020516	36
-0.682922	-0.631282	6.507705	37
-0.697609	-0.644858	7.063320	38
-0.712295	-0.658434	7.709432	39
-0.726981	-0.672010	8.471867	40
49
-0.142549	-0.154207	0.004744	1
-0.156125	-0.168894	0.007906	2
-0.169701	-0.183580	0.012670	3
-0.183277	-0.198266	0.018235	4
-0.196853	-0.212953	0.023975	5
-0.210429	-0.227639	0.029121	6
-0.224005	-0.242326	0.032852	7
-0.237581	-0.257012	0.034427	8
-0.251157	-0.271698	0.033351	9
-0.264733	-0.286385	0.029558	10
-0.278309	-0.301071	0.023630	11
-0.291885	-0.315758	0.017020	12
-0.305461	-0.330444	0.012271	13
-0.319038	-0.345131	0.013173	14
-0.332614	-0.359817	0.024816	15
-0.346190	-0.374503	0.053470	16
-0.359766	-0.389190	0.106274	17
-0.373342	-0.403876	0.190631	18
-0.386918	-0.418563	0.313354	19
-0.400494	-0.433249	0.479611	20
-0.414070	-0.447935	0.691840	21
-0.427646	-0.462622	0.948868	22
-0.441222	-0.477308	1.245966	23
-0.454798	-0.491995	1.575327	24
-0.468374	-0.506681	1.926953	25
-0.481950	-0.521367	2.290500	26
-0.495526	-0.536054	2.657038	27
-0.509102	-0.550740	3.020289	28
-0.522678	-0.565427	3.377195	29
-0.536255	-0.580113	3.727899	30
-0.549831	-0.594799	4.075375	31
-0.563407	-0.609486	4.424945	32
-0.576983	-0.624172	4.783869	33
-0.590559	-0.638859	5.161090	34
-0.604135	-0.653545	5.567163	35
-0.617711	-0.668231	6.014352	36
-0.631287	-0.682918	6.516816	37
-0.644863	-0.697604	7.090819	38
-0.658439	-0.712291	7.754863	39
-0.672015	-0.726977	8.529591	40
50
-0.130010	-0.164916	0.004628	1
-0.142392	-0.180622	0.010081	2
-0.154774	-0.196329	0.016043	3
-0.167156	-0.212035	0.021753	4
-0.179538	-0.227741	0.026991	5
-0.191920	-0.243448	0.031354	6
-0.204302	-0.259154	0.034307	7
-0.216684	-0.274860	0.035322	8
-0.229066	-0.290566	0.034033	9
-0.241448	-0.306273	0.030411	10
-0.253830	-0.321979	0.024967	11
-0.266212	-0.337685	0.018980	12
-0.278593	-0.353392	0.014744	13
-0.290975	-0.369098	0.015793	14
-0.303357	-0.384804	0.027070	15
-0.315739	-0.400511	0.054962	16
-0.328121	-0.416217	0.107153	17
-0.340503	-0.431923	0.192150	18
-0.352885	-0.447629	0.318413	19
-0.365267	-0.463336	0.493038	20
-0.377649	-0.479042	0.719875	21
-0.390031	-0.494748	0.998254	22
-0.402413	-0.510455	1.322249	23
-0.414795	-0.526161	1.680769	24
-0.427177	-0.541867	2.059026	25
-0.439559	-0.557574	2.441872	26
-0.451941	-0.573280	2.817034	27
-0.464322	-0.588986	3.177091	28
-0.476704	-0.604692	3.519938	29
-0.489086	-0.620399	3.848142	30
-0.501468	-0.636105	4.167798	31
-0.513850	-0.651811	4.487379	32
-0.526232	-0.667518	4.816848	33
-0.538614	-0.683224	5.167121	34
-0.550996	-0.698930	5.549852	35
-0.563378	-0.714636	5.977451	36
-0.575760	-0.730343	6.463237	37
-0.588142	-0.746049	7.021584	38
-0.600524	-0.761755	7.667963	39
-0.612906	-0.777462	8.418703	40
51
-0.116670	-0.174608	0.004333	1
-0.127782	-0.191238	0.011999	2
-0.138893	-0.207867	0.019062	3
-0.150005	-0.224496	0.024779	4
-0.161116	-0.241126	0.029294	5
-0.172228	-0.257755	0.032574	6
-0.183339	-0.274384	0.034417	7
-0.194451	-0.291014	0.034573	8
-0.205562	-0.307643	0.032880	9
-0.216674	-0.324272	0.029404	10
-0.227785	-0.340902	0.024615	11
-0.238896	-0.357531	0.019595	12
-0.250008	-0.374160	0.016290	13
-0.261119	-0.390790	0.017805	14
-0.272231	-0.407419	0.028714	15
-0.283342	-0.424049	0.055331	16
-0.294454	-0.440678	0.105881	17
-0.305565	-0.457307	0.190391	18
-0.316677	-0.473937	0.320065	19
-0.327788	-0.490566	0.505824	20
-0.338900	-0.507195	0.755279	21
-0.350011	-0.523825	1.070330	22
-0.361123	-0.540454	1.444435	23
-0.372234	-0.557083	1.860443	24
-0.383345	-0.573713	2.293260	25
-0.394457	-0.590342	2.716990	26
-0.405568	-0.606971	3.112369	27
-0.416680	-0.623601	3.470163	28
-0.427791	-0.640230	3.790672	29
-0.438903	-0.656859	4.081203	30
-0.450014	-0.673489	4.353202	31
-0.461126	-0.690118	4.619947	32
-0.472237	-0.706748	4.895077	33
-0.483349	-0.723377	5.191867	34
-0.494460	-0.740006	5.523049	35
-0.505572	-0.756636	5.900948	36
-0.516683	-0.773265	6.337748	37
-0.527794	-0.789894	6.845733	38
-0.538906	-0.806524	7.437365	39
-0.550017	-0.823153	8.125060	40
52
-0.102611	-0.183224	0.003740	1
-0.112384	-0.200674	0.012552	2
-0.122156	-0.218124	0.020219	3
-0.131929	-0.235573	0.025895	4
-0.141701	-0.253023	0.029820	5
-0.151474	-0.270473	0.032164	6
-0.161246	-0.287923	0.032971	7
-0.171019	-0.305373	0.032235	8
-0.180791	-0.322823	0.030002	9
-0.190563	-0.340273	0.026472	10
-0.200336	-0.357723	0.022138	11
-0.210108	-0.375173	0.017951	12
-0.219881	-0.392622	0.015552	13
-0.229653	-0.410072	0.017576	14
-0.239426	-0.427522	0.028057	15
-0.249198	-0.444972	0.052933	16
-0.258971	-0.462422	0.100622	17
-0.268743	-0.479872	0.182599	18
-0.278516	-0.497322	0.313597	19
-0.288288	-0.514772	0.510718	20
-0.298061	-0.532222	0.789831	21
-0.307833	-0.549671	1.160905	22
-0.317606	-0.567121	1.620402	23
-0.327378	-0.584571	2.141435	24
-0.337151	-0.602021	2.674865	25
-0.346923	-0.619471	3.169356	26
-0.356696	-0.636921	3.593086	27
-0.366468	-0.654371	3.937756	28
-0.376241	-0.671821	4.212495	29
-0.386013	-0.689270	4.435712	30
-0.395786	-0.706720	4.628747	31
-0.405558	-0.724170	4.812127	32
-0.415331	-0.741620	5.003923	33
-0.425103	-0.759070	5.219423	34
-0.434876	-0.776520	5.471481	35
-0.444648	-0.793970	5.771118	36
-0.454421	-0.811420	6.128127	37
-0.464193	-0.828870	6.551523	38
-0.473966	-0.846319	7.049774	39
-0.483738	-0.863769	7.630680	40
53
-0.087919	-0.190710	0.002778	1
-0.096292	-0.208873	0.011047	2
-0.104666	-0.227035	0.018608	3
-0.113039	-0.245198	0.024331	4
-0.121412	-0.263361	0.028203	5
-0.129786	-0.281524	0.030340	6
-0.138159	-0.299687	0.030839	7
-0.146532	-0.317850	0.029779	8
-0.154905	-0.336012	0.027285	9
-0.163279	-0.354175	0.023611	10
-0.171652	-0.372338	0.019248	11
-0.180025	-0.390501	0.015071	12
-0.188398	-0.408664	0.012530	13
-0.196772	-0.426827	0.013925	14
-0.205145	-0.444989	0.022808	15
-0.213518	-0.463152	0.044592	16
-0.221891	-0.481315	0.087401	17
-0.230265	-0.499478	0.163388	18
-0.238638	-0.517641	0.290389	19
-0.247011	-0.535804	0.493338	20
-0.255384	-0.553966	0.802605	21
-0.263758	-0.572129	1.249364	22
-0.272131	-0.590292	1.849213	23
-0.280504	-0.608455	2.567051	24
-0.288877	-0.626618	3.286875	25
-0.297251	-0.644781	3.887906	26
-0.305624	-0.662943	4.325284	27
-0.313997	-0.681106	4.611597	28
-0.322371	-0.699269	4.785032	29
-0.330744	-0.717432	4.888100	30
-0.339117	-0.735595	4.957796	31
-0.347490	-0.753758	5.022784	32
-0.355864	-0.771920	5.103889	33
-0.364237	-0.790083	5.215717	34
-0.372610	-0.808246	5.368372	35
-0.380983	-0.826409	5.568862	36
-0.389357	-0.844572	5.822105	37
-0.397730	-0.862735	6.131547	38
-0.406103	-0.880897	6.499436	39
-0.414476	-0.899060	6.926780	40
54
-0.072685	-0.197020	0.001558	1
-0.079608	-0.215784	0.007738	2
-0.086530	-0.234548	0.014516	3
-0.093453	-0.253311	0.020473	4
-0.100375	-0.272075	0.025195	5
-0.107297	-0.290839	0.028570	6
-0.114220	-0.309603	0.030529	7
-0.121142	-0.328367	0.030984	8
-0.128065	-0.347130	0.029868	9
-0.134987	-0.365894	0.027202	10
-0.141909	-0.384658	0.023211	11
-0.148832	-0.403422	0.018458	12
-0.155754	-0.422186	0.014052	13
-0.162677	-0.440949	0.011927	14
-0.169599	-0.459713	0.015247	15
-0.176521	-0.478477	0.029028	16
-0.183444	-0.497241	0.061087	17
-0.190366	-0.516005	0.123583	18
-0.197289	-0.534768	0.235785	19
-0.204211	-0.553532	0.428718	20
-0.211134	-0.572296	0.750770	21
-0.218056	-0.591060	1.273749	22
-0.224978	-0.609824	2.087013	23
-0.231901	-0.628587	3.215290	24
-0.238823	-0.647351	4.300137	25
-0.245746	-0.666115	4.998371	26
-0.252668	-0.684879	5.337487	27
-0.259590	-0.703643	5.436573	28
-0.266513	-0.722406	5.404141	29
-0.273435	-0.741170	5.316753	30
-0.280358	-0.759934	5.222601	31
-0.287280	-0.778698	5.149783	32
-0.294202	-0.797462	5.113454	33
-0.301125	-0.816225	5.120819	34
-0.308047	-0.834989	5.174244	35
-0.314970	-0.853753	5.273040	36
-0.321892	-0.872517	5.414340	37
-0.328814	-0.891281	5.593406	38
-0.335737	-0.910044	5.803596	39
-0.342659	-0.928808	6.036138	40
55
-0.057003	-0.202115	0.000485	1
-0.062432	-0.221364	0.003940	2
-0.067861	-0.240614	0.009386	3
-0.073290	-0.259863	0.015774	4
-0.078719	-0.279112	0.022620	5
-0.084148	-0.298361	0.029591	6
-0.089577	-0.317610	0.036306	7
-0.095005	-0.336859	0.042309	8
-0.100434	-0.356108	0.047086	9
-0.105863	-0.375357	0.050108	10
-0.111292	-0.394606	0.050892	11
-0.116721	-0.413855	0.049109	12
-0.122150	-0.433104	0.044761	13
-0.127579	-0.452353	0.038469	14
-0.133008	-0.471603	0.031951	15
-0.138436	-0.490852	0.028779	16
-0.143865	-0.510101	0.035577	17
-0.149294	-0.529350	0.063964	18
-0.154723	-0.548599	0.133804	19
-0.160152	-0.567848	0.279347	20
-0.165581	-0.587097	0.561742	21
-0.171010	-0.606346	1.094612	22
-0.176439	-0.625595	2.124438	23
-0.181868	-0.644844	4.295851	24
-0.187296	-0.664093	6.079225	25
-0.192725	-0.683342	6.471916	26
-0.198154	-0.702592	6.335437	27
-0.203583	-0.721841	6.032756	28
-0.209012	-0.741090	5.709365	29
-0.214441	-0.760339	5.423497	30
-0.219870	-0.779588	5.195725	31
-0.225299	-0.798837	5.029913	32
-0.230727	-0.818086	4.922602	33
-0.236156	-0.837335	4.867106	34
-0.241585	-0.856584	4.855074	35
-0.247014	-0.875833	4.876810	36
-0.252443	-0.895082	4.920972	37
-0.257872	-0.914332	4.973974	38
-0.263301	-0.933581	5.019338	39
-0.268730	-0.952830	5.037225	40
56
-0.040970	-0.205965	0.000045	1
-0.044872	-0.225580	0.001123	2
-0.048774	-0.245196	0.004877	3
-0.052675	-0.264812	0.012172	4
-0.056577	-0.284428	0.023081	5
-0.060479	-0.304043	0.037149	6
-0.064381	-0.323659	0.053709	7
-0.068283	-0.343275	0.072019	8
-0.072185	-0.362890	0.091273	9
-0.076087	-0.382506	0.110564	10
-0.079989	-0.402122	0.128832	11
-0.083890	-0.421737	0.144809	12
-0.087792	-0.441353	0.156998	13
-0.091694	-0.460969	0.163696	14
-0.095596	-0.480584	0.163148	15
-0.099498	-0.500200	0.153931	16
-0.103400	-0.519816	0.135816	17
-0.107302	-0.539431	0.111515	18
-0.111204	-0.559047	0.090157	19
-0.115105	-0.578663	0.094611	20
-0.119007	-0.598279	0.179740	21
-0.122909	-0.617894	0.488713	22
-0.126811	-0.637510	1.456850	23
-0.130713	-0.657126	6.718845	24
-0.134615	-0.676741	8.089819	25
-0.138517	-0.696357	6.748385	26
-0.142419	-0.715973	6.064285	27
-0.146321	-0.735588	5.571997	28
-0.150222	-0.755204	5.199709	29
-0.154124	-0.774820	4.924142	30
-0.158026	-0.794435	4.727847	31
-0.161928	-0.814051	4.595143	32
-0.165830	-0.833667	4.511852	33
-0.169732	-0.853283	4.464716	34
-0.173634	-0.872898	4.440506	35
-0.177536	-0.892514	4.424942	36
-0.181437	-0.912130	4.401568	37
-0.185339	-0.931745	4.350707	38
-0.189241	-0.951361	4.248739	39
-0.193143	-0.970977	4.068171	40
57
-0.081103	-0.685217	16.311191	25
-0.083454	-0.705078	9.794792	26
-0.085805	-0.724940	6.943631	27
-0.088156	-0.744801	5.593890	28
-0.090507	-0.764662	4.902388	29
-0.092858	-0.784524	4.527541	30
-0.095208	-0.804385	4.319528	31
-0.097559	-0.824246	4.205372	32
-0.099910	-0.844108	4.144666	33
-0.102261	-0.863969	4.110864	34
-0.104612	-0.883831	4.083103	35
-0.106963	-0.903692	4.041867	36
-0.109313	-0.923553	3.966413	37
-0.111664	-0.943415	3.833285	38
-0.114015	-0.963276	3.615985	39
-0.116366	-0.983137	3.286490	40
58
-0.027092	-0.689468	19.946347	25
-0.027877	-0.709453	12.372951	26
-0.028663	-0.729437	8.546728	27
-0.029448	-0.749422	6.530758	28
-0.030233	-0.769406	5.421744	29
-0.031018	-0.789391	4.794122	30
-0.031804	-0.809375	4.433832	31
-0.032589	-0.829360	4.225916	32
-0.033374	-0.849345	4.103635	33
-0.034159	-0.869329	4.022493	34
-0.034945	-0.889314	3.949988	35
-0.035730	-0.909298	3.858974	36
-0.036515	-0.929283	3.723946	37
-0.037301	-0.949267	3.519287	38
-0.038086	-0.969252	3.219460	39
-0.038871	-0.989237	2.801893	40
59
0.027087	-0.689468	14.164838	25
0.027872	-0.709453	9.650268	26
0.028657	-0.729437	7.547763	27
0.029442	-0.749422	6.384612	28
0.030227	-0.769406	5.649662	29
0.031012	-0.789391	5.152555	30
0.031797	-0.809376	4.805816	31
0.032582	-0.829360	4.558847	32
0.033367	-0.849345	4.376123	33
0.034153	-0.869329	4.227054	34
0.034938	-0.889314	4.084805	35
0.035723	-0.909299	3.924519	36
0.036508	-0.929283	3.722368	37
0.037293	-0.949268	3.455535	38
0.038078	-0.969252	3.103577	39
0.038863	-0.989237	2.651896	40
60
0.024682	-0.208544	0.000014	1
0.027033	-0.228406	0.000710	2
0.029383	-0.248267	0.003470	3
0.031734	-0.268129	0.009290	4
0.034085	-0.287990	0.018679	5
0.036435	-0.307851	0.031824	6
0.038786	-0.327713	0.048793	7
0.041137	-0.347574	0.069610	8
0.043487	-0.367436	0.094253	9
0.045838	-0.387297	0.122617	10
0.048189	-0.407158	0.154459	11
0.050539	-0.427020	0.189326	12
0.052890	-0.446881	0.226457	13
0.055241	-0.466742	0.264626	14
0.057591	-0.486604	0.301881	15
0.059942	-0.506465	0.335125	16
0.062293	-0.526327	0.359447	17
0.064643	-0.546188	0.367307	18
0.066994	-0.566049	0.348430	19
0.069345	-0.585911	0.294432	20
0.071695	-0.605772	0.223859	21
0.074046	-0.625633	0.284396	22
0.076397	-0.645495	1.131778	23
0.078747	-0.665356	5.769800	24
0.081098	-0.685218	7.695471	25
0.083449	-0.705079	7.194279	26
0.085799	-0.724940	6.829067	27
0.088150	-0.744802	6.435776	28
0.090501	-0.764663	6.046549	29
0.092851	-0.784524	5.690965	30
0.095202	-0.804386	5.379699	31
0.097553	-0.824247	5.110635	32
0.099903	-0.844109	4.874356	33
0.102254	-0.863970	4.656825	34
0.104605	-0.883831	4.441645	35
0.106955	-0.903693	4.211444	36
0.109306	-0.923554	3.948982	37
0.111657	-0.943415	3.638504	38
0.114007	-0.963277	3.267734	39
0.116358	-0.983138	2.830887	40
61
0.040968	-0.205965	0.000336	1
0.044870	-0.225581	0.002749	2
0.048772	-0.245197	0.006974	3
0.052673	-0.264812	0.012707	4
0.056575	-0.284428	0.019894	5
0.060477	-0.304044	0.028478	6
0.064378	-0.323659	0.038282	7
0.068280	-0.343275	0.048970	8
0.072182	-0.362891	0.060036	9
0.076084	-0.382507	0.070783	10
0.079985	-0.402122	0.080318	11
0.083887	-0.421738	0.087553	12
0.087789	-0.441354	0.091268	13
0.091691	-0.460969	0.090272	14
0.095592	-0.480585	0.083785	15
0.099494	-0.500201	0.072242	16
0.103396	-0.519817	0.058860	17
0.107297	-0.539432	0.052503	18
0.111199	-0.559048	0.072509	19
0.115101	-0.578664	0.155825	20
0.119003	-0.598280	0.366369	21
0.122904	-0.617895	0.807091	22
0.126806	-0.637511	1.655327	23
0.130708	-0.657127	3.436193	24
0.134610	-0.676742	5.193807	25
0.138511	-0.696358	5.989384	26
0.142413	-0.715974	6.291547	27
0.146315	-0.735590	6.330815	28
0.150216	-0.755205	6.227027	29
0.154118	-0.774821	6.048829	30
0.158020	-0.794437	5.835457	31
0.161922	-0.814052	5.607509	32
0.165823	-0.833668	5.373507	33
0.169725	-0.853284	5.134151	34
0.173627	-0.872900	4.885400	35
0.177528	-0.892515	4.620831	36
0.181430	-0.912131	4.333679	37
0.185332	-0.931747	4.018884	38
0.189234	-0.951363	3.675362	39
0.193135	-0.970978	3.308648	40
62
0.057002	-0.202116	0.001017	1
0.062430	-0.221365	0.005087	2
0.067859	-0.240614	0.010028	3
0.073288	-0.259863	0.015190	4
0.078717	-0.279112	0.020364	5
0.084145	-0.298361	0.025388	6
0.089574	-0.317611	0.030013	7
0.095003	-0.336860	0.033871	8
0.100431	-0.356109	0.036494	9
0.105860	-0.375358	0.037365	10
0.111289	-0.394607	0.036017	11
0.116718	-0.413856	0.032176	12
0.122146	-0.433105	0.026010	13
0.127575	-0.452354	0.018497	14
0.133004	-0.471604	0.011963	15
0.138433	-0.490853	0.010851	16
0.143861	-0.510102	0.022709	17
0.149290	-0.529351	0.059443	18
0.154719	-0.548600	0.138795	19
0.160147	-0.567849	0.286962	20
0.165576	-0.587098	0.543417	21
0.171005	-0.606348	0.967108	22
0.176434	-0.625597	1.647824	23
0.181862	-0.644846	2.658780	24
0.187291	-0.664095	3.760349	25
0.192720	-0.683344	4.647467	26
0.198149	-0.702593	5.266131	27
0.203577	-0.721842	5.650608	28
0.209006	-0.741091	5.853309	29
0.214435	-0.760341	5.922190	30
0.219863	-0.779590	5.895104	31
0.225292	-0.798839	5.799677	32
0.230721	-0.818088	5.654911	33
0.236150	-0.837337	5.473259	34
0.241578	-0.856586	5.262759	35
0.247007	-0.875835	5.029151	36
0.252436	-0.895084	4.778008	37
0.257865	-0.914334	4.516986	38
0.263293	-0.933583	4.258325	39
0.268722	-0.952832	4.021799	40
63
0.072684	-0.197020	0.001706	1
0.079606	-0.215784	0.006715	2
0.086528	-0.234548	0.011670	3
0.093451	-0.253312	0.016046	4
0.100373	-0.272076	0.019767	5
0.107295	-0.290840	0.022713	6
0.114217	-0.309604	0.024669	7
0.121140	-0.328367	0.025353	8
0.128062	-0.347131	0.024482	9
0.134984	-0.365895	0.021860	10
0.141906	-0.384659	0.017511	11
0.148829	-0.403423	0.011856	12
0.155751	-0.422187	0.005940	13
0.162673	-0.440951	0.001730	14
0.169595	-0.459714	0.002480	15
0.176518	-0.478478	0.013187	16
0.183440	-0.497242	0.041195	17
0.190362	-0.516006	0.096940	18
0.197284	-0.534770	0.195388	19
0.204207	-0.553534	0.357949	20
0.211129	-0.572298	0.613508	21
0.218051	-0.591061	0.997097	22
0.224973	-0.609825	1.541398	23
0.231896	-0.628589	2.243279	24
0.238818	-0.647353	3.021351	25
0.245740	-0.666117	3.763982	26
0.252663	-0.684881	4.400784	27
0.259585	-0.703645	4.903768	28
0.266507	-0.722408	5.271885	29
0.273429	-0.741172	5.517483	30
0.280352	-0.759936	5.657880	31
0.287274	-0.778700	5.710970	32
0.294196	-0.797464	5.693355	33
0.301118	-0.816228	5.619972	34
0.308041	-0.834992	5.504600	35
0.314963	-0.853755	5.360942	36
0.321885	-0.872519	5.204128	37
0.328807	-0.891283	5.052648	38
0.335730	-0.910047	4.930830	39
0.342652	-0.928811	4.872218	40
64
0.087918	-0.190710	0.002146	1
0.096291	-0.208873	0.006965	2
0.104664	-0.227036	0.011463	3
0.113037	-0.245199	0.015286	4
0.121410	-0.263362	0.018471	5
0.129783	-0.281525	0.020917	6
0.138156	-0.299688	0.022396	7
0.146530	-0.317851	0.022629	8
0.154903	-0.336014	0.021367	9
0.163276	-0.354177	0.018502	10
0.171649	-0.372339	0.014198	11
0.180022	-0.390502	0.009074	12
0.188395	-0.408665	0.004413	13
0.196768	-0.426828	0.002444	14
0.205141	-0.444991	0.006675	15
0.213514	-0.463154	0.022320	16
0.221888	-0.481317	0.056811	17
0.230261	-0.499480	0.120471	18
0.238634	-0.517643	0.227204	19
0.247007	-0.535806	0.394573	20
0.255380	-0.553968	0.641603	21
0.263753	-0.572131	0.986730	22
0.272126	-0.590294	1.439154	23
0.280499	-0.608457	1.987497	24
0.288872	-0.626620	2.594285	25
0.297246	-0.644783	3.208594	26
0.305619	-0.662946	3.785445	27
0.313992	-0.681109	4.294232	28
0.322365	-0.699272	4.718826	29
0.330738	-0.717435	5.054302	30
0.339111	-0.735597	5.303295	31
0.347484	-0.753760	5.473176	32
0.355857	-0.771923	5.574264	33
0.364231	-0.790086	5.618965	34
0.372604	-0.808249	5.621636	35
0.380977	-0.826412	5.599045	36
0.389350	-0.844575	5.571344	37
0.397723	-0.862738	5.563598	38
0.406096	-0.880901	5.608046	39
0.414469	-0.899064	5.747485	40
65
0.102610	-0.183225	0.002314	1
0.112382	-0.200675	0.005998	2
0.122154	-0.218125	0.009825	3
0.131927	-0.235575	0.013520	4
0.141699	-0.253024	0.017043	5
0.151471	-0.270474	0.020178	6
0.161244	-0.287924	0.022559	7
0.171016	-0.305374	0.023757	8
0.180788	-0.322824	0.023373	9
0.190561	-0.340274	0.021166	10
0.200333	-0.357724	0.017214	11
0.210105	-0.375174	0.012128	12
0.219878	-0.392624	0.007318	13
0.229650	-0.410074	0.005308	14
0.239423	-0.427524	0.010096	15
0.249195	-0.444974	0.027517	16
0.258967	-0.462424	0.065544	17
0.268740	-0.479874	0.134516	18
0.278512	-0.497324	0.246897	19
0.288284	-0.514774	0.415956	20
0.298057	-0.532224	0.653889	21
0.307829	-0.549674	0.969407	22
0.317601	-0.567124	1.363197	23
0.327374	-0.584574	1.824624	24
0.337146	-0.602024	2.331743	25
0.346918	-0.619474	2.856057	26
0.356691	-0.636924	3.369343	27
0.366463	-0.654374	3.848455	28
0.376235	-0.671824	4.277295	29
0.386008	-0.689274	4.646781	30
0.395780	-0.706724	4.953905	31
0.405552	-0.724173	5.200614	32
0.415325	-0.741623	5.392942	33
0.425097	-0.759073	5.540518	34
0.434869	-0.776523	5.656484	35
0.444642	-0.793973	5.757829	36
0.454414	-0.811423	5.866140	37
0.464187	-0.828873	6.008855	38
0.473959	-0.846323	6.221176	39
0.483731	-0.863773	6.548956	40
66
0.116669	-0.174609	0.002316	1
0.127780	-0.191239	0.004598	2
0.138892	-0.207868	0.007831	3
0.150003	-0.224497	0.011745	4
0.161114	-0.241127	0.016095	5
0.172226	-0.257756	0.020445	6
0.183337	-0.274386	0.024210	7
0.194448	-0.291015	0.026730	8
0.205560	-0.307645	0.027377	9
0.216671	-0.324274	0.025710	10
0.227782	-0.340904	0.021688	11
0.238894	-0.357533	0.015938	12
0.250005	-0.374162	0.010079	13
0.261116	-0.390792	0.007071	14
0.272228	-0.407421	0.011537	15
0.283339	-0.424051	0.029986	16
0.294450	-0.440680	0.070841	17
0.305562	-0.457310	0.144177	18
0.316673	-0.473939	0.260848	19
0.327784	-0.490569	0.430935	20
0.338896	-0.507198	0.662332	21
0.350007	-0.523827	0.958579	22
0.361118	-0.540457	1.316973	23
0.372230	-0.557086	1.727840	24
0.383341	-0.573716	2.175456	25
0.394452	-0.590345	2.640661	26
0.405564	-0.606975	3.104152	27
0.416675	-0.623604	3.549181	28
0.427786	-0.640234	3.963118	29
0.438898	-0.656863	4.338009	30
0.450009	-0.673492	4.670466	31
0.461120	-0.690122	4.961303	32
0.472232	-0.706751	5.215190	33
0.483343	-0.723381	5.440485	34
0.494454	-0.740010	5.649309	35
0.505566	-0.756640	5.857910	36
0.516677	-0.773269	6.087330	37
0.527788	-0.789898	6.364443	38
0.538900	-0.806528	6.723462	39
0.550011	-0.823157	7.208045	40
67
0.130009	-0.164917	0.002281	1
0.142391	-0.180624	0.003657	2
0.154773	-0.196330	0.006626	3
0.167154	-0.212036	0.010908	4
0.179536	-0.227743	0.016077	5
0.191918	-0.243449	0.021510	6
0.204300	-0.259156	0.026433	7
0.216682	-0.274862	0.029989	8
0.229063	-0.290568	0.031363	9
0.241445	-0.306275	0.029961	10
0.253827	-0.321981	0.025665	11
0.266209	-0.337687	0.019150	12
0.278591	-0.353394	0.012249	13
0.290972	-0.369100	0.008307	14
0.303354	-0.384807	0.012459	15
0.315736	-0.400513	0.031717	16
0.328118	-0.416219	0.074800	17
0.340500	-0.431926	0.151543	18
0.352882	-0.447632	0.271778	19
0.365263	-0.463339	0.443894	20
0.377645	-0.479045	0.673265	21
0.390027	-0.494751	0.960782	22
0.402409	-0.510458	1.301992	23
0.414791	-0.526164	1.687205	24
0.427172	-0.541871	2.102720	25
0.439554	-0.557577	2.532964	26
0.451936	-0.573283	2.962841	27
0.464318	-0.588990	3.379598	28
0.476700	-0.604696	3.773951	29
0.489081	-0.620403	4.140549	30
0.501463	-0.636109	4.477923	31
0.513845	-0.651815	4.788167	32
0.526227	-0.667522	5.076669	33
0.538609	-0.683228	5.352003	34
0.550990	-0.698935	5.626031	35
0.563372	-0.714641	5.914248	36
0.575754	-0.730347	6.236369	37
0.588136	-0.746054	6.617161	38
0.600518	-0.761760	7.087532	39
0.612899	-0.777467	7.685859	40
68
0.142547	-0.154208	0.002287	1
0.156123	-0.168895	0.003724	2
0.169699	-0.183581	0.006874	3
0.183275	-0.198268	0.011467	4
0.196851	-0.212954	0.017058	5
0.210427	-0.227641	0.022984	6
0.224003	-0.242327	0.028415	7
0.237579	-0.257014	0.032427	8
0.251155	-0.271700	0.034131	9
0.264731	-0.286387	0.032868	10
0.278307	-0.301074	0.028481	11
0.291883	-0.315760	0.021657	12
0.305459	-0.330447	0.014311	13
0.319035	-0.345133	0.009952	14
0.332611	-0.359820	0.013965	15
0.346187	-0.374506	0.033663	16
0.359763	-0.389193	0.078052	17
0.373339	-0.403879	0.157141	18
0.386914	-0.418566	0.280746	19
0.400490	-0.433252	0.456916	20
0.414066	-0.447939	0.690211	21
0.427642	-0.462625	0.980291	22
0.441218	-0.477312	1.321327	23
0.454794	-0.491998	1.702372	24
0.468370	-0.506685	2.108843	25
0.481946	-0.521371	2.525090	26
0.495522	-0.536058	2.936989	27
0.509098	-0.550744	3.333684	28
0.522674	-0.565431	3.708392	29
0.536250	-0.580117	4.058660	30
0.549826	-0.594804	4.385998	31
0.563402	-0.609490	4.695078	32
0.576978	-0.624177	4.993289	33
0.590554	-0.638863	5.290474	34
0.604130	-0.653550	5.598933	35
0.617706	-0.668236	5.933694	36
0.631282	-0.682923	6.312996	37
0.644857	-0.697609	6.758935	38
0.658433	-0.712296	7.298209	39
0.672009	-0.726982	7.962850	40
69
0.154207	-0.142549	0.002331	1
0.168893	-0.156125	0.004767	2
0.183580	-0.169701	0.008457	3
0.198266	-0.183277	0.013168	4
0.212953	-0.196853	0.018615	5
0.227639	-0.210429	0.024274	6
0.242325	-0.224005	0.029426	7
0.257012	-0.237581	0.033237	8
0.271698	-0.251158	0.034889	9
0.286385	-0.264734	0.033760	10
0.301071	-0.278310	0.029683	11
0.315757	-0.291886	0.023282	12
0.330444	-0.305462	0.016356	13
0.345130	-0.319038	0.012284	14
0.359816	-0.332614	0.016364	15
0.374503	-0.346190	0.035982	16
0.389189	-0.359766	0.080490	17
0.403876	-0.373342	0.160632	18
0.418562	-0.386918	0.287383	19
0.433248	-0.400494	0.470175	20
0.447935	-0.414071	0.714564	21
0.462621	-0.427647	1.020283	22
0.477308	-0.441223	1.380256	23
0.491994	-0.454799	1.780518	24
0.506680	-0.468375	2.202245	25
0.521367	-0.481951	2.625842	26
0.536053	-0.495527	3.034962	27
0.550740	-0.509103	3.418860	28
0.565426	-0.522679	3.772938	29
0.580112	-0.536255	4.098246	30
0.594799	-0.549831	4.400260	31
0.609485	-0.563407	4.687366	32
0.624171	-0.576984	4.969945	33
0.638858	-0.590560	5.259840	34
0.653544	-0.604136	5.570242	35
0.668231	-0.617712	5.915909	36
0.682917	-0.631288	6.313589	37
0.697603	-0.644864	6.782551	38
0.712290	-0.658440	7.345090	39
0.726976	-0.672016	8.026848	40
70
0.164916	-0.130011	0.002331	1
0.180622	-0.142392	0.006182	2
0.196328	-0.154774	0.010516	3
0.212035	-0.167156	0.015123	4
0.227741	-0.179538	0.019953	5
0.243447	-0.191920	0.024713	6
0.259154	-0.204302	0.028909	7
0.274860	-0.216684	0.031930	8
0.290566	-0.229066	0.033152	9
0.306272	-0.241448	0.032099	10
0.321979	-0.253830	0.028648	11
0.337685	-0.266212	0.023324	12
0.353391	-0.278594	0.017660	13
0.369098	-0.290976	0.014629	14
0.384804	-0.303358	0.019088	15
0.400510	-0.315740	0.038168	16
0.416216	-0.328122	0.081473	17
0.431923	-0.340504	0.160919	18
0.447629	-0.352886	0.289884	19
0.463335	-0.365268	0.481389	20
0.479042	-0.377650	0.744678	21
0.494748	-0.390032	1.082179	22
0.510454	-0.402413	1.486183	23
0.526160	-0.414795	1.936892	24
0.541867	-0.427177	2.405331	25
0.557573	-0.439559	2.861453	26
0.573279	-0.451941	3.282477	27
0.588985	-0.464323	3.656718	28
0.604692	-0.476705	3.983094	29
0.620398	-0.489087	4.268430	30
0.636104	-0.501469	4.524315	31
0.651811	-0.513851	4.764524	32
0.667517	-0.526233	5.003430	33
0.683223	-0.538615	5.255298	34
0.698929	-0.550997	5.534216	35
0.714636	-0.563379	5.854418	36
0.730342	-0.575761	6.230800	37
0.746048	-0.588143	6.679449	38
0.761755	-0.600525	7.218041	39
0.777461	-0.612907	7.865925	40
71
0.174608	-0.116671	0.002157	1
0.191237	-0.127782	0.007056	2
0.207867	-0.138894	0.011830	3
0.224496	-0.150005	0.016202	4
0.241125	-0.161117	0.020249	5
0.257755	-0.172228	0.023866	6
0.274384	-0.183339	0.026790	7
0.291013	-0.194451	0.028664	8
0.307643	-0.205562	0.029122	9
0.324272	-0.216674	0.027900	10
0.340901	-0.227785	0.024996	11
0.357531	-0.238897	0.020887	12
0.374160	-0.250008	0.016834	13
0.390789	-0.261120	0.015287	14
0.407419	-0.272231	0.020398	15
0.424048	-0.283343	0.038637	16
0.440677	-0.294454	0.079440	17
0.457307	-0.305566	0.155792	18
0.473936	-0.316677	0.284321	19
0.490565	-0.327789	0.484178	20
0.507195	-0.338900	0.773085	21
0.523824	-0.350012	1.161907	22
0.540454	-0.361123	1.646397	23
0.557083	-0.372235	2.197154	24
0.573712	-0.383346	2.760961	25
0.590342	-0.394458	3.282079	26
0.606971	-0.405569	3.725414	27
0.623600	-0.416681	4.080973	28
0.640230	-0.427792	4.357507	29
0.656859	-0.438904	4.573856	30
0.673488	-0.450015	4.752172	31
0.690118	-0.461127	4.913896	32
0.706747	-0.472238	5.078017	33
0.723376	-0.483350	5.260788	34
0.740006	-0.494461	5.476196	35
0.756635	-0.505573	5.736741	36
0.773264	-0.516684	6.054241	37
0.789894	-0.527796	6.440496	38
0.806523	-0.538907	6.907690	39
0.823152	-0.550018	7.468422	40
72
0.183224	-0.102611	0.001701	1
0.200674	-0.112384	0.006641	2
0.218123	-0.122156	0.011439	3
0.235573	-0.131929	0.015611	4
0.253023	-0.141701	0.019138	5
0.270473	-0.151474	0.021961	6
0.287923	-0.161246	0.023940	7
0.305373	-0.171019	0.024882	8
0.322823	-0.180791	0.024599	9
0.340273	-0.190564	0.022992	10
0.357722	-0.200336	0.020172	11
0.375172	-0.210109	0.016620	12
0.392622	-0.219881	0.013426	13
0.410072	-0.229654	0.012623	14
0.427522	-0.239426	0.017675	15
0.444972	-0.249199	0.034171	16
0.462422	-0.258972	0.070813	17
0.479871	-0.268744	0.140780	18
0.497321	-0.278517	0.263432	19
0.514771	-0.288289	0.465653	20
0.532221	-0.298062	0.779992	21
0.549671	-0.307834	1.239320	22
0.567121	-0.317607	1.859537	23
0.584571	-0.327379	2.603577	24
0.602021	-0.337152	3.350719	25
0.619470	-0.346924	3.974594	26
0.636920	-0.356697	4.427115	27
0.654370	-0.366469	4.720083	28
0.671820	-0.376242	4.892355	29
0.689270	-0.386014	4.987678	30
0.706720	-0.395787	5.044319	31
0.724170	-0.405559	5.092033	32
0.741620	-0.415332	5.152548	33
0.759069	-0.425104	5.241285	34
0.776519	-0.434877	5.369212	35
0.793969	-0.444649	5.544420	36
0.811419	-0.454422	5.773277	37
0.828869	-0.464194	6.061179	38
0.846319	-0.473967	6.412905	39
0.863769	-0.483739	6.832593	40
73
0.190710	-0.087919	0.000999	1
0.208872	-0.096293	0.004871	2
0.227035	-0.104666	0.009247	3
0.245198	-0.113039	0.013396	4
0.263361	-0.121413	0.017092	5
0.281524	-0.129786	0.020203	6
0.299687	-0.138159	0.022566	7
0.317849	-0.146532	0.023970	8
0.336012	-0.154906	0.024188	9
0.354175	-0.163279	0.023045	10
0.372338	-0.171652	0.020523	11
0.390501	-0.180026	0.016906	12
0.408663	-0.188399	0.012994	13
0.426826	-0.196772	0.010408	14
0.444989	-0.205145	0.012046	15
0.463152	-0.213519	0.022762	16
0.481315	-0.221892	0.050429	17
0.499478	-0.230265	0.107610	18
0.517640	-0.238639	0.214457	19
0.535803	-0.247012	0.403496	20
0.553966	-0.255385	0.725327	21
0.572129	-0.263758	1.254416	22
0.590292	-0.272132	2.082306	23
0.608455	-0.280505	3.233842	24
0.626617	-0.288878	4.345204	25
0.644780	-0.297252	5.063888	26
0.662943	-0.305625	5.414474	27
0.681106	-0.313998	5.516773	28
0.699269	-0.322371	5.481168	29
0.717431	-0.330745	5.386036	30
0.735594	-0.339118	5.280967	31
0.753757	-0.347491	5.195031	32
0.771920	-0.355865	5.144079	33
0.790083	-0.364238	5.135886	34
0.808246	-0.372611	5.173424	35
0.826408	-0.380984	5.256766	36
0.844571	-0.389358	5.384066	37
0.862734	-0.397731	5.551929	38
0.880897	-0.406104	5.755378	39
0.899060	-0.414478	5.987572	40
74
0.197020	-0.072686	0.000323	1
0.215784	-0.079608	0.002554	2
0.234547	-0.086530	0.006119	3
0.253311	-0.093453	0.010473	4
0.272075	-0.100375	0.015391	5
0.290839	-0.107298	0.020698	6
0.309603	-0.114220	0.026139	7
0.328366	-0.121143	0.031356	8
0.347130	-0.128065	0.035892	9
0.365894	-0.134987	0.039226	10
0.384658	-0.141910	0.040825	11
0.403422	-0.148832	0.040242	12
0.422185	-0.155755	0.037291	13
0.440949	-0.162677	0.032341	14
0.459713	-0.169600	0.026793	15
0.478477	-0.176522	0.023861	16
0.497240	-0.183445	0.029812	17
0.516004	-0.190367	0.055995	18
0.534768	-0.197289	0.122247	19
0.553532	-0.204212	0.263258	20
0.572296	-0.211134	0.541437	21
0.591059	-0.218057	1.073025	22
0.609823	-0.224979	2.108629	23
0.628587	-0.231902	4.298505	24
0.647351	-0.238824	6.111106	25
0.666115	-0.245746	6.522063	26
0.684878	-0.252669	6.392949	27
0.703642	-0.259591	6.090288	28
0.722406	-0.266514	5.762517	29
0.741170	-0.273436	5.469725	30
0.759934	-0.280359	5.233547	31
0.778697	-0.287281	5.058454	32
0.797461	-0.294203	4.941375	33
0.816225	-0.301126	4.875963	34
0.834989	-0.308048	4.854271	35
0.853753	-0.314971	4.867150	36
0.872516	-0.321893	4.903985	37
0.891280	-0.328816	4.952108	38
0.910044	-0.335738	4.996100	39
0.928808	-0.342661	5.017207	40
75
0.202115	-0.057004	0.000030	1
0.221364	-0.062432	0.000744	2
0.240613	-0.067861	0.003235	3
0.259863	-0.073290	0.008178	4
0.279112	-0.078719	0.015811	5
0.298361	-0.084148	0.026060	6
0.317610	-0.089577	0.038694	7
0.336859	-0.095006	0.053366	8
0.356108	-0.100435	0.069602	9
0.375357	-0.105864	0.086749	10
0.394606	-0.111293	0.103921	11
0.413855	-0.116721	0.119945	12
0.433104	-0.122150	0.133336	13
0.452353	-0.127579	0.142315	14
0.471602	-0.133008	0.144948	15
0.490851	-0.138437	0.139527	16
0.510101	-0.143866	0.125408	17
0.529350	-0.149295	0.104752	18
0.548599	-0.154724	0.086001	19
0.567848	-0.160153	0.091242	20
0.587097	-0.165582	0.174568	21
0.606346	-0.171011	0.478607	22
0.625595	-0.176439	1.438683	23
0.644844	-0.181868	6.705140	24
0.664093	-0.187297	8.116916	25
0.683342	-0.192726	6.789237	26
0.702591	-0.198155	6.106693	27
0.721840	-0.203584	5.611583	28
0.741089	-0.209013	5.234648	29
0.760339	-0.214442	4.953611	30
0.779588	-0.219871	4.751445	31
0.798837	-0.225300	4.612670	32
0.818086	-0.230729	4.523264	33
0.837335	-0.236157	4.470167	34
0.856584	-0.241586	4.440435	35
0.875833	-0.247015	4.420191	36
0.895082	-0.252444	4.393497	37
0.914331	-0.257873	4.341277	38
0.933580	-0.263302	4.240524	39
0.952829	-0.268731	4.064227	40
76
0.676741	-0.134616	16.309686	25
0.696357	-0.138518	9.807013	26
0.715973	-0.142420	6.961720	27
0.735588	-0.146322	5.612941	28
0.755204	-0.150223	4.920032	29
0.774820	-0.154125	4.542711	30
0.794435	-0.158027	4.331746	31
0.814051	-0.161929	4.214419	32
0.833667	-0.165831	4.150491	33
0.853282	-0.169733	4.113619	34
0.872898	-0.173635	4.083187	35
0.892514	-0.177537	4.039984	36
0.912129	-0.181439	3.963617	37
0.931745	-0.185341	3.830984	38
0.951361	-0.189243	3.615863	39
0.970976	-0.193144	3.290295	40
77
0.685217	-0.081104	19.964450	25
0.705078	-0.083455	12.378935	26
0.724940	-0.085806	8.549639	27
0.744801	-0.088157	6.533091	28
0.764662	-0.090508	5.424026	29
0.784524	-0.092859	4.796243	30
0.804385	-0.095209	4.435595	31
0.824246	-0.097560	4.227082	32
0.844108	-0.099911	4.104012	33
0.863969	-0.102262	4.022141	34
0.883830	-0.104613	3.949161	35
0.903692	-0.106964	3.858143	36
0.923553	-0.109315	3.723791	37
0.943414	-0.111665	3.520650	38
0.963276	-0.114016	3.223232	39
0.983137	-0.116367	2.808798	40
78
0.689468	-0.027093	14.185119	25
0.709452	-0.027878	9.653508	26
0.729437	-0.028664	7.544271	27
0.749422	-0.029449	6.378687	28
0.769406	-0.030234	5.643181	29
0.789391	-0.031019	5.146317	30
0.809375	-0.031805	4.800219	31
0.829360	-0.032590	4.554022	32
0.849345	-0.033375	4.372075	33
0.869329	-0.034161	4.223922	34
0.889314	-0.034946	4.082799	35
0.909298	-0.035731	3.923930	36
0.929283	-0.036517	3.723548	37
0.949267	-0.037302	3.458847	38
0.969252	-0.038087	3.109298	39
0.989237	-0.038872	2.660058	40
79
0.209838	0.008243	0.000019	1
0.229823	0.009029	0.001057	2
0.249807	0.009814	0.005188	3
0.269792	0.010599	0.013750	4
0.289776	0.011384	0.027148	5
0.309761	0.012169	0.045194	6
0.329746	0.012954	0.067490	7
0.349730	0.013739	0.093608	8
0.369715	0.014524	0.123131	9
0.389699	0.015309	0.155631	10
0.409684	0.016094	0.190613	11
0.429669	0.016879	0.227445	12
0.449653	0.017665	0.265259	13
0.469638	0.018450	0.302791	14
0.489622	0.019235	0.338128	15
0.509607	0.020020	0.368272	16
0.529592	0.020805	0.388485	17
0.549576	0.021590	0.391469	18
0.569561	0.022375	0.367285	19
0.589545	0.023160	0.308026	20
0.609530	0.023945	0.232963	21
0.629514	0.024730	0.291041	22
0.649499	0.025515	1.140624	23
0.669484	0.026301	5.793215	24
0.689468	0.027086	7.707947	25
0.709453	0.027871	7.194903	26
0.729437	0.028656	6.822973	27
0.749422	0.029441	6.426063	28
0.769407	0.030226	6.035316	29
0.789391	0.031011	5.679621	30
0.809376	0.031796	5.369190	31
0.829360	0.032581	5.101578	32
0.849345	0.033366	4.867147	33
0.869329	0.034151	4.651752	34
0.889314	0.034936	4.438924	35
0.909299	0.035722	4.211226	36
0.929283	0.036507	3.951349	37
0.949268	0.037292	3.643443	38
0.969252	0.038077	3.275087	39
0.989237	0.038862	2.840285	40
80
