time = 25	Re = 1	40	80
0
0.208544	0.024683	0.000441	1
0.228406	0.027034	0.000380	2
0.248267	0.029384	0.001366	3
0.268128	0.031735	0.003728	4
0.287990	0.034086	0.007857	5
0.307851	0.036437	0.014191	6
0.327713	0.038787	0.023206	7
0.347574	0.041138	0.035410	8
0.367435	0.043489	0.051337	9
0.387297	0.045840	0.071538	10
0.407158	0.048190	0.096572	11
0.427019	0.050541	0.127000	12
0.446881	0.052892	0.163377	13
0.466742	0.055243	0.206245	14
0.486604	0.057593	0.256127	15
0.506465	0.059944	0.313525	16
0.526326	0.062295	0.378919	17
0.546188	0.064646	0.452770	18
0.566049	0.066996	0.535528	19
0.585910	0.069347	0.627639	20
0.605772	0.071698	0.729564	21
0.625633	0.074049	0.841796	22
0.645494	0.076399	0.964879	23
0.665356	0.078750	1.099435	24
0.685217	0.081101	1.246183	25
0.705079	0.083452	1.405964	26
0.724940	0.085802	1.579759	27
0.744801	0.088153	1.768711	28
0.764663	0.090504	1.974133	29
0.784524	0.092855	2.197523	30
0.804385	0.095206	2.440569	31
0.824247	0.097556	2.705148	32
0.844108	0.099907	2.993321	33
0.863970	0.102258	3.307328	34
0.883831	0.104609	3.649571	35
0.903692	0.106959	4.022596	36
0.923554	0.109310	4.429067	37
0.943415	0.111661	4.871741	38
0.963276	0.114012	5.353431	39
0.983138	0.116362	5.876972	40
1
0.205965	0.040969	0.000556	1
0.225581	0.044871	0.000533	2
0.245196	0.048772	0.001553	3
0.264812	0.052674	0.003931	4
0.284428	0.056576	0.008083	5
0.304043	0.060478	0.014485	6
0.323659	0.064380	0.023666	7
0.343275	0.068281	0.036192	8
0.362891	0.072183	0.052654	9
0.382506	0.076085	0.073664	10
0.402122	0.079987	0.099836	11
0.421738	0.083889	0.131778	12
0.441353	0.087790	0.170077	13
0.460969	0.091692	0.215291	14
0.480585	0.095594	0.267934	15
0.500201	0.099496	0.328471	16
0.519816	0.103398	0.397317	17
0.539432	0.107299	0.474834	18
0.559048	0.111201	0.561339	19
0.578663	0.115103	0.657123	20
0.598279	0.119005	0.762466	21
0.617895	0.122907	0.877664	22
0.637511	0.126808	1.003062	23
0.657126	0.130710	1.139085	24
0.676742	0.134612	1.286272	25
0.696358	0.138514	1.445313	26
0.715973	0.142416	1.617075	27
0.735589	0.146317	1.802628	28
0.755205	0.150219	2.003270	29
0.774820	0.154121	2.220538	30
0.794436	0.158023	2.456218	31
0.814052	0.161925	2.712345	32
0.833668	0.165826	2.991202	33
0.853283	0.169728	3.295305	34
0.872899	0.173630	3.627387	35
0.892515	0.177532	3.990377	36
0.912130	0.181434	4.387364	37
0.931746	0.185335	4.821564	38
0.951362	0.189237	5.296278	39
0.970978	0.193139	5.814843	40
2
0.202116	0.057002	0.000700	1
0.221365	0.062431	0.000698	2
0.240614	0.067860	0.001720	3
0.259863	0.073289	0.004062	4
0.279112	0.078718	0.008163	5
0.298361	0.084146	0.014545	6
0.317610	0.089575	0.023798	7
0.336859	0.095004	0.036558	8
0.356108	0.100433	0.053498	9
0.375358	0.105862	0.075314	10
0.394607	0.111290	0.102705	11
0.413856	0.116719	0.136356	12
0.433105	0.122148	0.176921	13
0.452354	0.127577	0.224999	14
0.471603	0.133006	0.281119	15
0.490852	0.138434	0.345721	16
0.510101	0.143863	0.419149	17
0.529350	0.149292	0.501649	18
0.548600	0.154721	0.593373	19
0.567849	0.160150	0.694395	20
0.587098	0.165578	0.804743	21
0.606347	0.171007	0.924433	22
0.625596	0.176436	1.053512	23
0.644845	0.181865	1.192114	24
0.664094	0.187294	1.340504	25
0.683343	0.192722	1.499135	26
0.702592	0.198151	1.668692	27
0.721842	0.203580	1.850126	28
0.741091	0.209009	2.044690	29
0.760340	0.214438	2.253959	30
0.779589	0.219866	2.479836	31
0.798838	0.225295	2.724560	32
0.818087	0.230724	2.990695	33
0.837336	0.236153	3.281120	34
0.856585	0.241582	3.599002	35
0.875834	0.247010	3.947770	36
0.895083	0.252439	4.331078	37
0.914333	0.257868	4.752757	38
0.933582	0.263297	5.216767	39
0.952831	0.268726	5.727133	40
3
0.197020	0.072685	0.000868	1
0.215784	0.079607	0.000850	2
0.234548	0.086529	0.001822	3
0.253312	0.093452	0.004055	4
0.272076	0.100374	0.008010	5
0.290839	0.107296	0.014257	6
0.309603	0.114219	0.023448	7
0.328367	0.121141	0.036305	8
0.347131	0.128063	0.053602	9
0.365895	0.134986	0.076149	10
0.384658	0.141908	0.104767	11
0.403422	0.148830	0.140266	12
0.422186	0.155753	0.183412	13
0.440950	0.162675	0.234896	14
0.459714	0.169597	0.295304	15
0.478478	0.176520	0.365083	16
0.497241	0.183442	0.444521	17
0.516005	0.190364	0.533735	18
0.534769	0.197287	0.632671	19
0.553533	0.204209	0.741120	20
0.572297	0.211131	0.858757	21
0.591061	0.218054	0.985191	22
0.609824	0.224976	1.120034	23
0.628588	0.231898	1.262975	24
0.647352	0.238821	1.413863	25
0.666116	0.245743	1.572784	26
0.684880	0.252665	1.740134	27
0.703644	0.259588	1.916672	28
0.722407	0.266510	2.103569	29
0.741171	0.273432	2.302429	30
0.759935	0.280355	2.515306	31
0.778699	0.287277	2.744700	32
0.797463	0.294199	2.993547	33
0.816227	0.301122	3.265198	34
0.834990	0.308044	3.563389	35
0.853754	0.314966	3.892205	36
0.872518	0.321889	4.256042	37
0.891282	0.328811	4.659546	38
0.910046	0.335733	5.107561	39
0.928809	0.342656	5.605046	40
4
0.190710	0.087919	0.001051	1
0.208873	0.096292	0.000958	2
0.227036	0.104665	0.001807	3
0.245199	0.113038	0.003844	4
0.263362	0.121411	0.007544	5
0.281524	0.129785	0.013516	6
0.299687	0.138158	0.022476	7
0.317850	0.146531	0.035238	8
0.336013	0.154904	0.052693	9
0.354176	0.163277	0.075795	10
0.372339	0.171650	0.105534	11
0.390502	0.180024	0.142900	12
0.408664	0.188397	0.188847	13
0.426827	0.196770	0.244235	14
0.444990	0.205143	0.309783	15
0.463153	0.213516	0.386012	16
0.481316	0.221890	0.473201	17
0.499479	0.230263	0.571349	18
0.517642	0.238636	0.680165	19
0.535804	0.247009	0.799075	20
0.553967	0.255382	0.927268	21
0.572130	0.263756	1.063768	22
0.590293	0.272129	1.207533	23
0.608456	0.280502	1.357580	24
0.626619	0.288875	1.513111	25
0.644782	0.297248	1.673642	26
0.662945	0.305622	1.839114	27
0.681107	0.313995	2.009980	28
0.699270	0.322368	2.187272	29
0.717433	0.330741	2.372625	30
0.735596	0.339114	2.568291	31
0.753759	0.347488	2.777127	32
0.771922	0.355861	3.002565	33
0.790085	0.364234	3.248583	34
0.808247	0.372607	3.519662	35
0.826410	0.380980	3.820745	36
0.844573	0.389354	4.157186	37
0.862736	0.397727	4.534701	38
0.880899	0.406100	4.959294	39
0.899062	0.414473	5.437181	40
5
0.183224	0.102610	0.001233	1
0.200674	0.112383	0.000997	2
0.218124	0.122155	0.001643	3
0.235574	0.131928	0.003391	4
0.253024	0.141700	0.006720	5
0.270474	0.151472	0.012266	6
0.287924	0.161245	0.020801	7
0.305374	0.171017	0.033225	8
0.322824	0.180790	0.050554	9
0.340274	0.190562	0.073911	10
0.357724	0.200334	0.104498	11
0.375173	0.210107	0.143562	12
0.392623	0.219879	0.192332	13
0.410073	0.229652	0.251958	14
0.427523	0.239424	0.323419	15
0.444973	0.249196	0.407439	16
0.462423	0.258969	0.504391	17
0.479873	0.268741	0.614224	18
0.497323	0.278514	0.736411	19
0.514773	0.288286	0.869932	20
0.532223	0.298059	1.013323	21
0.549673	0.307831	1.164765	22
0.567123	0.317603	1.322240	23
0.584573	0.327376	1.483724	24
0.602023	0.337148	1.647405	25
0.619472	0.346921	1.811894	26
0.636922	0.356693	1.976414	27
0.654372	0.366465	2.140937	28
0.671822	0.376238	2.306275	29
0.689272	0.386010	2.474112	30
0.706722	0.395783	2.646992	31
0.724172	0.405555	2.828281	32
0.741622	0.415327	3.022106	33
0.759072	0.425100	3.233293	34
0.776522	0.434872	3.467306	35
0.793972	0.444645	3.730192	36
0.811422	0.454417	4.028536	37
0.828872	0.464190	4.369409	38
0.846322	0.473962	4.760315	39
0.863771	0.483734	5.209112	40
6
0.174609	0.116670	0.001396	1
0.191238	0.127781	0.000973	2
0.207867	0.138892	0.001349	3
0.224497	0.150004	0.002723	4
0.241126	0.161115	0.005572	5
0.257756	0.172227	0.010548	6
0.274385	0.183338	0.018458	7
0.291014	0.194449	0.030270	8
0.307644	0.205561	0.047116	9
0.324273	0.216672	0.070296	10
0.340903	0.227784	0.101259	11
0.357532	0.238895	0.141574	12
0.374161	0.250006	0.192865	13
0.390791	0.261118	0.256724	14
0.407420	0.272229	0.334588	15
0.424050	0.283341	0.427599	16
0.440679	0.294452	0.536441	17
0.457308	0.305563	0.661183	18
0.473938	0.316675	0.801149	19
0.490567	0.327786	0.954842	20
0.507197	0.338898	1.119951	21
0.523826	0.350009	1.293464	22
0.540455	0.361120	1.471891	23
0.557085	0.372232	1.651580	24
0.573714	0.383343	1.829094	25
0.590344	0.394454	2.001582	26
0.606973	0.405566	2.167109	27
0.623602	0.416677	2.324892	28
0.640232	0.427789	2.475422	29
0.656861	0.438900	2.620491	30
0.673491	0.450011	2.763125	31
0.690120	0.461123	2.907477	32
0.706749	0.472234	3.058689	33
0.723379	0.483346	3.222771	34
0.740008	0.494457	3.406497	35
0.756638	0.505568	3.617330	36
0.773267	0.516680	3.863383	37
0.789896	0.527791	4.153396	38
0.806526	0.538903	4.496721	39
0.823155	0.550014	4.903290	40
7
0.164917	0.130010	0.001527	1
0.180623	0.142392	0.000943	2
0.196329	0.154773	0.001030	3
0.212036	0.167155	0.001974	4
0.227742	0.179537	0.004257	5
0.243448	0.191919	0.008540	6
0.259155	0.204301	0.015645	7
0.274861	0.216683	0.026578	8
0.290567	0.229065	0.042551	9
0.306274	0.241447	0.065019	10
0.321980	0.253828	0.095682	11
0.337686	0.266210	0.136476	12
0.353393	0.278592	0.189528	13
0.369099	0.290974	0.257055	14
0.384805	0.303356	0.341220	15
0.400512	0.315738	0.443920	16
0.416218	0.328120	0.566530	17
0.431924	0.340501	0.709612	18
0.447631	0.352883	0.872623	19
0.463337	0.365265	1.053693	20
0.479043	0.377647	1.249516	21
0.494750	0.390029	1.455436	22
0.510456	0.402411	1.665749	23
0.526163	0.414793	1.874214	24
0.541869	0.427175	2.074727	25
0.557575	0.439556	2.262010	26
0.573282	0.451938	2.432227	27
0.588988	0.464320	2.583396	28
0.604694	0.476702	2.715579	29
0.620401	0.489084	2.830849	30
0.636107	0.501466	2.933105	31
0.651813	0.513848	3.027799	32
0.667520	0.526230	3.121645	33
0.683226	0.538611	3.222366	34
0.698932	0.550993	3.338505	35
0.714639	0.563375	3.479324	36
0.730345	0.575757	3.654771	37
0.746051	0.588139	3.875526	38
0.761758	0.600521	4.153076	39
0.777464	0.612903	4.499801	40
8
0.154208	0.142548	0.001622	1
0.168894	0.156124	0.001028	2
0.183581	0.169700	0.000888	3
0.198267	0.183276	0.001390	4
0.212954	0.196852	0.003054	5
0.227640	0.210428	0.006559	6
0.242326	0.224004	0.012727	7
0.257013	0.237580	0.022564	8
0.271699	0.251156	0.037311	9
0.286386	0.264732	0.058512	10
0.301072	0.278308	0.088069	11
0.315759	0.291884	0.128273	12
0.330445	0.305460	0.181805	13
0.345132	0.319036	0.251672	14
0.359818	0.332612	0.341065	15
0.374505	0.346188	0.453102	16
0.389191	0.359764	0.590458	17
0.403877	0.373340	0.754880	18
0.418564	0.386916	0.946623	19
0.433250	0.400492	1.163904	20
0.447937	0.414068	1.402496	21
0.462623	0.427644	1.655618	22
0.477310	0.441220	1.914264	23
0.491996	0.454796	2.168019	24
0.506683	0.468372	2.406276	25
0.521369	0.481948	2.619600	26
0.536056	0.495524	2.800944	27
0.550742	0.509100	2.946429	28
0.565428	0.522676	3.055618	29
0.580115	0.536252	3.131327	30
0.594801	0.549828	3.179138	31
0.609488	0.563404	3.206774	32
0.624174	0.576980	3.223489	33
0.638861	0.590556	3.239570	34
0.653547	0.604132	3.265996	35
0.668234	0.617709	3.314280	36
0.682920	0.631285	3.396474	37
0.697607	0.644861	3.525316	38
0.712293	0.658437	3.714492	39
0.726979	0.672013	3.978953	40
9
0.142548	0.154208	0.001691	1
0.156124	0.168894	0.001388	2
0.169700	0.183580	0.001180	3
0.183276	0.198267	0.001283	4
0.196852	0.212953	0.002308	5
0.210428	0.227640	0.004985	6
0.224005	0.242326	0.010140	7
0.237581	0.257013	0.018752	8
0.251157	0.271699	0.032029	9
0.264733	0.286385	0.051517	10
0.278309	0.301072	0.079201	11
0.291885	0.315758	0.117618	12
0.305461	0.330445	0.169941	13
0.319037	0.345131	0.240014	14
0.332613	0.359818	0.332289	15
0.346189	0.374504	0.451615	16
0.359765	0.389191	0.602803	17
0.373341	0.403877	0.789927	18
0.386917	0.418563	1.015369	19
0.400493	0.433250	1.278667	20
0.414069	0.447936	1.575401	21
0.427645	0.462623	1.896453	22
0.441221	0.477309	2.228052	23
0.454797	0.491996	2.552944	24
0.468373	0.506682	2.852652	25
0.481949	0.521368	3.110337	26
0.495525	0.536055	3.313378	27
0.509101	0.550741	3.454930	28
0.522677	0.565428	3.534261	29
0.536253	0.580114	3.556089	30
0.549829	0.594801	3.529363	31
0.563405	0.609487	3.465900	32
0.576981	0.624174	3.379164	33
0.590557	0.638860	3.283345	34
0.604133	0.653546	3.192794	35
0.617709	0.668233	3.121793	36
0.631285	0.682919	3.084627	37
0.644861	0.697606	3.095911	38
0.658437	0.712292	3.171130	39
0.672014	0.726979	3.327342	40
10
0.130010	0.164916	0.001751	1
0.142392	0.180623	0.002140	2
0.154774	0.196329	0.002097	3
0.167156	0.212035	0.001889	4
0.179537	0.227742	0.002280	5
0.191919	0.243448	0.004095	6
0.204301	0.259154	0.008191	7
0.216683	0.274861	0.015519	8
0.229065	0.290567	0.027223	9
0.241447	0.306273	0.044761	10
0.253829	0.321980	0.070059	11
0.266211	0.337686	0.105695	12
0.278593	0.353392	0.155098	13
0.290974	0.369099	0.222760	14
0.303356	0.384805	0.314369	15
0.315738	0.400511	0.436816	16
0.328120	0.416218	0.597904	17
0.340502	0.431924	0.805606	18
0.352884	0.447630	1.066709	19
0.365266	0.463337	1.384763	20
0.377648	0.479043	1.757537	21
0.390030	0.494749	2.174542	22
0.402412	0.510456	2.615702	23
0.414793	0.526162	3.052429	24
0.427175	0.541868	3.451830	25
0.439557	0.557575	3.783167	26
0.451939	0.573281	4.023893	27
0.464321	0.588987	4.162838	28
0.476703	0.604694	4.200238	29
0.489085	0.620400	4.145601	30
0.501467	0.636106	4.014724	31
0.513849	0.651813	3.826822	32
0.526230	0.667519	3.602262	33
0.538612	0.683225	3.361070	34
0.550994	0.698932	3.122132	35
0.563376	0.714638	2.902980	36
0.575758	0.730344	2.720013	37
0.588140	0.746051	2.589082	38
0.600522	0.761757	2.526386	39
0.612904	0.777463	2.549668	40
11
0.116670	0.174609	0.001802	1
0.127781	0.191238	0.003233	2
0.138893	0.207867	0.003585	3
0.150004	0.224497	0.003187	4
0.161116	0.241126	0.002969	5
0.172227	0.257755	0.003874	6
0.183338	0.274385	0.006823	7
0.194450	0.291014	0.012776	8
0.205561	0.307644	0.022829	9
0.216673	0.324273	0.038337	10
0.227784	0.340902	0.061069	11
0.238895	0.357532	0.093434	12
0.250007	0.374161	0.138775	13
0.261118	0.390791	0.201754	14
0.272230	0.407420	0.288801	15
0.283341	0.424049	0.408551	16
0.294453	0.440679	0.572104	17
0.305564	0.457308	0.792778	18
0.316675	0.473937	1.084873	19
0.327787	0.490567	1.460864	20
0.338898	0.507196	1.926625	21
0.350010	0.523826	2.475009	22
0.361121	0.540455	3.079728	23
0.372232	0.557084	3.693488	24
0.383344	0.573714	4.255018	25
0.394455	0.590343	4.705477	26
0.405567	0.606973	5.004418	27
0.416678	0.623602	5.135977	28
0.427790	0.640231	5.106314	29
0.438901	0.656861	4.936866	30
0.450012	0.673490	4.657203	31
0.461124	0.690119	4.299414	32
0.472235	0.706749	3.894490	33
0.483347	0.723378	3.470441	34
0.494458	0.740008	3.051646	35
0.505569	0.756637	2.658998	36
0.516681	0.773266	2.310508	37
0.527792	0.789896	2.022227	38
0.538904	0.806525	1.809436	39
0.550015	0.823155	1.688200	40
12
0.102610	0.183224	0.001796	1
0.112382	0.200674	0.004328	2
0.122155	0.218124	0.005213	3
0.131927	0.235574	0.004773	4
0.141700	0.253024	0.004016	5
0.151472	0.270474	0.003955	6
0.161244	0.287924	0.005568	7
0.171017	0.305374	0.009856	8
0.180789	0.322824	0.017931	9
0.190561	0.340274	0.031115	10
0.200334	0.357724	0.051074	11
0.210106	0.375174	0.080011	12
0.219879	0.392624	0.120962	13
0.229651	0.410074	0.178246	14
0.239423	0.427524	0.258147	15
0.249196	0.444974	0.369858	16
0.258968	0.462424	0.526658	17
0.268740	0.479873	0.747054	18
0.278513	0.497323	1.055194	19
0.288285	0.514773	1.479124	20
0.298058	0.532223	2.044676	21
0.307830	0.549673	2.762653	22
0.317602	0.567123	3.609472	23
0.327375	0.584573	4.509242	24
0.337147	0.602023	5.338157	25
0.346920	0.619473	5.973745	26
0.356692	0.636923	6.345001	27
0.366464	0.654373	6.439222	28
0.376237	0.671823	6.285344	29
0.386009	0.689273	5.933374	30
0.395781	0.706723	5.438841	31
0.405554	0.724173	4.853817	32
0.415326	0.741623	4.223030	33
0.425099	0.759073	3.583082	34
0.434871	0.776523	2.963234	35
0.444643	0.793972	2.386766	36
0.454416	0.811422	1.872404	37
0.464188	0.828872	1.435631	38
0.473961	0.846322	1.089891	39
0.483733	0.863772	0.847899	40
13
0.087918	0.190710	0.001624	1
0.096291	0.208873	0.004843	2
0.104664	0.227036	0.006253	3
0.113037	0.245199	0.005987	4
0.121411	0.263362	0.004907	5
0.129784	0.281525	0.003941	6
0.138157	0.299688	0.004020	7
0.146530	0.317851	0.006129	8
0.154903	0.336013	0.011400	9
0.163276	0.354176	0.021200	10
0.171650	0.372339	0.037247	11
0.180023	0.390502	0.061755	12
0.188396	0.408665	0.097647	13
0.196769	0.426828	0.148911	14
0.205142	0.444991	0.221204	15
0.213515	0.463154	0.322921	16
0.221888	0.481316	0.466993	17
0.230262	0.499479	0.673729	18
0.238635	0.517642	0.974680	19
0.247008	0.535805	1.416452	20
0.255381	0.553968	2.060539	21
0.263754	0.572131	2.969941	22
0.272127	0.590294	4.167094	23
0.280500	0.608457	5.553308	24
0.288874	0.626620	6.839533	25
0.297247	0.644782	7.734269	26
0.305620	0.662945	8.135817	27
0.313993	0.681108	8.083785	28
0.322366	0.699271	7.679156	29
0.330739	0.717434	7.031896	30
0.339112	0.735597	6.237309	31
0.347486	0.753760	5.369735	32
0.355859	0.771923	4.484224	33
0.364232	0.790086	3.620867	34
0.372605	0.808248	2.809280	35
0.380978	0.826411	2.072306	36
0.389351	0.844574	1.428678	37
0.397724	0.862737	0.894703	38
0.406098	0.880900	0.485110	39
0.414471	0.899063	0.213271	40
14
0.072684	0.197020	0.001179	1
0.079606	0.215784	0.004278	2
0.086529	0.234548	0.006116	3
0.093451	0.253312	0.006396	4
0.100373	0.272076	0.005569	5
0.107295	0.290840	0.004235	6
0.114218	0.309603	0.003046	7
0.121140	0.328367	0.002752	8
0.128062	0.347131	0.004302	9
0.134985	0.365895	0.008957	10
0.141907	0.384659	0.018436	11
0.148829	0.403423	0.035080	12
0.155751	0.422187	0.062075	13
0.162674	0.440950	0.103734	14
0.169596	0.459714	0.165931	15
0.176518	0.478478	0.256807	16
0.183441	0.497242	0.388137	17
0.190363	0.516006	0.578142	18
0.197285	0.534770	0.857249	19
0.204207	0.553533	1.279170	20
0.211130	0.572297	1.939242	21
0.218052	0.591061	2.994929	22
0.224974	0.609825	4.651437	23
0.231897	0.628589	6.968569	24
0.238819	0.647353	9.087883	25
0.245741	0.666117	10.190284	26
0.252664	0.684880	10.346364	27
0.259586	0.703644	9.849725	28
0.266508	0.722408	8.967327	29
0.273430	0.741172	7.888783	30
0.280353	0.759936	6.735970	31
0.287275	0.778700	5.583578	32
0.294197	0.797463	4.476995	33
0.301120	0.816227	3.445210	34
0.308042	0.834991	2.509466	35
0.314964	0.853755	1.688846	36
0.321886	0.872519	1.003781	37
0.328809	0.891283	0.478101	38
0.335731	0.910047	0.139911	39
0.342653	0.928810	0.021286	40
15
0.057002	0.202116	0.000531	1
0.062431	0.221365	0.002755	2
0.067859	0.240614	0.004944	3
0.073288	0.259863	0.006461	4
0.078717	0.279112	0.007199	5
0.084146	0.298361	0.007173	6
0.089574	0.317610	0.006456	7
0.095003	0.336860	0.005234	8
0.100432	0.356109	0.003885	9
0.105861	0.375358	0.003092	10
0.111289	0.394607	0.003987	11
0.116718	0.413856	0.008389	12
0.122147	0.433105	0.019131	13
0.127576	0.452354	0.040553	14
0.133004	0.471603	0.079176	15
0.138433	0.490853	0.144637	16
0.143862	0.510102	0.250990	17
0.149291	0.529351	0.418738	18
0.154719	0.548600	0.678717	19
0.160148	0.567849	1.081211	20
0.165577	0.587098	1.719951	21
0.171006	0.606347	2.798960	22
0.176434	0.625596	4.835225	23
0.181863	0.644846	9.386228	24
0.187292	0.664095	12.945595	25
0.192721	0.683344	13.237764	26
0.198149	0.702593	12.263000	27
0.203578	0.721842	10.850452	28
0.209007	0.741091	9.330580	29
0.214436	0.760340	7.842013	30
0.219864	0.779589	6.441414	31
0.225293	0.798839	5.149619	32
0.230722	0.818088	3.973788	33
0.236151	0.837337	2.918922	34
0.241579	0.856586	1.994356	35
0.247008	0.875835	1.217996	36
0.252437	0.895084	0.619698	37
0.257866	0.914333	0.244551	38
0.263294	0.933582	0.156434	39
0.268723	0.952831	0.441928	40
16
0.040968	0.205965	0.000077	1
0.044870	0.225581	0.001147	2
0.048772	0.245196	0.003839	3
0.052674	0.264812	0.008006	4
0.056575	0.284428	0.012970	5
0.060477	0.304044	0.017918	6
0.064379	0.323659	0.022150	7
0.068281	0.343275	0.025136	8
0.072182	0.362891	0.026511	9
0.076084	0.382507	0.026070	10
0.079986	0.402122	0.023798	11
0.083887	0.421738	0.019979	12
0.087789	0.441354	0.015420	13
0.091691	0.460969	0.011886	14
0.095593	0.480585	0.012891	15
0.099494	0.500201	0.025096	16
0.103396	0.519817	0.060684	17
0.107298	0.539432	0.141348	18
0.111200	0.559048	0.305167	19
0.115101	0.578664	0.620528	20
0.119003	0.598279	1.223959	21
0.122905	0.617895	2.453847	22
0.126807	0.637511	5.381202	23
0.130708	0.657127	17.014453	24
0.134610	0.676742	17.996766	25
0.138512	0.696358	13.765989	26
0.142414	0.715974	11.472846	27
0.146315	0.735589	9.608822	28
0.150217	0.755205	7.967236	29
0.154119	0.774821	6.507697	30
0.158021	0.794437	5.207169	31
0.161922	0.814052	4.046087	32
0.165824	0.833668	3.011304	33
0.169726	0.853284	2.099813	34
0.173628	0.872899	1.322116	35
0.177529	0.892515	0.706019	36
0.181431	0.912131	0.301732	37
0.185333	0.931747	0.189206	38
0.189235	0.951362	0.488843	39
0.193136	0.970978	1.377241	40
17
0.081098	0.685218	44.394791	25
0.083449	0.705079	24.623121	26
0.085800	0.724940	15.335683	27
0.088151	0.744802	10.508900	28
0.090501	0.764663	7.646876	29
0.092852	0.784524	5.720533	30
0.095203	0.804386	4.287147	31
0.097553	0.824247	3.144047	32
0.099904	0.844109	2.195651	33
0.102255	0.863970	1.402281	34
0.104605	0.883831	0.761158	35
0.106956	0.903693	0.301592	36
0.109307	0.923554	0.088185	37
0.111657	0.943415	0.230648	38
0.114008	0.963277	0.901299	39
0.116359	0.983138	2.363212	40
18
0.027087	0.689468	57.100666	25
0.027872	0.709453	32.821210	26
0.028657	0.729437	19.906245	27
0.029442	0.749422	12.864439	28
0.030227	0.769406	8.757113	29
0.031012	0.789391	6.154577	30
0.031798	0.809376	4.363848	31
0.032583	0.829360	3.040730	32
0.033368	0.849345	2.012219	33
0.034153	0.869329	1.197032	34
0.034938	0.889314	0.571070	35
0.035723	0.909299	0.154745	36
0.036508	0.929283	0.012833	37
0.037293	0.949268	0.263870	38
0.038079	0.969252	1.099594	39
0.038864	0.989237	2.817530	40
19
-0.027085	0.689468	41.178312	25
-0.027870	0.709453	23.548929	26
-0.028655	0.729437	15.369912	27
-0.029440	0.749422	10.986102	28
-0.030225	0.769407	8.217715	29
-0.031010	0.789391	6.228507	30
-0.031795	0.809376	4.678194	31
-0.032580	0.829360	3.413539	32
-0.033366	0.849345	2.360304	33
-0.034151	0.869329	1.486331	34
-0.034936	0.889314	0.790145	35
-0.035721	0.909299	0.300020	36
-0.036506	0.929283	0.079079	37
-0.037291	0.949268	0.235996	38
-0.038076	0.969252	0.942835	39
-0.038861	0.989237	2.463231	40
20
-0.024682	0.208545	0.000069	1
-0.027032	0.228406	0.001289	2
-0.029383	0.248267	0.004666	3
-0.031733	0.268129	0.010232	4
-0.034084	0.287990	0.017304	5
-0.036435	0.307851	0.024993	6
-0.038785	0.327713	0.032502	7
-0.041136	0.347574	0.039200	8
-0.043487	0.367436	0.044588	9
-0.045837	0.387297	0.048258	10
-0.048188	0.407158	0.049849	11
-0.050538	0.427020	0.049034	12
-0.052889	0.446881	0.045543	13
-0.055240	0.466743	0.039255	14
-0.057590	0.486604	0.030480	15
-0.059941	0.506465	0.020732	16
-0.062292	0.526327	0.014830	17
-0.064642	0.546188	0.026857	18
-0.066993	0.566049	0.097409	19
-0.069344	0.585911	0.344701	20
-0.071694	0.605772	1.118540	21
-0.074045	0.625634	3.470725	22
-0.076395	0.645495	10.613113	23
-0.078746	0.665356	21.781219	24
-0.081097	0.685218	21.924742	25
-0.083447	0.705079	16.744468	26
-0.085798	0.724940	13.669919	27
-0.088149	0.744802	11.225563	28
-0.090499	0.764663	9.146979	29
-0.092850	0.784525	7.350393	30
-0.095200	0.804386	5.786911	31
-0.097551	0.824247	4.421574	32
-0.099902	0.844109	3.231379	33
-0.102252	0.863970	2.206517	34
-0.104603	0.883832	1.352673	35
-0.106954	0.903693	0.694424	36
-0.109304	0.923554	0.280194	37
-0.111655	0.943416	0.189503	38
-0.114005	0.963277	0.543547	39
-0.116356	0.983138	1.520712	40
21
-0.040968	0.205965	0.000566	1
-0.044869	0.225581	0.003073	2
-0.048771	0.245197	0.005943	3
-0.052673	0.264812	0.008514	4
-0.056575	0.284428	0.010527	5
-0.060476	0.304044	0.011776	6
-0.064378	0.323660	0.012076	7
-0.068280	0.343275	0.011322	8
-0.072181	0.362891	0.009568	9
-0.076083	0.382507	0.007134	10
-0.079985	0.402122	0.004769	11
-0.083886	0.421738	0.003943	12
-0.087788	0.441354	0.007339	13
-0.091690	0.460970	0.019712	14
-0.095591	0.480585	0.049319	15
-0.099493	0.500201	0.110242	16
-0.103395	0.519817	0.225954	17
-0.107297	0.539433	0.434281	18
-0.111198	0.559048	0.792957	19
-0.115100	0.578664	1.382686	20
-0.119002	0.598280	2.301578	21
-0.122903	0.617895	3.653485	22
-0.126805	0.637511	5.630784	23
-0.130707	0.657127	9.385021	24
-0.134608	0.676743	12.887470	25
-0.138510	0.696358	13.338291	26
-0.142412	0.715974	12.519159	27
-0.146313	0.735590	11.192012	28
-0.150215	0.755206	9.687710	29
-0.154117	0.774821	8.165370	30
-0.158018	0.794437	6.702967	31
-0.161920	0.814053	5.338037	32
-0.165822	0.833668	4.089572	33
-0.169724	0.853284	2.970707	34
-0.173625	0.872900	1.996536	35
-0.177527	0.892516	1.189387	36
-0.181429	0.912131	0.582915	37
-0.185330	0.931747	0.225759	38
-0.189232	0.951363	0.185129	39
-0.193134	0.970979	0.550418	40
22
-0.057001	0.202116	0.001222	1
-0.062430	0.221365	0.004543	2
-0.067859	0.240614	0.006718	3
-0.073287	0.259863	0.007317	4
-0.078716	0.279112	0.006617	5
-0.084145	0.298362	0.005039	6
-0.089574	0.317611	0.003076	7
-0.095002	0.336860	0.001370	8
-0.100431	0.356109	0.000851	9
-0.105860	0.375358	0.002916	10
-0.111288	0.394607	0.009671	11
-0.116717	0.413856	0.024241	12
-0.122146	0.433106	0.051180	13
-0.127574	0.452355	0.096965	14
-0.133003	0.471604	0.170545	15
-0.138432	0.490853	0.283842	16
-0.143861	0.510102	0.452099	17
-0.149289	0.529351	0.694141	18
-0.154718	0.548600	1.033421	19
-0.160147	0.567849	1.502755	20
-0.165575	0.587099	2.159169	21
-0.171004	0.606348	3.115569	22
-0.176433	0.625597	4.568287	23
-0.181861	0.644846	6.662927	24
-0.187290	0.664095	8.693083	25
-0.192719	0.683344	9.821096	26
-0.198148	0.702593	10.069997	27
-0.203576	0.721843	9.684966	28
-0.209005	0.741092	8.899987	29
-0.214434	0.760341	7.889495	30
-0.219862	0.779590	6.772918	31
-0.225291	0.798839	5.629453	32
-0.230720	0.818088	4.511941	33
-0.236148	0.837337	3.457561	34
-0.241577	0.856587	2.495484	35
-0.247006	0.875836	1.652093	36
-0.252435	0.895085	0.954365	37
-0.257863	0.914334	0.431754	38
-0.263292	0.933583	0.116707	39
-0.268721	0.952832	0.043694	40
23
-0.072683	0.197021	0.001670	1
-0.079606	0.215784	0.004995	2
-0.086528	0.234548	0.006393	3
-0.093450	0.253312	0.005877	4
-0.100372	0.272076	0.004239	5
-0.107295	0.290840	0.002388	6
-0.114217	0.309604	0.001311	7
-0.121139	0.328368	0.002160	8
-0.128061	0.347131	0.006367	9
-0.134984	0.365895	0.015779	10
-0.141906	0.384659	0.032797	11
-0.148828	0.403423	0.060505	12
-0.155750	0.422187	0.102808	13
-0.162673	0.440951	0.164560	14
-0.169595	0.459715	0.251727	15
-0.176517	0.478479	0.371713	16
-0.183439	0.497242	0.534160	17
-0.190362	0.516006	0.752787	18
-0.197284	0.534770	1.049007	19
-0.204206	0.553534	1.457533	20
-0.211128	0.572298	2.031500	21
-0.218050	0.591062	2.837662	22
-0.224973	0.609826	3.921214	23
-0.231895	0.628589	5.219628	24
-0.238817	0.647353	6.470664	25
-0.245739	0.666117	7.384067	26
-0.252662	0.684881	7.844746	27
-0.259584	0.703645	7.872547	28
-0.266506	0.722409	7.549305	29
-0.273428	0.741173	6.970910	30
-0.280351	0.759937	6.224948	31
-0.287273	0.778700	5.383616	32
-0.294195	0.797464	4.503862	33
-0.301117	0.816228	3.630216	34
-0.308040	0.834992	2.798094	35
-0.314962	0.853756	2.036623	36
-0.321884	0.872520	1.370630	37
-0.328806	0.891284	0.821721	38
-0.335729	0.910047	0.408491	39
-0.342651	0.928811	0.146017	40
24
-0.087918	0.190711	0.001845	1
-0.096291	0.208873	0.004403	2
-0.104664	0.227036	0.005095	3
-0.113037	0.245199	0.004208	4
-0.121410	0.263362	0.002805	5
-0.129783	0.281525	0.002028	6
-0.138156	0.299688	0.003058	7
-0.146529	0.317851	0.007175	8
-0.154902	0.336014	0.015836	9
-0.163275	0.354177	0.030744	10
-0.171649	0.372340	0.053919	11
-0.180022	0.390503	0.087775	12
-0.188395	0.408665	0.135237	13
-0.196768	0.426828	0.199951	14
-0.205141	0.444991	0.286678	15
-0.213514	0.463154	0.402007	16
-0.221887	0.481317	0.555513	17
-0.230260	0.499480	0.761331	18
-0.238633	0.517643	1.039718	19
-0.247006	0.535806	1.417221	20
-0.255379	0.553969	1.922811	21
-0.263753	0.572132	2.576386	22
-0.272126	0.590295	3.368022	23
-0.280499	0.608457	4.235190	24
-0.288872	0.626620	5.061252	25
-0.297245	0.644783	5.722848	26
-0.305618	0.662946	6.141976	27
-0.313991	0.681109	6.295642	28
-0.322364	0.699272	6.202008	29
-0.330737	0.717435	5.902030	30
-0.339110	0.735598	5.445144	31
-0.347484	0.753761	4.880581	32
-0.355857	0.771924	4.253131	33
-0.364230	0.790086	3.601707	34
-0.372603	0.808249	2.959383	35
-0.380976	0.826412	2.354026	36
-0.389349	0.844575	1.809066	37
-0.397722	0.862738	1.344184	38
-0.406095	0.880901	0.975978	39
-0.414468	0.899064	0.718840	40
25
-0.102610	0.183225	0.001855	1
-0.112382	0.200675	0.003278	2
-0.122154	0.218125	0.003432	3
-0.131927	0.235575	0.002683	4
-0.141699	0.253025	0.002092	5
-0.151471	0.270475	0.002788	6
-0.161244	0.287925	0.005900	7
-0.171016	0.305374	0.012600	8
-0.180788	0.322824	0.024154	9
-0.190561	0.340274	0.041986	10
-0.200333	0.357724	0.067766	11
-0.210105	0.375174	0.103529	12
-0.219878	0.392624	0.151883	13
-0.229650	0.410074	0.216316	14
-0.239422	0.427524	0.301647	15
-0.249195	0.444974	0.414602	16
-0.258967	0.462424	0.564405	17
-0.268739	0.479874	0.763090	18
-0.278512	0.497324	1.025000	19
-0.288284	0.514774	1.364676	20
-0.298056	0.532224	1.792394	21
-0.307829	0.549674	2.307268	22
-0.317601	0.567124	2.889662	23
-0.327373	0.584574	3.497291	24
-0.337146	0.602024	4.070618	25
-0.346918	0.619474	4.548931	26
-0.356690	0.636924	4.887080	27
-0.366463	0.654374	5.062919	28
-0.376235	0.671824	5.076070	29
-0.386007	0.689274	4.942301	30
-0.395780	0.706724	4.687122	31
-0.405552	0.724174	4.340488	32
-0.415324	0.741624	3.933143	33
-0.425097	0.759074	3.494441	34
-0.434869	0.776524	3.051278	35
-0.444641	0.793974	2.627752	36
-0.454414	0.811424	2.245298	37
-0.464186	0.828874	1.923185	38
-0.473958	0.846324	1.679402	39
-0.483731	0.863774	1.532109	40
26
-0.116669	0.174609	0.001810	1
-0.127780	0.191239	0.002187	2
-0.138892	0.207868	0.002033	3
-0.150003	0.224498	0.001688	4
-0.161114	0.241127	0.002049	5
-0.172225	0.257756	0.004092	6
-0.183337	0.274386	0.008796	7
-0.194448	0.291015	0.017177	8
-0.205559	0.307645	0.030340	9
-0.216671	0.324274	0.049562	10
-0.227782	0.340904	0.076407	11
-0.238893	0.357533	0.112882	12
-0.250005	0.374163	0.161640	13
-0.261116	0.390792	0.226239	14
-0.272227	0.407421	0.311400	15
-0.283339	0.424051	0.423206	16
-0.294450	0.440680	0.569077	17
-0.305561	0.457310	0.757331	18
-0.316673	0.473939	0.996065	19
-0.327784	0.490569	1.291188	20
-0.338895	0.507198	1.643657	21
-0.350007	0.523828	2.046461	22
-0.361118	0.540457	2.482497	23
-0.372229	0.557086	2.924850	24
-0.383341	0.573716	3.340505	25
-0.394452	0.590345	3.696816	26
-0.405563	0.606975	3.967943	27
-0.416675	0.623604	4.138685	28
-0.427786	0.640234	4.205188	29
-0.438897	0.656863	4.173414	30
-0.450009	0.673493	4.056586	31
-0.461120	0.690122	3.872519	32
-0.472231	0.706752	3.641381	33
-0.483343	0.723381	3.384058	34
-0.494454	0.740010	3.121120	35
-0.505565	0.756640	2.872322	36
-0.516676	0.773269	2.656548	37
-0.527788	0.789899	2.492174	38
-0.538899	0.806528	2.397853	39
-0.550010	0.823158	2.393773	40
27
-0.130009	0.164917	0.001754	1
-0.142391	0.180624	0.001449	2
-0.154773	0.196330	0.001233	3
-0.167154	0.212036	0.001385	4
-0.179536	0.227743	0.002610	5
-0.191918	0.243449	0.005712	6
-0.204300	0.259156	0.011534	7
-0.216682	0.274862	0.020991	8
-0.229063	0.290568	0.035127	9
-0.241445	0.306275	0.055204	10
-0.253827	0.321981	0.082816	11
-0.266209	0.337688	0.120009	12
-0.278591	0.353394	0.169427	13
-0.290972	0.369100	0.234419	14
-0.303354	0.384807	0.319092	15
-0.315736	0.400513	0.428222	16
-0.328118	0.416220	0.566954	17
-0.340500	0.431926	0.740191	18
-0.352881	0.447632	0.951647	19
-0.365263	0.463339	1.202595	20
-0.377645	0.479045	1.490513	21
-0.390027	0.494752	1.808001	22
-0.402409	0.510458	2.142458	23
-0.414790	0.526164	2.476939	24
-0.427172	0.541871	2.792290	25
-0.439554	0.557577	3.070075	26
-0.451936	0.573284	3.295396	27
-0.464318	0.588990	3.458805	28
-0.476699	0.604696	3.557005	29
-0.489081	0.620403	3.592513	30
-0.501463	0.636109	3.572680	31
-0.513845	0.651816	3.508455	32
-0.526227	0.667522	3.413190	33
-0.538608	0.683228	3.301654	34
-0.550990	0.698935	3.189344	35
-0.563372	0.714641	3.092105	36
-0.575754	0.730347	3.026068	37
-0.588136	0.746054	3.007883	38
-0.600518	0.761760	3.055254	39
-0.612899	0.777467	3.187761	40
28
-0.142547	0.154208	0.001688	1
-0.156123	0.168895	0.001105	2
-0.169699	0.183581	0.001025	3
-0.183275	0.198268	0.001676	4
-0.196851	0.212954	0.003614	5
-0.210427	0.227641	0.007518	6
-0.224003	0.242327	0.014155	7
-0.237579	0.257014	0.024401	8
-0.251155	0.271700	0.039301	9
-0.264731	0.286387	0.060139	10
-0.278307	0.301074	0.088517	11
-0.291883	0.315760	0.126421	12
-0.305459	0.330447	0.176277	13
-0.319035	0.345133	0.240945	14
-0.332611	0.359820	0.323642	15
-0.346187	0.374506	0.427744	16
-0.359763	0.389193	0.556448	17
-0.373339	0.403879	0.712279	18
-0.386915	0.418566	0.896477	19
-0.400490	0.433252	1.108329	20
-0.414066	0.447939	1.344610	21
-0.427642	0.462625	1.599285	22
-0.441218	0.477312	1.863680	23
-0.454794	0.491998	2.127186	24
-0.468370	0.506685	2.378455	25
-0.481946	0.521371	2.606842	26
-0.495522	0.536058	2.803761	27
-0.509098	0.550744	2.963663	28
-0.522674	0.565431	3.084508	29
-0.536250	0.580117	3.167755	30
-0.549826	0.594804	3.218009	31
-0.563402	0.609490	3.242468	32
-0.576978	0.624177	3.250341	33
-0.590554	0.638863	3.252321	34
-0.604130	0.653550	3.260187	35
-0.617706	0.668236	3.286585	36
-0.631282	0.682923	3.344972	37
-0.644858	0.697609	3.449748	38
-0.658433	0.712296	3.616545	39
-0.672009	0.726982	3.862648	40
29
-0.154207	0.142549	0.001592	1
-0.168893	0.156125	0.001032	2
-0.183580	0.169701	0.001206	3
-0.198266	0.183277	0.002312	4
-0.212953	0.196853	0.004825	5
-0.227639	0.210429	0.009360	6
-0.242325	0.224005	0.016651	7
-0.257012	0.237581	0.027567	8
-0.271698	0.251157	0.043158	9
-0.286385	0.264734	0.064690	10
-0.301071	0.278310	0.093690	11
-0.315757	0.291886	0.131959	12
-0.330444	0.305462	0.181561	13
-0.345130	0.319038	0.244759	14
-0.359817	0.332614	0.323899	15
-0.374503	0.346190	0.421204	16
-0.389189	0.359766	0.538519	17
-0.403876	0.373342	0.676975	18
-0.418562	0.386918	0.836654	19
-0.433249	0.400494	1.016273	20
-0.447935	0.414070	1.212994	21
-0.462621	0.427647	1.422418	22
-0.477308	0.441223	1.638817	23
-0.491994	0.454799	1.855623	24
-0.506680	0.468375	2.066104	25
-0.521367	0.481951	2.264116	26
-0.536053	0.495527	2.444803	27
-0.550740	0.509103	2.605119	28
-0.565426	0.522679	2.744128	29
-0.580112	0.536255	2.863071	30
-0.594799	0.549831	2.965252	31
-0.609485	0.563407	3.055815	32
-0.624172	0.576983	3.141471	33
-0.638858	0.590559	3.230241	34
-0.653544	0.604136	3.331253	35
-0.668231	0.617712	3.454609	36
-0.682917	0.631288	3.611354	37
-0.697604	0.644864	3.813517	38
-0.712290	0.658440	4.074225	39
-0.726976	0.672016	4.407861	40
30
-0.164916	0.130010	0.001456	1
-0.180622	0.142392	0.001066	2
-0.196329	0.154774	0.001526	3
-0.212035	0.167156	0.003025	4
-0.227741	0.179538	0.006007	5
-0.243447	0.191920	0.011062	6
-0.259154	0.204302	0.018911	7
-0.274860	0.216684	0.030414	8
-0.290566	0.229066	0.046591	9
-0.306273	0.241448	0.068637	10
-0.321979	0.253830	0.097929	11
-0.337685	0.266212	0.136009	12
-0.353391	0.278594	0.184543	13
-0.369098	0.290976	0.245244	14
-0.384804	0.303358	0.319755	15
-0.400510	0.315740	0.409499	16
-0.416217	0.328122	0.515502	17
-0.431923	0.340503	0.638202	18
-0.447629	0.352885	0.777275	19
-0.463335	0.365267	0.931514	20
-0.479042	0.377649	1.098787	21
-0.494748	0.390031	1.276115	22
-0.510454	0.402413	1.459867	23
-0.526161	0.414795	1.646073	24
-0.541867	0.427177	1.830817	25
-0.557573	0.439559	2.010654	26
-0.573279	0.451941	2.182980	27
-0.588986	0.464323	2.346340	28
-0.604692	0.476705	2.500606	29
-0.620398	0.489087	2.647057	30
-0.636105	0.501469	2.788361	31
-0.651811	0.513851	2.928495	32
-0.667517	0.526233	3.072629	33
-0.683223	0.538615	3.227003	34
-0.698930	0.550997	3.398830	35
-0.714636	0.563379	3.596221	36
-0.730342	0.575760	3.828146	37
-0.746049	0.588142	4.104428	38
-0.761755	0.600524	4.435755	39
-0.777461	0.612906	4.833686	40
31
-0.174608	0.116670	0.001285	1
-0.191237	0.127782	0.001088	2
-0.207867	0.138893	0.001801	3
-0.224496	0.150005	0.003619	4
-0.241126	0.161116	0.006982	5
-0.257755	0.172228	0.012471	6
-0.274384	0.183339	0.020790	7
-0.291014	0.194451	0.032767	8
-0.307643	0.205562	0.049358	9
-0.324272	0.216674	0.071643	10
-0.340902	0.227785	0.100815	11
-0.357531	0.238897	0.138150	12
-0.374160	0.250008	0.184957	13
-0.390790	0.261120	0.242512	14
-0.407419	0.272231	0.311966	15
-0.424048	0.283343	0.394248	16
-0.440678	0.294454	0.489954	17
-0.457307	0.305565	0.599244	18
-0.473936	0.316677	0.721774	19
-0.490566	0.327788	0.856646	20
-0.507195	0.338900	1.002437	21
-0.523824	0.350011	1.157272	22
-0.540454	0.361123	1.318974	23
-0.557083	0.372234	1.485263	24
-0.573712	0.383346	1.653982	25
-0.590342	0.394457	1.823342	26
-0.606971	0.405569	1.992133	27
-0.623601	0.416680	2.159904	28
-0.640230	0.427792	2.327082	29
-0.656859	0.438903	2.495036	30
-0.673489	0.450015	2.666100	31
-0.690118	0.461126	2.843546	32
-0.706747	0.472238	3.031543	33
-0.723377	0.483349	3.235108	34
-0.740006	0.494460	3.460044	35
-0.756635	0.505572	3.712904	36
-0.773265	0.516683	4.000944	37
-0.789894	0.527795	4.332091	38
-0.806523	0.538906	4.714906	39
-0.823153	0.550018	5.158521	40
32
-0.183224	0.102611	0.001093	1
-0.200674	0.112384	0.001042	2
-0.218124	0.122156	0.001937	3
-0.235573	0.131929	0.003998	4
-0.253023	0.141701	0.007663	5
-0.270473	0.151474	0.013498	6
-0.287923	0.161246	0.022180	7
-0.305373	0.171019	0.034481	8
-0.322823	0.180791	0.051271	9
-0.340273	0.190564	0.073497	10
-0.357723	0.200336	0.102172	11
-0.375172	0.210109	0.138335	12
-0.392622	0.219881	0.183018	13
-0.410072	0.229654	0.237185	14
-0.427522	0.239426	0.301679	15
-0.444972	0.249199	0.377154	16
-0.462422	0.258971	0.464020	17
-0.479872	0.268744	0.562390	18
-0.497322	0.278516	0.672054	19
-0.514772	0.288289	0.792475	20
-0.532221	0.298061	0.922825	21
-0.549671	0.307833	1.062051	22
-0.567121	0.317606	1.208973	23
-0.584571	0.327378	1.362415	24
-0.602021	0.337151	1.521343	25
-0.619471	0.346923	1.685005	26
-0.636921	0.356696	1.853065	27
-0.654371	0.366468	2.025710	28
-0.671820	0.376241	2.203732	29
-0.689270	0.386013	2.388577	30
-0.706720	0.395786	2.582376	31
-0.724170	0.405558	2.787943	32
-0.741620	0.415331	3.008765	33
-0.759070	0.425103	3.248976	34
-0.776520	0.434876	3.513330	35
-0.793970	0.444648	3.807162	36
-0.811420	0.454421	4.136354	37
-0.828869	0.464193	4.507287	38
-0.846319	0.473966	4.926782	39
-0.863769	0.483738	5.402025	40
33
-0.190710	0.087919	0.000900	1
-0.208873	0.096293	0.000923	2
-0.227035	0.104666	0.001926	3
-0.245198	0.113039	0.004153	4
-0.263361	0.121412	0.008038	5
-0.281524	0.129786	0.014125	6
-0.299687	0.138159	0.023045	7
-0.317850	0.146532	0.035505	8
-0.336012	0.154905	0.052277	9
-0.354175	0.163279	0.074184	10
-0.372338	0.171652	0.102079	11
-0.390501	0.180025	0.136820	12
-0.408664	0.188398	0.179236	13
-0.426827	0.196772	0.230092	14
-0.444989	0.205145	0.290055	15
-0.463152	0.213518	0.359650	16
-0.481315	0.221891	0.439237	17
-0.499478	0.230265	0.528986	18
-0.517641	0.238638	0.628872	19
-0.535804	0.247011	0.738687	20
-0.553966	0.255384	0.858068	21
-0.572129	0.263758	0.986555	22
-0.590292	0.272131	1.123651	23
-0.608455	0.280504	1.268909	24
-0.626618	0.288878	1.422018	25
-0.644781	0.297251	1.582889	26
-0.662943	0.305624	1.751740	27
-0.681106	0.313997	1.929162	28
-0.699269	0.322371	2.116179	29
-0.717432	0.330744	2.314285	30
-0.735595	0.339117	2.525467	31
-0.753758	0.347490	2.752218	32
-0.771920	0.355864	2.997530	33
-0.790083	0.364237	3.264889	34
-0.808246	0.372610	3.558246	35
-0.826409	0.380983	3.881999	36
-0.844572	0.389357	4.240948	37
-0.862735	0.397730	4.640255	38
-0.880897	0.406103	5.085379	39
-0.899060	0.414476	5.582006	40
34
-0.197020	0.072685	0.000722	1
-0.215784	0.079608	0.000758	2
-0.234548	0.086530	0.001802	3
-0.253311	0.093452	0.004126	4
-0.272075	0.100375	0.008152	5
-0.290839	0.107297	0.014390	6
-0.309603	0.114220	0.023420	7
-0.328367	0.121142	0.035879	8
-0.347130	0.128065	0.052449	9
-0.365894	0.134987	0.073844	10
-0.384658	0.141909	0.100793	11
-0.403422	0.148832	0.134021	12
-0.422186	0.155754	0.174223	13
-0.440949	0.162677	0.222049	14
-0.459713	0.169599	0.278074	15
-0.478477	0.176521	0.342782	16
-0.497241	0.183444	0.416553	17
-0.516005	0.190366	0.499651	18
-0.534768	0.197289	0.592234	19
-0.553532	0.204211	0.694362	20
-0.572296	0.211133	0.806027	21
-0.591060	0.218056	0.927188	22
-0.609824	0.224978	1.057816	23
-0.628587	0.231901	1.197948	24
-0.647351	0.238823	1.347745	25
-0.666115	0.245745	1.507545	26
-0.684879	0.252668	1.677919	27
-0.703643	0.259590	1.859715	28
-0.722406	0.266513	2.054099	29
-0.741170	0.273435	2.262580	30
-0.759934	0.280357	2.487033	31
-0.778698	0.287280	2.729708	32
-0.797462	0.294202	2.993227	33
-0.816225	0.301125	3.280583	34
-0.834989	0.308047	3.595117	35
-0.853753	0.314969	3.940501	36
-0.872517	0.321892	4.320702	37
-0.891281	0.328814	4.739939	38
-0.910044	0.335737	5.202637	39
-0.928808	0.342659	5.713352	40
35
-0.202115	0.057003	0.000569	1
-0.221364	0.062432	0.000579	2
-0.240614	0.067861	0.001617	3
-0.259863	0.073290	0.003979	4
-0.279112	0.078719	0.008070	5
-0.298361	0.084148	0.014364	6
-0.317610	0.089576	0.023387	7
-0.336859	0.095005	0.035712	8
-0.356108	0.100434	0.051943	9
-0.375357	0.105863	0.072709	10
-0.394606	0.111292	0.098646	11
-0.413855	0.116721	0.130391	12
-0.433104	0.122150	0.168558	13
-0.452354	0.127579	0.213734	14
-0.471603	0.133007	0.266459	15
-0.490852	0.138436	0.327221	16
-0.510101	0.143865	0.396446	17
-0.529350	0.149294	0.474502	18
-0.548599	0.154723	0.561702	19
-0.567848	0.160152	0.658320	20
-0.587097	0.165581	0.764605	21
-0.606346	0.171009	0.880813	22
-0.625595	0.176438	1.007235	23
-0.644844	0.181867	1.144233	24
-0.664093	0.187296	1.292277	25
-0.683343	0.192725	1.451983	26
-0.702592	0.198154	1.624146	27
-0.721841	0.203583	1.809776	28
-0.741090	0.209012	2.010117	29
-0.760339	0.214440	2.226675	30
-0.779588	0.219869	2.461228	31
-0.798837	0.225298	2.715833	32
-0.818086	0.230727	2.992828	33
-0.837335	0.236156	3.294827	34
-0.856584	0.241585	3.624702	35
-0.875833	0.247014	3.985571	36
-0.895083	0.252443	4.380761	37
-0.914332	0.257871	4.813782	38
-0.933581	0.263300	5.288278	39
-0.952830	0.268729	5.807971	40
36
-0.205965	0.040970	0.000447	1
-0.225580	0.044871	0.000414	2
-0.245196	0.048773	0.001417	3
-0.264812	0.052675	0.003772	4
-0.284428	0.056577	0.007864	5
-0.304043	0.060479	0.014130	6
-0.323659	0.064381	0.023051	7
-0.343275	0.068283	0.035142	8
-0.362890	0.072185	0.050948	9
-0.382506	0.076086	0.071032	10
-0.402122	0.079988	0.095970	11
-0.421737	0.083890	0.126341	12
-0.441353	0.087792	0.162716	13
-0.460969	0.091694	0.205652	14
-0.480584	0.095596	0.255685	15
-0.500200	0.099498	0.313327	16
-0.519816	0.103399	0.379061	17
-0.539432	0.107301	0.453347	18
-0.559047	0.111203	0.536626	19
-0.578663	0.115105	0.629329	20
-0.598279	0.119007	0.731896	21
-0.617894	0.122909	0.844791	22
-0.637510	0.126811	0.968522	23
-0.657126	0.130713	1.103671	24
-0.676741	0.134614	1.250912	25
-0.696357	0.138516	1.411040	26
-0.715973	0.142418	1.584995	27
-0.735589	0.146320	1.773881	28
-0.755204	0.150222	1.978986	29
-0.774820	0.154124	2.201794	30
-0.794436	0.158026	2.443997	31
-0.814051	0.161928	2.707499	32
-0.833667	0.165829	2.994414	33
-0.853283	0.169731	3.307062	34
-0.872898	0.173633	3.647956	35
-0.892514	0.177535	4.019789	36
-0.912130	0.181437	4.425408	37
-0.931745	0.185339	4.867787	38
-0.951361	0.189241	5.349990	39
-0.970977	0.193142	5.875128	40
37
-0.208544	0.024683	0.000354	1
-0.228406	0.027034	0.000279	2
-0.248267	0.029385	0.001233	3
-0.268128	0.031736	0.003548	4
-0.287990	0.034087	0.007590	5
-0.307851	0.036437	0.013765	6
-0.327712	0.038788	0.022513	7
-0.347574	0.041139	0.034307	8
-0.367435	0.043490	0.049646	9
-0.387297	0.045841	0.069049	10
-0.407158	0.048192	0.093053	11
-0.427019	0.050542	0.122202	12
-0.446881	0.052893	0.157047	13
-0.466742	0.055244	0.198137	14
-0.486603	0.057595	0.246020	15
-0.506465	0.059946	0.301238	16
-0.526326	0.062296	0.364329	17
-0.546187	0.064647	0.435828	18
-0.566049	0.066998	0.516275	19
-0.585910	0.069349	0.606223	20
-0.605772	0.071700	0.706246	21
-0.625633	0.074050	0.816951	22
-0.645494	0.076401	0.939000	23
-0.665356	0.078752	1.073118	24
-0.685217	0.081103	1.220117	25
-0.705078	0.083454	1.380906	26
-0.724940	0.085804	1.556515	27
-0.744801	0.088155	1.748103	28
-0.764662	0.090506	1.956974	29
-0.784524	0.092857	2.184585	30
-0.804385	0.095208	2.432551	31
-0.824247	0.097558	2.702649	32
-0.844108	0.099909	2.996816	33
-0.863969	0.102260	3.317144	34
-0.883831	0.104611	3.665872	35
-0.903692	0.106962	4.045369	36
-0.923553	0.109312	4.458120	37
-0.943415	0.111663	4.906700	38
-0.963276	0.114014	5.393744	39
-0.983137	0.116365	5.921920	40
38
-0.209838	0.008245	0.000289	1
-0.229823	0.009030	0.000178	2
-0.249807	0.009816	0.001081	3
-0.269792	0.010601	0.003336	4
-0.289776	0.011386	0.007293	5
-0.309761	0.012171	0.013332	6
-0.329746	0.012957	0.021864	7
-0.349730	0.013742	0.033329	8
-0.369715	0.014527	0.048195	9
-0.389699	0.015312	0.066954	10
-0.409684	0.016098	0.090117	11
-0.429668	0.016883	0.118213	12
-0.449653	0.017668	0.151784	13
-0.469638	0.018453	0.191384	14
-0.489622	0.019239	0.237578	15
-0.509607	0.020024	0.290938	16
-0.529591	0.020809	0.352049	17
-0.549576	0.021594	0.421509	18
-0.569560	0.022380	0.499932	19
-0.589545	0.023165	0.587959	20
-0.609530	0.023950	0.686259	21
-0.629514	0.024735	0.795542	22
-0.649499	0.025521	0.916572	23
-0.669483	0.026306	1.050172	24
-0.689468	0.027091	1.197241	25
-0.709453	0.027876	1.358766	26
-0.729437	0.028662	1.535828	27
-0.749422	0.029447	1.729617	28
-0.769406	0.030232	1.941435	29
-0.789391	0.031017	2.172707	30
-0.809375	0.031803	2.424982	31
-0.829360	0.032588	2.699932	32
-0.849345	0.033373	2.999355	33
-0.869329	0.034158	3.325165	34
-0.889314	0.034944	3.679390	35
-0.909298	0.035729	4.064157	36
-0.929283	0.036514	4.481675	37
-0.949267	0.037299	4.934224	38
-0.969252	0.038085	5.424125	39
-0.989237	0.038870	5.953720	40
39
-0.209838	-0.008244	0.000245	1
-0.229823	-0.009029	0.000110	2
-0.249807	-0.009814	0.000965	3
-0.269792	-0.010599	0.003149	4
-0.289776	-0.011385	0.006999	5
-0.309761	-0.012170	0.012877	6
-0.329746	-0.012955	0.021172	7
-0.349730	-0.013740	0.032303	8
-0.369715	-0.014525	0.046717	9
-0.389699	-0.015310	0.064890	10
-0.409684	-0.016095	0.087321	11
-0.429669	-0.016881	0.114530	12
-0.449653	-0.017666	0.147062	13
-0.469638	-0.018451	0.185478	14
-0.489622	-0.019236	0.230363	15
-0.509607	-0.020021	0.282316	16
-0.529591	-0.020806	0.341961	17
-0.549576	-0.021591	0.409943	18
-0.569561	-0.022377	0.486934	19
-0.589545	-0.023162	0.573634	20
-0.609530	-0.023947	0.670784	21
-0.629514	-0.024732	0.779164	22
-0.649499	-0.025517	0.899605	23
-0.669484	-0.026302	1.032999	24
-0.689468	-0.027088	1.180301	25
-0.709453	-0.027873	1.342544	26
-0.729437	-0.028658	1.520839	27
-0.749422	-0.029443	1.716390	28
-0.769406	-0.030228	1.930488	29
-0.789391	-0.031013	2.164526	30
-0.809376	-0.031798	2.419994	31
-0.829360	-0.032584	2.698479	32
-0.849345	-0.033369	3.001668	33
-0.869329	-0.034154	3.331339	34
-0.889314	-0.034939	3.689357	35
-0.909299	-0.035724	4.077664	36
-0.929283	-0.036509	4.498266	37
-0.949268	-0.037294	4.953221	38
-0.969252	-0.038080	5.444620	39
-0.989237	-0.038865	5.974570	40
40
-0.208544	-0.024682	0.000218	1
-0.228406	-0.027033	0.000068	2
-0.248267	-0.029384	0.000881	3
-0.268129	-0.031734	0.002990	4
-0.287990	-0.034085	0.006724	5
-0.307851	-0.036436	0.012431	6
-0.327713	-0.038787	0.020488	7
-0.347574	-0.041137	0.031298	8
-0.367435	-0.043488	0.045299	9
-0.387297	-0.045839	0.062957	10
-0.407158	-0.048189	0.084764	11
-0.427020	-0.050540	0.111243	12
-0.446881	-0.052891	0.142940	13
-0.466742	-0.055241	0.180430	14
-0.486604	-0.057592	0.224313	15
-0.506465	-0.059943	0.275213	16
-0.526326	-0.062294	0.333783	17
-0.546188	-0.064644	0.400704	18
-0.566049	-0.066995	0.476690	19
-0.585911	-0.069346	0.562488	20
-0.605772	-0.071696	0.658884	21
-0.625633	-0.074047	0.766707	22
-0.645495	-0.076398	0.886836	23
-0.665356	-0.078748	1.020206	24
-0.685217	-0.081099	1.167809	25
-0.705079	-0.083450	1.330704	26
-0.724940	-0.085801	1.510019	27
-0.744802	-0.088151	1.706958	28
-0.764663	-0.090502	1.922800	29
-0.784524	-0.092853	2.158904	30
-0.804386	-0.095203	2.416711	31
-0.824247	-0.097554	2.697740	32
-0.844108	-0.099905	3.003588	33
-0.863970	-0.102255	3.335928	34
-0.883831	-0.104606	3.696502	35
-0.903693	-0.106957	4.087110	36
-0.923554	-0.109308	4.509607	37
-0.943415	-0.111658	4.965888	38
-0.963277	-0.114009	5.457873	39
-0.983138	-0.116360	5.987497	40
41
-0.205965	-0.040969	0.000204	1
-0.225581	-0.044870	0.000044	2
-0.245196	-0.048772	0.000821	3
-0.264812	-0.052674	0.002858	4
-0.284428	-0.056576	0.006476	5
-0.304044	-0.060477	0.012016	6
-0.323659	-0.064379	0.019845	7
-0.343275	-0.068281	0.030362	8
-0.362891	-0.072183	0.043997	9
-0.382506	-0.076084	0.061213	10
-0.402122	-0.079986	0.082502	11
-0.421738	-0.083888	0.108389	12
-0.441354	-0.087790	0.139427	13
-0.460969	-0.091691	0.176201	14
-0.480585	-0.095593	0.219326	15
-0.500201	-0.099495	0.269446	16
-0.519816	-0.103397	0.327236	17
-0.539432	-0.107298	0.393405	18
-0.559048	-0.111200	0.468696	19
-0.578664	-0.115102	0.553888	20
-0.598279	-0.119004	0.649801	21
-0.617895	-0.122906	0.757297	22
-0.637511	-0.126807	0.877288	23
-0.657126	-0.130709	1.010734	24
-0.676742	-0.134611	1.158650	25
-0.696358	-0.138513	1.322110	26
-0.715974	-0.142414	1.502250	27
-0.735589	-0.146316	1.700266	28
-0.755205	-0.150218	1.917422	29
-0.774821	-0.154120	2.155050	30
-0.794436	-0.158021	2.414545	31
-0.814052	-0.161923	2.697374	32
-0.833668	-0.165825	3.005063	33
-0.853284	-0.169727	3.339203	34
-0.872899	-0.173628	3.701440	35
-0.892515	-0.177530	4.093470	36
-0.912131	-0.181432	4.517034	37
-0.931746	-0.185334	4.973903	38
-0.951362	-0.189236	5.465874	39
-0.970978	-0.193137	5.994758	40
42
-0.202116	-0.057002	0.000199	1
-0.221365	-0.062431	0.000033	2
-0.240614	-0.067860	0.000779	3
-0.259863	-0.073288	0.002749	4
-0.279112	-0.078717	0.006257	5
-0.298361	-0.084146	0.011640	6
-0.317610	-0.089575	0.019263	7
-0.336860	-0.095003	0.029520	8
-0.356109	-0.100432	0.042841	9
-0.375358	-0.105861	0.059687	10
-0.394607	-0.111290	0.080554	11
-0.413856	-0.116719	0.105969	12
-0.433105	-0.122147	0.136495	13
-0.452354	-0.127576	0.172723	14
-0.471603	-0.133005	0.215282	15
-0.490852	-0.138434	0.264831	16
-0.510102	-0.143862	0.322062	17
-0.529351	-0.149291	0.387704	18
-0.548600	-0.154720	0.462521	19
-0.567849	-0.160149	0.547316	20
-0.587098	-0.165577	0.642931	21
-0.606347	-0.171006	0.750251	22
-0.625596	-0.176435	0.870206	23
-0.644845	-0.181864	1.003776	24
-0.664094	-0.187293	1.151988	25
-0.683344	-0.192721	1.315922	26
-0.702593	-0.198150	1.496712	27
-0.721842	-0.203579	1.695550	28
-0.741091	-0.209008	1.913682	29
-0.760340	-0.214436	2.152413	30
-0.779589	-0.219865	2.413106	31
-0.798838	-0.225294	2.697179	32
-0.818087	-0.230723	3.006108	33
-0.837337	-0.236152	3.341417	34
-0.856586	-0.241580	3.704681	35
-0.875835	-0.247009	4.097516	36
-0.895084	-0.252438	4.521575	37
-0.914333	-0.257867	4.978542	38
-0.933582	-0.263295	5.470120	39
-0.952831	-0.268724	5.998032	40
43
-0.197020	-0.072684	0.000201	1
-0.215784	-0.079607	0.000029	2
-0.234548	-0.086529	0.000748	3
-0.253312	-0.093451	0.002656	4
-0.272076	-0.100373	0.006066	5
-0.290840	-0.107296	0.011310	6
-0.309603	-0.114218	0.018752	7
-0.328367	-0.121140	0.028787	8
-0.347131	-0.128063	0.041844	9
-0.365895	-0.134985	0.058388	10
-0.384659	-0.141907	0.078917	11
-0.403423	-0.148830	0.103963	12
-0.422186	-0.155752	0.134094	13
-0.440950	-0.162674	0.169913	14
-0.459714	-0.169597	0.212055	15
-0.478478	-0.176519	0.261191	16
-0.497242	-0.183441	0.318027	17
-0.516006	-0.190363	0.383307	18
-0.534769	-0.197286	0.457808	19
-0.553533	-0.204208	0.542350	20
-0.572297	-0.211130	0.637791	21
-0.591061	-0.218053	0.745030	22
-0.609825	-0.224975	0.865010	23
-0.628589	-0.231897	0.998720	24
-0.647352	-0.238820	1.147193	25
-0.666116	-0.245742	1.311512	26
-0.684880	-0.252664	1.492807	27
-0.703644	-0.259587	1.692260	28
-0.722408	-0.266509	1.911101	29
-0.741172	-0.273431	2.150615	30
-0.759935	-0.280353	2.412134	31
-0.778699	-0.287276	2.697043	32
-0.797463	-0.294198	3.006772	33
-0.816227	-0.301120	3.342798	34
-0.834991	-0.308043	3.706639	35
-0.853755	-0.314965	4.099851	36
-0.872519	-0.321887	4.524023	37
-0.891282	-0.328810	4.980770	38
-0.910046	-0.335732	5.471731	39
-0.928810	-0.342654	5.998561	40
44
-0.190710	-0.087918	0.000206	1
-0.208873	-0.096291	0.000028	2
-0.227036	-0.104665	0.000723	3
-0.245199	-0.113038	0.002578	4
-0.263362	-0.121411	0.005901	5
-0.281525	-0.129784	0.011025	6
-0.299687	-0.138157	0.018313	7
-0.317850	-0.146530	0.028163	8
-0.336013	-0.154904	0.041005	9
-0.354176	-0.163277	0.057307	10
-0.372339	-0.171650	0.077570	11
-0.390502	-0.180023	0.102333	12
-0.408665	-0.188396	0.132167	13
-0.426828	-0.196769	0.167682	14
-0.444990	-0.205143	0.209522	15
-0.463153	-0.213516	0.258365	16
-0.481316	-0.221889	0.314928	17
-0.499479	-0.230262	0.379963	18
-0.517642	-0.238635	0.454261	19
-0.535805	-0.247008	0.538650	20
-0.553968	-0.255382	0.633999	21
-0.572131	-0.263755	0.741216	22
-0.590294	-0.272128	0.861251	23
-0.608456	-0.280501	0.995098	24
-0.626619	-0.288874	1.143792	25
-0.644782	-0.297247	1.308415	26
-0.662945	-0.305621	1.490091	27
-0.681108	-0.313994	1.689993	28
-0.699271	-0.322367	1.909338	29
-0.717434	-0.330740	2.149392	30
-0.735597	-0.339113	2.411463	31
-0.753759	-0.347486	2.696906	32
-0.771922	-0.355860	3.007120	33
-0.790085	-0.364233	3.343542	34
-0.808248	-0.372606	3.707648	35
-0.826411	-0.380979	4.100948	36
-0.844574	-0.389352	4.524981	37
-0.862737	-0.397725	4.981315	38
-0.880900	-0.406098	5.471540	39
-0.899062	-0.414472	5.997261	40
45
-0.183224	-0.102610	0.000214	1
-0.200674	-0.112383	0.000028	2
-0.218124	-0.122155	0.000701	3
-0.235574	-0.131927	0.002511	4
-0.253024	-0.141700	0.005761	5
-0.270474	-0.151472	0.010784	6
-0.287924	-0.161245	0.017946	7
-0.305374	-0.171017	0.027645	8
-0.322824	-0.180789	0.040316	9
-0.340274	-0.190562	0.056428	10
-0.357724	-0.200334	0.076488	11
-0.375174	-0.210107	0.101036	12
-0.392624	-0.219879	0.130650	13
-0.410073	-0.229651	0.165945	14
-0.427523	-0.239424	0.207569	15
-0.444973	-0.249196	0.256209	16
-0.462423	-0.258969	0.312587	17
-0.479873	-0.268741	0.377464	18
-0.497323	-0.278513	0.451637	19
-0.514773	-0.288286	0.535940	20
-0.532223	-0.298058	0.631250	21
-0.549673	-0.307831	0.738479	22
-0.567123	-0.317603	0.858582	23
-0.584573	-0.327375	0.992553	24
-0.602023	-0.337148	1.141427	25
-0.619473	-0.346920	1.306283	26
-0.636923	-0.356693	1.488240	27
-0.654373	-0.366465	1.688461	28
-0.671822	-0.376237	1.908152	29
-0.689272	-0.386010	2.148562	30
-0.706722	-0.395782	2.410982	31
-0.724172	-0.405555	2.696744	32
-0.741622	-0.415327	3.007219	33
-0.759072	-0.425099	3.343814	34
-0.776522	-0.434872	3.707972	35
-0.793972	-0.444644	4.101169	36
-0.811422	-0.454417	4.524909	37
-0.828872	-0.464189	4.980722	38
-0.846322	-0.473961	5.470163	39
-0.863772	-0.483734	5.994803	40
46
-0.174609	-0.116670	0.000223	1
-0.191238	-0.127781	0.000027	2
-0.207868	-0.138892	0.000681	3
-0.224497	-0.150004	0.002452	4
-0.241126	-0.161115	0.005642	5
-0.257756	-0.172226	0.010584	6
-0.274385	-0.183338	0.017644	7
-0.291015	-0.194449	0.027225	8
-0.307644	-0.205561	0.039762	9
-0.324273	-0.216672	0.055729	10
-0.340903	-0.227783	0.075635	11
-0.357532	-0.238895	0.100025	12
-0.374162	-0.250006	0.129480	13
-0.390791	-0.261118	0.164619	14
-0.407420	-0.272229	0.206094	15
-0.424050	-0.283340	0.254598	16
-0.440679	-0.294452	0.310856	17
-0.457309	-0.305563	0.375635	18
-0.473938	-0.316674	0.449737	19
-0.490567	-0.327786	0.534000	20
-0.507197	-0.338897	0.629303	21
-0.523826	-0.350009	0.736563	22
-0.540456	-0.361120	0.856734	23
-0.557085	-0.372231	0.990810	24
-0.573715	-0.383343	1.139826	25
-0.590344	-0.394454	1.304855	26
-0.606973	-0.405565	1.487012	27
-0.623603	-0.416677	1.687452	28
-0.640232	-0.427788	1.907370	29
-0.656862	-0.438900	2.148004	30
-0.673491	-0.450011	2.410627	31
-0.690120	-0.461122	2.696553	32
-0.706750	-0.472234	3.007131	33
-0.723379	-0.483345	3.343747	34
-0.740009	-0.494457	3.707818	35
-0.756638	-0.505568	4.100794	36
-0.773267	-0.516679	4.524151	37
-0.789897	-0.527791	4.979395	38
-0.806526	-0.538902	5.468054	39
-0.823156	-0.550013	5.991677	40
47
-0.164917	-0.130010	0.000234	1
-0.180623	-0.142391	0.000026	2
-0.196329	-0.154773	0.000662	3
-0.212036	-0.167155	0.002401	4
-0.227742	-0.179537	0.005542	5
-0.243448	-0.191919	0.010420	6
-0.259155	-0.204301	0.017401	7
-0.274861	-0.216683	0.026891	8
-0.290568	-0.229064	0.039327	9
-0.306274	-0.241446	0.055186	10
-0.321980	-0.253828	0.074980	11
-0.337687	-0.266210	0.099256	12
-0.353393	-0.278592	0.128600	13
-0.369099	-0.290974	0.163631	14
-0.384806	-0.303356	0.205007	15
-0.400512	-0.315737	0.253423	16
-0.416218	-0.328119	0.309609	17
-0.431925	-0.340501	0.374333	18
-0.447631	-0.352883	0.448399	19
-0.463337	-0.365265	0.532651	20
-0.479044	-0.377647	0.627967	21
-0.494750	-0.390029	0.735264	22
-0.510456	-0.402411	0.855497	23
-0.526163	-0.414792	0.989660	24
-0.541869	-0.427174	1.138783	25
-0.557576	-0.439556	1.303937	26
-0.573282	-0.451938	1.486231	27
-0.588988	-0.464320	1.686814	28
-0.604695	-0.476702	1.906873	29
-0.620401	-0.489084	2.147632	30
-0.636107	-0.501465	2.410353	31
-0.651814	-0.513847	2.696336	32
-0.667520	-0.526229	3.006913	33
-0.683226	-0.538611	3.343450	34
-0.698933	-0.550993	3.707347	35
-0.714639	-0.563375	4.100033	36
-0.730345	-0.575757	4.522966	37
-0.746052	-0.588138	4.977633	38
-0.761758	-0.600520	5.465545	39
-0.777464	-0.612902	5.988231	40
48
-0.154208	-0.142548	0.000244	1
-0.168894	-0.156124	0.000024	2
-0.183581	-0.169700	0.000644	3
-0.198267	-0.183276	0.002357	4
-0.212954	-0.196852	0.005460	5
-0.227640	-0.210428	0.010288	6
-0.242327	-0.224004	0.017210	7
-0.257013	-0.237580	0.026631	8
-0.271700	-0.251156	0.038994	9
-0.286386	-0.264732	0.054775	10
-0.301072	-0.278308	0.074489	11
-0.315759	-0.291884	0.098687	12
-0.330445	-0.305460	0.127955	13
-0.345132	-0.319036	0.162916	14
-0.359818	-0.332612	0.204230	15
-0.374505	-0.346188	0.252593	16
-0.389191	-0.359764	0.308739	17
-0.403878	-0.373340	0.373437	18
-0.418564	-0.386916	0.447493	19
-0.433251	-0.400492	0.531750	20
-0.447937	-0.414068	0.627088	21
-0.462624	-0.427644	0.734424	22
-0.477310	-0.441220	0.854711	23
-0.491996	-0.454796	0.988941	24
-0.506683	-0.468372	1.138143	25
-0.521369	-0.481948	1.303384	26
-0.536056	-0.495524	1.485768	27
-0.550742	-0.509100	1.686438	28
-0.565429	-0.522676	1.906573	29
-0.580115	-0.536252	2.147389	30
-0.594802	-0.549828	2.410137	31
-0.609488	-0.563404	2.696104	32
-0.624175	-0.576980	3.006610	33
-0.638861	-0.590556	3.343006	34
-0.653548	-0.604132	3.706679	35
-0.668234	-0.617708	4.099044	36
-0.682921	-0.631284	4.521544	37
-0.697607	-0.644860	4.975654	38
-0.712293	-0.658436	5.462871	39
-0.726980	-0.672012	5.984716	40
49
-0.142548	-0.154208	0.000255	1
-0.156124	-0.168894	0.000021	2
-0.169700	-0.183581	0.000627	3
-0.183276	-0.198267	0.002319	4
-0.196852	-0.212953	0.005394	5
-0.210428	-0.227640	0.010185	6
-0.224004	-0.242326	0.017063	7
-0.237580	-0.257013	0.026435	8
-0.251156	-0.271699	0.038745	9
-0.264732	-0.286386	0.054472	10
-0.278309	-0.301072	0.074132	11
-0.291885	-0.315758	0.098278	12
-0.305461	-0.330445	0.127498	13
-0.319037	-0.345131	0.162416	14
-0.332613	-0.359818	0.203695	15
-0.346189	-0.374504	0.252032	16
-0.359765	-0.389191	0.308160	17
-0.373341	-0.403877	0.372851	18
-0.386917	-0.418564	0.446912	19
-0.400493	-0.433250	0.531184	20
-0.414069	-0.447936	0.626548	21
-0.427645	-0.462623	0.733919	22
-0.441221	-0.477309	0.854251	23
-0.454797	-0.491996	0.988533	24
-0.468373	-0.506682	1.137791	25
-0.481949	-0.521369	1.303089	26
-0.495525	-0.536055	1.485527	27
-0.509101	-0.550742	1.686244	28
-0.522677	-0.565428	1.906411	29
-0.536253	-0.580114	2.147236	30
-0.549829	-0.594801	2.409963	31
-0.563405	-0.609487	2.695867	32
-0.576981	-0.624174	3.006259	33
-0.590557	-0.638860	3.342481	34
-0.604133	-0.653547	3.705907	35
-0.617709	-0.668233	4.097943	36
-0.631285	-0.682919	4.520025	37
-0.644861	-0.697606	4.973614	38
-0.658437	-0.712292	5.460202	39
-0.672013	-0.726979	5.981301	40
50
-0.130010	-0.164916	0.000264	1
-0.142392	-0.180623	0.000018	2
-0.154774	-0.196329	0.000611	3
-0.167155	-0.212035	0.002287	4
-0.179537	-0.227742	0.005340	5
-0.191919	-0.243448	0.010105	6
-0.204301	-0.259154	0.016952	7
-0.216683	-0.274861	0.026290	8
-0.229065	-0.290567	0.038564	9
-0.241447	-0.306273	0.054256	10
-0.253829	-0.321980	0.073882	11
-0.266211	-0.337686	0.097996	12
-0.278592	-0.353392	0.127188	13
-0.290974	-0.369099	0.162084	14
-0.303356	-0.384805	0.203346	15
-0.315738	-0.400511	0.251673	16
-0.328120	-0.416218	0.307799	17
-0.340502	-0.431924	0.372495	18
-0.352884	-0.447630	0.446568	19
-0.365266	-0.463337	0.530860	20
-0.377648	-0.479043	0.626250	21
-0.390029	-0.494749	0.733653	22
-0.402411	-0.510456	0.854021	23
-0.414793	-0.526162	0.988341	24
-0.427175	-0.541868	1.137637	25
-0.439557	-0.557575	1.302971	26
-0.451939	-0.573281	1.485440	27
-0.464321	-0.588987	1.686174	28
-0.476703	-0.604694	1.906342	29
-0.489085	-0.620400	2.147146	30
-0.501466	-0.636106	2.409820	31
-0.513848	-0.651813	2.695633	32
-0.526230	-0.667519	3.005889	33
-0.538612	-0.683225	3.341922	34
-0.550994	-0.698932	3.705099	35
-0.563376	-0.714638	4.096818	36
-0.575758	-0.730344	4.518508	37
-0.588140	-0.746051	4.971625	38
-0.600522	-0.761757	5.457653	39
-0.612903	-0.777463	5.978104	40
51
-0.116670	-0.174609	0.000274	1
-0.127781	-0.191238	0.000016	2
-0.138893	-0.207867	0.000597	3
-0.150004	-0.224497	0.002260	4
-0.161115	-0.241126	0.005298	5
-0.172227	-0.257756	0.010044	6
-0.183338	-0.274385	0.016871	7
-0.194450	-0.291014	0.026187	8
-0.205561	-0.307644	0.038439	9
-0.216673	-0.324273	0.054108	10
-0.227784	-0.340902	0.073715	11
-0.238895	-0.357532	0.097812	12
-0.250007	-0.374161	0.126990	13
-0.261118	-0.390791	0.161877	14
-0.272230	-0.407420	0.203136	15
-0.283341	-0.424049	0.251464	16
-0.294452	-0.440679	0.307597	17
-0.305564	-0.457308	0.372305	18
-0.316675	-0.473938	0.446395	19
-0.327787	-0.490567	0.530708	20
-0.338898	-0.507196	0.626122	21
-0.350009	-0.523826	0.733552	22
-0.361121	-0.540455	0.853948	23
-0.372232	-0.557085	0.988296	24
-0.383344	-0.573714	1.137618	25
-0.394455	-0.590343	1.302973	26
-0.405566	-0.606973	1.485453	27
-0.416678	-0.623602	1.686187	28
-0.427789	-0.640231	1.906336	29
-0.438901	-0.656861	2.147098	30
-0.450012	-0.673490	2.409701	31
-0.461124	-0.690120	2.695410	32
-0.472235	-0.706749	3.005522	33
-0.483346	-0.723378	3.341366	34
-0.494458	-0.740008	3.704305	35
-0.505569	-0.756637	4.095730	36
-0.516681	-0.773267	4.517065	37
-0.527792	-0.789896	4.969763	38
-0.538903	-0.806525	5.455304	39
-0.550015	-0.823155	5.975198	40
52
-0.102610	-0.183224	0.000282	1
-0.112383	-0.200674	0.000013	2
-0.122155	-0.218124	0.000585	3
-0.131928	-0.235574	0.002239	4
-0.141700	-0.253024	0.005266	5
-0.151473	-0.270474	0.010000	6
-0.161245	-0.287924	0.016813	7
-0.171017	-0.305374	0.026116	8
-0.180790	-0.322823	0.038355	9
-0.190562	-0.340273	0.054013	10
-0.200335	-0.357723	0.073609	11
-0.210107	-0.375173	0.097700	12
-0.219880	-0.392623	0.126875	13
-0.229652	-0.410073	0.161762	14
-0.239424	-0.427523	0.203025	15
-0.249197	-0.444973	0.251361	16
-0.258969	-0.462423	0.307506	17
-0.268742	-0.479873	0.372229	18
-0.278514	-0.497323	0.446336	19
-0.288287	-0.514773	0.530670	20
-0.298059	-0.532223	0.626106	21
-0.307831	-0.549672	0.733558	22
-0.317604	-0.567122	0.853977	23
-0.327376	-0.584572	0.988345	24
-0.337149	-0.602022	1.137684	25
-0.346921	-0.619472	1.303049	26
-0.356694	-0.636922	1.485529	27
-0.366466	-0.654372	1.686250	28
-0.376238	-0.671822	1.906368	29
-0.386011	-0.689272	2.147077	30
-0.395783	-0.706722	2.409602	31
-0.405556	-0.724172	2.695204	32
-0.415328	-0.741622	3.005175	33
-0.425101	-0.759071	3.340841	34
-0.434873	-0.776521	3.703560	35
-0.444645	-0.793971	4.094722	36
-0.454418	-0.811421	4.515745	37
-0.464190	-0.828871	4.968079	38
-0.473963	-0.846321	5.453204	39
-0.483735	-0.863771	5.972627	40
53
-0.087919	-0.190710	0.000289	1
-0.096292	-0.208873	0.000011	2
-0.104665	-0.227036	0.000575	3
-0.113038	-0.245199	0.002222	4
-0.121411	-0.263362	0.005241	5
-0.129785	-0.281524	0.009968	6
-0.138158	-0.299687	0.016773	7
-0.146531	-0.317850	0.026069	8
-0.154904	-0.336013	0.038302	9
-0.163277	-0.354176	0.053955	10
-0.171650	-0.372339	0.073549	11
-0.180024	-0.390502	0.097640	12
-0.188397	-0.408664	0.126817	13
-0.196770	-0.426827	0.161710	14
-0.205143	-0.444990	0.202981	15
-0.213516	-0.463153	0.251329	16
-0.221890	-0.481316	0.307487	17
-0.230263	-0.499479	0.372226	18
-0.238636	-0.517642	0.446351	19
-0.247009	-0.535804	0.530703	20
-0.255382	-0.553967	0.626158	21
-0.263756	-0.572130	0.733630	22
-0.272129	-0.590293	0.854066	23
-0.280502	-0.608456	0.988450	24
-0.288875	-0.626619	1.137799	25
-0.297248	-0.644782	1.303166	26
-0.305622	-0.662945	1.485639	27
-0.313995	-0.681107	1.686338	28
-0.322368	-0.699270	1.906420	29
-0.330741	-0.717433	2.147073	30
-0.339114	-0.735596	2.409520	31
-0.347488	-0.753759	2.695019	32
-0.355861	-0.771922	3.004860	33
-0.364234	-0.790085	3.340366	34
-0.372607	-0.808247	3.702892	35
-0.380980	-0.826410	4.093825	36
-0.389354	-0.844573	4.514581	37
-0.397727	-0.862736	4.966608	38
-0.406100	-0.880899	5.451384	39
-0.414473	-0.899062	5.970417	40
54
-0.072685	-0.197020	0.000295	1
-0.079607	-0.215784	0.000008	2
-0.086529	-0.234548	0.000567	3
-0.093452	-0.253312	0.002208	4
-0.100374	-0.272076	0.005223	5
-0.107296	-0.290839	0.009945	6
-0.114219	-0.309603	0.016747	7
-0.121141	-0.328367	0.026040	8
-0.128063	-0.347131	0.038271	9
-0.134986	-0.365895	0.053924	10
-0.141908	-0.384658	0.073520	11
-0.148830	-0.403422	0.097614	12
-0.155753	-0.422186	0.126798	13
-0.162675	-0.440950	0.161699	14
-0.169597	-0.459714	0.202980	15
-0.176520	-0.478478	0.251340	16
-0.183442	-0.497241	0.307512	17
-0.190364	-0.516005	0.372266	18
-0.197287	-0.534769	0.446407	19
-0.204209	-0.553533	0.530775	20
-0.211131	-0.572297	0.626247	21
-0.218054	-0.591061	0.733735	22
-0.224976	-0.609824	0.854185	23
-0.231898	-0.628588	0.988579	24
-0.238821	-0.647352	1.137934	25
-0.245743	-0.666116	1.303299	26
-0.252665	-0.684880	1.485760	27
-0.259588	-0.703644	1.686435	28
-0.266510	-0.722407	1.906478	29
-0.273432	-0.741171	2.147077	30
-0.280355	-0.759935	2.409452	31
-0.287277	-0.778699	2.694860	32
-0.294199	-0.797463	3.004587	33
-0.301122	-0.816227	3.339956	34
-0.308044	-0.834990	3.702318	35
-0.314966	-0.853754	4.093059	36
-0.321889	-0.872518	4.513594	37
-0.328811	-0.891282	4.965368	38
-0.335733	-0.910046	5.449860	39
-0.342656	-0.928809	5.968578	40
55
-0.057002	-0.202116	0.000300	1
-0.062431	-0.221365	0.000007	2
-0.067860	-0.240614	0.000560	3
-0.073289	-0.259863	0.002198	4
-0.078718	-0.279112	0.005210	5
-0.084146	-0.298361	0.009930	6
-0.089575	-0.317610	0.016731	7
-0.095004	-0.336859	0.026023	8
-0.100433	-0.356108	0.038255	9
-0.105862	-0.375358	0.053911	10
-0.111290	-0.394607	0.073510	11
-0.116719	-0.413856	0.097610	12
-0.122148	-0.433105	0.126800	13
-0.127577	-0.452354	0.161710	14
-0.133006	-0.471603	0.203001	15
-0.138434	-0.490852	0.251372	16
-0.143863	-0.510101	0.307557	17
-0.149292	-0.529350	0.372324	18
-0.154721	-0.548600	0.446479	19
-0.160150	-0.567849	0.530862	20
-0.165578	-0.587098	0.626348	21
-0.171007	-0.606347	0.733849	22
-0.176436	-0.625596	0.854310	23
-0.181865	-0.644845	0.988712	24
-0.187294	-0.664094	1.138068	25
-0.192722	-0.683343	1.303428	26
-0.198151	-0.702592	1.485874	27
-0.203580	-0.721842	1.686526	28
-0.209009	-0.741091	1.906534	29
-0.214438	-0.760340	2.147085	30
-0.219866	-0.779589	2.409399	31
-0.225295	-0.798838	2.694730	32
-0.230724	-0.818087	3.004364	33
-0.236153	-0.837336	3.339620	34
-0.241582	-0.856585	3.701850	35
-0.247010	-0.875834	4.092437	36
-0.252439	-0.895083	4.512795	37
-0.257868	-0.914333	4.964371	38
-0.263297	-0.933582	5.448640	39
-0.268726	-0.952831	5.967112	40
56
-0.040969	-0.205965	0.000303	1
-0.044871	-0.225581	0.000006	2
-0.048772	-0.245196	0.000556	3
-0.052674	-0.264812	0.002191	4
-0.056576	-0.284428	0.005202	5
-0.060478	-0.304043	0.009921	6
-0.064380	-0.323659	0.016722	7
-0.068281	-0.343275	0.026015	8
-0.072183	-0.362891	0.038249	9
-0.076085	-0.382506	0.053908	10
-0.079987	-0.402122	0.073511	11
-0.083889	-0.421738	0.097616	12
-0.087790	-0.441353	0.126813	13
-0.091692	-0.460969	0.161731	14
-0.095594	-0.480585	0.203031	15
-0.099496	-0.500201	0.251411	16
-0.103398	-0.519816	0.307606	17
-0.107299	-0.539432	0.372385	18
-0.111201	-0.559048	0.446551	19
-0.115103	-0.578663	0.530946	20
-0.119005	-0.598279	0.626444	21
-0.122907	-0.617895	0.733955	22
-0.126808	-0.637511	0.854424	23
-0.130710	-0.657126	0.988829	24
-0.134612	-0.676742	1.138185	25
-0.138514	-0.696358	1.303538	26
-0.142416	-0.715973	1.485972	27
-0.146317	-0.735589	1.686602	28
-0.150219	-0.755205	1.906582	29
-0.154121	-0.774820	2.147095	30
-0.158023	-0.794436	2.409361	31
-0.161925	-0.814052	2.694632	32
-0.165826	-0.833668	3.004195	33
-0.169728	-0.853283	3.339366	34
-0.173630	-0.872899	3.701497	35
-0.177532	-0.892515	4.091967	36
-0.181433	-0.912130	4.512193	37
-0.185335	-0.931746	4.963620	38
-0.189237	-0.951362	5.447725	39
-0.193139	-0.970978	5.966017	40
57
-0.024683	-0.208544	0.000306	1
-0.027033	-0.228406	0.000005	2
-0.029384	-0.248267	0.000553	3
-0.031735	-0.268129	0.002187	4
-0.034086	-0.287990	0.005197	5
-0.036436	-0.307851	0.009916	6
-0.038787	-0.327713	0.016718	7
-0.041138	-0.347574	0.026012	8
-0.043489	-0.367435	0.038248	9
-0.045839	-0.387297	0.053909	10
-0.048190	-0.407158	0.073517	11
-0.050541	-0.427019	0.097626	12
-0.052891	-0.446881	0.126828	13
-0.055242	-0.466742	0.161752	14
-0.057593	-0.486604	0.203058	15
-0.059944	-0.506465	0.251446	16
-0.062294	-0.526326	0.307649	17
-0.064645	-0.546188	0.372436	18
-0.066996	-0.566049	0.446611	19
-0.069347	-0.585910	0.531015	20
-0.071697	-0.605772	0.626521	21
-0.074048	-0.625633	0.734039	22
-0.076399	-0.645495	0.854513	23
-0.078750	-0.665356	0.988920	24
-0.081100	-0.685217	1.138273	25
-0.083451	-0.705079	1.303620	26
-0.085802	-0.724940	1.486043	27
-0.088152	-0.744801	1.686659	28
-0.090503	-0.764663	1.906618	29
-0.092854	-0.784524	2.147105	30
-0.095205	-0.804386	2.409338	31
-0.097555	-0.824247	2.694570	32
-0.099906	-0.844108	3.004085	33
-0.102257	-0.863970	3.339198	34
-0.104608	-0.883831	3.701260	35
-0.106958	-0.903692	4.091653	36
-0.109309	-0.923554	4.511789	37
-0.111660	-0.943415	4.963116	38
-0.114011	-0.963276	5.447113	39
-0.116361	-0.983138	5.965288	40
58
-0.008244	-0.209838	0.000307	1
-0.009030	-0.229823	0.000005	2
-0.009815	-0.249807	0.000551	3
-0.010600	-0.269792	0.002185	4
-0.011385	-0.289776	0.005195	5
-0.012170	-0.309761	0.009915	6
-0.012955	-0.329746	0.016717	7
-0.013741	-0.349730	0.026013	8
-0.014526	-0.369715	0.038250	9
-0.015311	-0.389699	0.053913	10
-0.016096	-0.409684	0.073523	11
-0.016881	-0.429669	0.097635	12
-0.017666	-0.449653	0.126841	13
-0.018452	-0.469638	0.161767	14
-0.019237	-0.489622	0.203078	15
-0.020022	-0.509607	0.251470	16
-0.020807	-0.529591	0.307678	17
-0.021592	-0.549576	0.372471	18
-0.022378	-0.569561	0.446652	19
-0.023163	-0.589545	0.531062	20
-0.023948	-0.609530	0.626573	21
-0.024733	-0.629514	0.734094	22
-0.025518	-0.649499	0.854570	23
-0.026303	-0.669483	0.988976	24
-0.027089	-0.689468	1.138327	25
-0.027874	-0.709453	1.303670	26
-0.028659	-0.729437	1.486087	27
-0.029444	-0.749422	1.686694	28
-0.030229	-0.769406	1.906642	29
-0.031015	-0.789391	2.147116	30
-0.031800	-0.809376	2.409333	31
-0.032585	-0.829360	2.694545	32
-0.033370	-0.849345	3.004034	33
-0.034155	-0.869329	3.339117	34
-0.034940	-0.889314	3.701143	35
-0.035726	-0.909298	4.091494	36
-0.036511	-0.929283	4.511584	37
-0.037296	-0.949268	4.962860	38
-0.038081	-0.969252	5.446803	39
-0.038866	-0.989237	5.964921	40
59
0.008243	-0.209838	0.000306	1
0.009028	-0.229823	0.000005	2
0.009813	-0.249807	0.000552	3
0.010598	-0.269792	0.002186	4
0.011383	-0.289777	0.005196	5
0.012168	-0.309761	0.009916	6
0.012953	-0.329746	0.016719	7
0.013738	-0.349730	0.026016	8
0.014523	-0.369715	0.038254	9
0.015308	-0.389699	0.053918	10
0.016093	-0.409684	0.073529	11
0.016878	-0.429669	0.097642	12
0.017663	-0.449653	0.126849	13
0.018448	-0.469638	0.161776	14
0.019233	-0.489622	0.203088	15
0.020018	-0.509607	0.251482	16
0.020803	-0.529592	0.307692	17
0.021588	-0.549576	0.372487	18
0.022373	-0.569561	0.446671	19
0.023158	-0.589545	0.531082	20
0.023943	-0.609530	0.626594	21
0.024728	-0.629515	0.734116	22
0.025513	-0.649499	0.854590	23
0.026298	-0.669484	0.988996	24
0.027083	-0.689468	1.138345	25
0.027868	-0.709453	1.303686	26
0.028653	-0.729437	1.486101	27
0.029438	-0.749422	1.686708	28
0.030223	-0.769407	1.906656	29
0.031008	-0.789391	2.147129	30
0.031793	-0.809376	2.409346	31
0.032578	-0.829360	2.694556	32
0.033363	-0.849345	3.004043	33
0.034148	-0.869330	3.339122	34
0.034933	-0.889314	3.701144	35
0.035718	-0.909299	4.091490	36
0.036503	-0.929283	4.511576	37
0.037288	-0.949268	4.962850	38
0.038073	-0.969253	5.446791	39
0.038858	-0.989237	5.964912	40
60
0.024681	-0.208545	0.000305	1
0.027032	-0.228406	0.000005	2
0.029382	-0.248267	0.000553	3
0.031733	-0.268129	0.002189	4
0.034083	-0.287990	0.005200	5
0.036434	-0.307852	0.009921	6
0.038784	-0.327713	0.016725	7
0.041135	-0.347574	0.026022	8
0.043486	-0.367436	0.038260	9
0.045836	-0.387297	0.053925	10
0.048187	-0.407158	0.073535	11
0.050537	-0.427020	0.097647	12
0.052888	-0.446881	0.126853	13
0.055239	-0.466743	0.161780	14
0.057589	-0.486604	0.203091	15
0.059940	-0.506465	0.251484	16
0.062290	-0.526327	0.307693	17
0.064641	-0.546188	0.372486	18
0.066991	-0.566050	0.446668	19
0.069342	-0.585911	0.531076	20
0.071693	-0.605772	0.626586	21
0.074043	-0.625634	0.734105	22
0.076394	-0.645495	0.854577	23
0.078744	-0.665357	0.988980	24
0.081095	-0.685218	1.138329	25
0.083445	-0.705079	1.303671	26
0.085796	-0.724941	1.486090	27
0.088147	-0.744802	1.686703	28
0.090497	-0.764663	1.906660	29
0.092848	-0.784525	2.147145	30
0.095198	-0.804386	2.409376	31
0.097549	-0.824248	2.694603	32
0.099899	-0.844109	3.004109	33
0.102250	-0.863970	3.339211	34
0.104601	-0.883832	3.701261	35
0.106951	-0.903693	4.091639	36
0.109302	-0.923555	4.511764	37
0.111652	-0.943416	4.963083	38
0.114003	-0.963277	5.447077	39
0.116353	-0.983139	5.965259	40
61
0.040967	-0.205965	0.000302	1
0.044869	-0.225581	0.000006	2
0.048770	-0.245197	0.000557	3
0.052672	-0.264812	0.002194	4
0.056574	-0.284428	0.005207	5
0.060475	-0.304044	0.009930	6
0.064377	-0.323660	0.016734	7
0.068279	-0.343275	0.026032	8
0.072180	-0.362891	0.038271	9
0.076082	-0.382507	0.053935	10
0.079984	-0.402123	0.073544	11
0.083885	-0.421738	0.097655	12
0.087787	-0.441354	0.126858	13
0.091689	-0.460970	0.161783	14
0.095590	-0.480586	0.203090	15
0.099492	-0.500201	0.251479	16
0.103393	-0.519817	0.307684	17
0.107295	-0.539433	0.372472	18
0.111197	-0.559049	0.446648	19
0.115098	-0.578664	0.531051	20
0.119000	-0.598280	0.626554	21
0.122902	-0.617896	0.734068	22
0.126803	-0.637512	0.854535	23
0.130705	-0.657127	0.988936	24
0.134607	-0.676743	1.138285	25
0.138508	-0.696359	1.303632	26
0.142410	-0.715974	1.486059	27
0.146311	-0.735590	1.686684	28
0.150213	-0.755206	1.906658	29
0.154115	-0.774822	2.147165	30
0.158016	-0.794437	2.409423	31
0.161918	-0.814053	2.694683	32
0.165820	-0.833669	3.004230	33
0.169721	-0.853285	3.339382	34
0.173623	-0.872900	3.701490	35
0.177525	-0.892516	4.091939	36
0.181426	-0.912132	4.512145	37
0.185328	-0.931748	4.963558	38
0.189230	-0.951363	5.447659	39
0.193131	-0.970979	5.965961	40
62
0.057001	-0.202116	0.000298	1
0.062429	-0.221365	0.000007	2
0.067858	-0.240614	0.000562	3
0.073287	-0.259864	0.002203	4
0.078715	-0.279113	0.005218	5
0.084144	-0.298362	0.009943	6
0.089573	-0.317611	0.016750	7
0.095001	-0.336860	0.026049	8
0.100430	-0.356109	0.038289	9
0.105859	-0.375358	0.053953	10
0.111287	-0.394608	0.073562	11
0.116716	-0.413857	0.097671	12
0.122145	-0.433106	0.126872	13
0.127573	-0.452355	0.161793	14
0.133002	-0.471604	0.203095	15
0.138431	-0.490853	0.251479	16
0.143859	-0.510102	0.307676	17
0.149288	-0.529352	0.372456	18
0.154716	-0.548601	0.446623	19
0.160145	-0.567850	0.531016	20
0.165574	-0.587099	0.626511	21
0.171002	-0.606348	0.734016	22
0.176431	-0.625597	0.854477	23
0.181860	-0.644847	0.988875	24
0.187288	-0.664096	1.138224	25
0.192717	-0.683345	1.303576	26
0.198146	-0.702594	1.486014	27
0.203574	-0.721843	1.686655	28
0.209003	-0.741092	1.906651	29
0.214432	-0.760341	2.147188	30
0.219860	-0.779591	2.409485	31
0.225289	-0.798840	2.694795	32
0.230718	-0.818089	3.004403	33
0.236146	-0.837338	3.339630	34
0.241575	-0.856587	3.701828	35
0.247004	-0.875836	4.092384	36
0.252432	-0.895085	4.512715	37
0.257861	-0.914335	4.964271	38
0.263289	-0.933584	5.448533	39
0.268718	-0.952833	5.967016	40
63
0.072683	-0.197021	0.000293	1
0.079605	-0.215785	0.000009	2
0.086527	-0.234549	0.000569	3
0.093450	-0.253312	0.002214	4
0.100372	-0.272076	0.005234	5
0.107294	-0.290840	0.009963	6
0.114216	-0.309604	0.016774	7
0.121138	-0.328368	0.026077	8
0.128060	-0.347132	0.038320	9
0.134983	-0.365896	0.053986	10
0.141905	-0.384660	0.073596	11
0.148827	-0.403423	0.097705	12
0.155749	-0.422187	0.126904	13
0.162671	-0.440951	0.161821	14
0.169594	-0.459715	0.203119	15
0.176516	-0.478479	0.251495	16
0.183438	-0.497243	0.307684	17
0.190360	-0.516007	0.372453	18
0.197282	-0.534771	0.446609	19
0.204205	-0.553535	0.530990	20
0.211127	-0.572298	0.626472	21
0.218049	-0.591062	0.733966	22
0.224971	-0.609826	0.854419	23
0.231893	-0.628590	0.988812	24
0.238815	-0.647354	1.138161	25
0.245738	-0.666118	1.303516	26
0.252660	-0.684882	1.485964	27
0.259582	-0.703646	1.686622	28
0.266504	-0.722410	1.906644	29
0.273426	-0.741173	2.147217	30
0.280349	-0.759937	2.409562	31
0.287271	-0.778701	2.694934	32
0.294193	-0.797465	3.004623	33
0.301115	-0.816229	3.339949	34
0.308037	-0.834993	3.702268	35
0.314960	-0.853757	4.092967	36
0.321882	-0.872521	4.513466	37
0.328804	-0.891284	4.965214	38
0.335726	-0.910048	5.449695	39
0.342648	-0.928812	5.968423	40
64
0.087917	-0.190711	0.000287	1
0.096290	-0.208874	0.000011	2
0.104663	-0.227037	0.000578	3
0.113036	-0.245200	0.002229	4
0.121409	-0.263362	0.005256	5
0.129782	-0.281525	0.009992	6
0.138155	-0.299688	0.016810	7
0.146528	-0.317851	0.026120	8
0.154901	-0.336014	0.038370	9
0.163274	-0.354177	0.054042	10
0.171648	-0.372340	0.073657	11
0.180021	-0.390503	0.097769	12
0.188394	-0.408666	0.126969	13
0.196767	-0.426829	0.161885	14
0.205140	-0.444992	0.203178	15
0.213513	-0.463155	0.251548	16
0.221886	-0.481318	0.307728	17
0.230259	-0.499481	0.372486	18
0.238632	-0.517644	0.446628	19
0.247005	-0.535806	0.530995	20
0.255378	-0.553969	0.626463	21
0.263751	-0.572132	0.733944	22
0.272124	-0.590295	0.854385	23
0.280497	-0.608458	0.988769	24
0.288870	-0.626621	1.138113	25
0.297243	-0.644784	1.303469	26
0.305616	-0.662947	1.485923	27
0.313989	-0.681110	1.686595	28
0.322362	-0.699273	1.906643	29
0.330735	-0.717436	2.147254	30
0.339109	-0.735599	2.409653	31
0.347482	-0.753762	2.695099	32
0.355855	-0.771925	3.004884	33
0.364228	-0.790087	3.340331	34
0.372601	-0.808250	3.702799	35
0.380974	-0.826413	4.093677	36
0.389347	-0.844576	4.514385	37
0.397720	-0.862739	4.966376	38
0.406093	-0.880902	5.451134	39
0.414466	-0.899065	5.970175	40
65
0.102609	-0.183225	0.000280	1
0.112381	-0.200675	0.000013	2
0.122154	-0.218125	0.000588	3
0.131926	-0.235575	0.002248	4
0.141698	-0.253025	0.005284	5
0.151470	-0.270475	0.010032	6
0.161243	-0.287925	0.016862	7
0.171015	-0.305375	0.026185	8
0.180787	-0.322825	0.038448	9
0.190560	-0.340275	0.054132	10
0.200332	-0.357725	0.073757	11
0.210104	-0.375175	0.097878	12
0.219877	-0.392625	0.127084	13
0.229649	-0.410075	0.162003	14
0.239421	-0.427525	0.203297	15
0.249193	-0.444975	0.251663	16
0.258966	-0.462425	0.307835	17
0.268738	-0.479875	0.372583	18
0.278510	-0.497325	0.446713	19
0.288283	-0.514775	0.531065	20
0.298055	-0.532225	0.626516	21
0.307827	-0.549675	0.733981	22
0.317599	-0.567125	0.854406	23
0.327372	-0.584575	0.988775	24
0.337144	-0.602025	1.138107	25
0.346916	-0.619475	1.303455	26
0.356689	-0.636925	1.485907	27
0.366461	-0.654375	1.686588	28
0.376233	-0.671825	1.906656	29
0.386005	-0.689275	2.147304	30
0.395778	-0.706725	2.409760	31
0.405550	-0.724175	2.695287	32
0.415322	-0.741625	3.005179	33
0.425095	-0.759075	3.340765	34
0.434867	-0.776525	3.703406	35
0.444639	-0.793975	4.094494	36
0.454411	-0.811425	4.515453	37
0.464184	-0.828875	4.967737	38
0.473956	-0.846325	5.452834	39
0.483728	-0.863775	5.972260	40
66
0.116668	-0.174610	0.000271	1
0.127780	-0.191239	0.000016	2
0.138891	-0.207868	0.000601	3
0.150002	-0.224498	0.002272	4
0.161114	-0.241127	0.005322	5
0.172225	-0.257757	0.010086	6
0.183336	-0.274386	0.016935	7
0.194447	-0.291016	0.026279	8
0.205559	-0.307645	0.038563	9
0.216670	-0.324275	0.054268	10
0.227781	-0.340904	0.073914	11
0.238892	-0.357534	0.098052	12
0.250004	-0.374163	0.127273	13
0.261115	-0.390793	0.162203	14
0.272226	-0.407422	0.203504	15
0.283338	-0.424052	0.251873	16
0.294449	-0.440681	0.308043	17
0.305560	-0.457311	0.372784	18
0.316671	-0.473940	0.446903	19
0.327783	-0.490570	0.531240	20
0.338894	-0.507199	0.626674	21
0.350005	-0.523829	0.734117	22
0.361117	-0.540458	0.854519	23
0.372228	-0.557087	0.988865	24
0.383339	-0.573717	1.138175	25
0.394450	-0.590346	1.303503	26
0.405562	-0.606976	1.485943	27
0.416673	-0.623605	1.686621	28
0.427784	-0.640235	1.906700	29
0.438895	-0.656864	2.147377	30
0.450007	-0.673494	2.409886	31
0.461118	-0.690123	2.695492	32
0.472229	-0.706753	3.005497	33
0.483341	-0.723382	3.341233	34
0.494452	-0.740012	3.704066	35
0.505563	-0.756641	4.095391	36
0.516674	-0.773271	4.516638	37
0.527786	-0.789900	4.969266	38
0.538897	-0.806530	5.454765	39
0.550008	-0.823159	5.974654	40
67
0.130009	-0.164918	0.000262	1
0.142390	-0.180624	0.000018	2
0.154772	-0.196330	0.000615	3
0.167154	-0.212037	0.002300	4
0.179536	-0.227743	0.005370	5
0.191917	-0.243450	0.010158	6
0.204299	-0.259156	0.017035	7
0.216681	-0.274863	0.026411	8
0.229063	-0.290569	0.038728	9
0.241444	-0.306275	0.054467	10
0.253826	-0.321982	0.074145	11
0.266208	-0.337688	0.098314	12
0.278590	-0.353395	0.127564	13
0.290971	-0.369101	0.162517	14
0.303353	-0.384808	0.203837	15
0.315735	-0.400514	0.252218	16
0.328117	-0.416220	0.308395	17
0.340498	-0.431927	0.373137	18
0.352880	-0.447633	0.447250	19
0.365262	-0.463340	0.531574	20
0.377644	-0.479046	0.626988	21
0.390026	-0.494753	0.734406	22
0.402407	-0.510459	0.854778	23
0.414789	-0.526165	0.989089	24
0.427171	-0.541872	1.138362	25
0.439553	-0.557578	1.303656	26
0.451934	-0.573285	1.486066	27
0.464316	-0.588991	1.686723	28
0.476698	-0.604698	1.906795	29
0.489080	-0.620404	2.147486	30
0.501461	-0.636110	2.410033	31
0.513843	-0.651817	2.695710	32
0.526225	-0.667523	3.005823	33
0.538607	-0.683230	3.341711	34
0.550988	-0.698936	3.704745	35
0.563370	-0.714643	4.096328	36
0.575752	-0.730349	4.517897	37
0.588134	-0.746055	4.970915	38
0.600515	-0.761762	5.456880	39
0.612897	-0.777468	5.977314	40
68
0.142547	-0.154209	0.000253	1
0.156123	-0.168895	0.000020	2
0.169699	-0.183582	0.000630	3
0.183275	-0.198268	0.002334	4
0.196851	-0.212955	0.005430	5
0.210427	-0.227642	0.010251	6
0.224002	-0.242328	0.017169	7
0.237578	-0.257015	0.026590	8
0.251154	-0.271701	0.038956	9
0.264730	-0.286388	0.054746	10
0.278306	-0.301074	0.074475	11
0.291882	-0.315761	0.098694	12
0.305458	-0.330447	0.127989	13
0.319034	-0.345134	0.162985	14
0.332610	-0.359820	0.204340	15
0.346186	-0.374507	0.252751	16
0.359762	-0.389194	0.308949	17
0.373337	-0.403880	0.373703	18
0.386913	-0.418567	0.447818	19
0.400489	-0.433253	0.532134	20
0.414065	-0.447940	0.627529	21
0.427641	-0.462626	0.734917	22
0.441217	-0.477313	0.855249	23
0.454793	-0.491999	0.989512	24
0.468369	-0.506686	1.138731	25
0.481945	-0.521372	1.303968	26
0.495521	-0.536059	1.486324	27
0.509097	-0.550746	1.686934	28
0.522672	-0.565432	1.906972	29
0.536248	-0.580119	2.147649	30
0.549824	-0.594805	2.410209	31
0.563400	-0.609492	2.695933	32
0.576976	-0.624178	3.006135	33
0.590552	-0.638865	3.342162	34
0.604128	-0.653551	3.705395	35
0.617704	-0.668238	4.097248	36
0.631280	-0.682925	4.519163	37
0.644856	-0.697611	4.972615	38
0.658432	-0.712298	5.459108	39
0.672007	-0.726984	5.980174	40
69
0.154207	-0.142549	0.000243	1
0.168893	-0.156125	0.000022	2
0.183579	-0.169701	0.000646	3
0.198266	-0.183278	0.002374	4
0.212952	-0.196854	0.005504	5
0.227638	-0.210430	0.010371	6
0.242325	-0.224006	0.017344	7
0.257011	-0.237582	0.026828	8
0.271698	-0.251158	0.039263	9
0.286384	-0.264734	0.055126	10
0.301070	-0.278310	0.074930	11
0.315757	-0.291887	0.099223	12
0.330443	-0.305463	0.128590	13
0.345129	-0.319039	0.163653	14
0.359816	-0.332615	0.205070	15
0.374502	-0.346191	0.253533	16
0.389188	-0.359767	0.309773	17
0.403875	-0.373343	0.374557	18
0.418561	-0.386919	0.448687	19
0.433247	-0.400495	0.533004	20
0.447934	-0.414072	0.628383	21
0.462620	-0.427648	0.735738	22
0.477307	-0.441224	0.856021	23
0.491993	-0.454800	0.990220	24
0.506679	-0.468376	1.139363	25
0.521366	-0.481952	1.304516	26
0.536052	-0.495528	1.486784	27
0.550738	-0.509104	1.687310	28
0.565425	-0.522681	1.907274	29
0.580111	-0.536257	2.147893	30
0.594797	-0.549833	2.410422	31
0.609484	-0.563409	2.696150	32
0.624170	-0.576985	3.006403	33
0.638856	-0.590561	3.342540	34
0.653543	-0.604137	3.705954	35
0.668229	-0.617713	4.098070	36
0.682915	-0.631290	4.520344	37
0.697602	-0.644866	4.974265	38
0.712288	-0.658442	5.461346	39
0.726975	-0.672018	5.983129	40
70
0.164916	-0.130011	0.000233	1
0.180622	-0.142393	0.000023	2
0.196328	-0.154775	0.000663	3
0.212034	-0.167157	0.002420	4
0.227741	-0.179539	0.005595	5
0.243447	-0.191921	0.010521	6
0.259153	-0.204303	0.017567	7
0.274859	-0.216685	0.027136	8
0.290566	-0.229067	0.039666	9
0.306272	-0.241449	0.055630	10
0.321978	-0.253831	0.075540	11
0.337684	-0.266213	0.099940	12
0.353391	-0.278595	0.129414	13
0.369097	-0.290977	0.164579	14
0.384803	-0.303359	0.206091	15
0.400509	-0.315741	0.254640	16
0.416216	-0.328123	0.310952	17
0.431922	-0.340505	0.375793	18
0.447628	-0.352887	0.449960	19
0.463334	-0.365269	0.534292	20
0.479041	-0.377651	0.629663	21
0.494747	-0.390033	0.736985	22
0.510453	-0.402415	0.857209	23
0.526159	-0.414797	0.991327	24
0.541866	-0.427179	1.140368	25
0.557572	-0.439561	1.305402	26
0.573278	-0.451943	1.487539	27
0.588985	-0.464325	1.687927	28
0.604691	-0.476706	1.907757	29
0.620397	-0.489088	2.148254	30
0.636103	-0.501470	2.410684	31
0.651810	-0.513852	2.696350	32
0.667516	-0.526234	3.006591	33
0.683222	-0.538616	3.342782	34
0.698928	-0.550998	3.706333	35
0.714635	-0.563380	4.098686	36
0.730341	-0.575762	4.521315	37
0.746047	-0.588144	4.975723	38
0.761753	-0.600526	5.463440	39
0.777460	-0.612908	5.986024	40
71
0.174608	-0.116671	0.000224	1
0.191237	-0.127782	0.000024	2
0.207866	-0.138894	0.000682	3
0.224496	-0.150005	0.002474	4
0.241125	-0.161117	0.005704	5
0.257754	-0.172228	0.010707	6
0.274384	-0.183340	0.017847	7
0.291013	-0.194452	0.027528	8
0.307642	-0.205563	0.040183	9
0.324272	-0.216675	0.056284	10
0.340901	-0.227786	0.076339	11
0.357530	-0.238898	0.100889	12
0.374160	-0.250009	0.130514	13
0.390789	-0.261121	0.165828	14
0.407418	-0.272232	0.207482	15
0.424048	-0.283344	0.256162	16
0.440677	-0.294455	0.312590	17
0.457306	-0.305567	0.377525	18
0.473936	-0.316678	0.451762	19
0.490565	-0.327790	0.536134	20
0.507194	-0.338901	0.631512	21
0.523824	-0.350013	0.738807	22
0.540453	-0.361124	0.858968	23
0.557082	-0.372236	0.992986	24
0.573711	-0.383347	1.141893	25
0.590341	-0.394459	1.306762	26
0.606970	-0.405570	1.488708	27
0.623599	-0.416682	1.688889	28
0.640229	-0.427793	1.908501	29
0.656858	-0.438905	2.148784	30
0.673487	-0.450016	2.411018	31
0.690117	-0.461128	2.696522	32
0.706746	-0.472239	3.006654	33
0.723375	-0.483351	3.342809	34
0.740005	-0.494462	3.706420	35
0.756634	-0.505574	4.098951	36
0.773263	-0.516685	4.521900	37
0.789893	-0.527797	4.976791	38
0.806522	-0.538909	5.465177	39
0.823151	-0.550020	5.988636	40
72
0.183223	-0.102612	0.000217	1
0.200673	-0.112384	0.000024	2
0.218123	-0.122157	0.000702	3
0.235573	-0.131929	0.002537	4
0.253023	-0.141702	0.005835	5
0.270473	-0.151474	0.010932	6
0.287923	-0.161247	0.018193	7
0.305372	-0.171019	0.028015	8
0.322822	-0.180792	0.040833	9
0.340272	-0.190564	0.057114	10
0.357722	-0.200337	0.077362	11
0.375172	-0.210110	0.102117	12
0.392622	-0.219882	0.131952	13
0.410072	-0.229655	0.167476	14
0.427521	-0.239427	0.209335	15
0.444971	-0.249200	0.258208	16
0.462421	-0.258972	0.314811	17
0.479871	-0.268745	0.379895	18
0.497321	-0.278517	0.454250	19
0.514771	-0.288290	0.538702	20
0.532221	-0.298062	0.634116	21
0.549670	-0.307835	0.741398	22
0.567120	-0.317607	0.861494	23
0.584570	-0.327380	0.995394	24
0.602020	-0.337153	1.144130	25
0.619470	-0.346925	1.308778	26
0.636920	-0.356698	1.490458	27
0.654370	-0.366470	1.690334	28
0.671819	-0.376243	1.909617	29
0.689269	-0.386015	2.149559	30
0.706719	-0.395788	2.411459	31
0.724169	-0.405560	2.696657	32
0.741619	-0.415333	3.006536	33
0.759069	-0.425105	3.342518	34
0.776519	-0.434878	3.706065	35
0.793968	-0.444650	4.098671	36
0.811418	-0.454423	4.521863	37
0.828868	-0.464196	4.977197	38
0.846318	-0.473968	5.466256	39
0.863768	-0.483741	5.990646	40
73
0.190710	-0.087920	0.000212	1
0.208872	-0.096293	0.000025	2
0.227035	-0.104666	0.000726	3
0.245198	-0.113040	0.002611	4
0.263361	-0.121413	0.005992	5
0.281524	-0.129786	0.011203	6
0.299686	-0.138160	0.018611	7
0.317849	-0.146533	0.028610	8
0.336012	-0.154906	0.041634	9
0.354175	-0.163280	0.058147	10
0.372338	-0.171653	0.078649	11
0.390500	-0.180026	0.103675	12
0.408663	-0.188399	0.133794	13
0.426826	-0.196773	0.169608	14
0.444989	-0.205146	0.211754	15
0.463152	-0.213519	0.260905	16
0.481314	-0.221893	0.317765	17
0.499477	-0.230266	0.383078	18
0.517640	-0.238639	0.457622	19
0.535803	-0.247013	0.542214	20
0.553966	-0.255386	0.637709	21
0.572129	-0.263759	0.745007	22
0.590291	-0.272133	0.865047	23
0.608454	-0.280506	0.998813	24
0.626617	-0.288879	1.147336	25
0.644780	-0.297252	1.311693	26
0.662943	-0.305626	1.493009	27
0.681105	-0.313999	1.692457	28
0.699268	-0.322372	1.911260	29
0.717431	-0.330746	2.150689	30
0.735594	-0.339119	2.412065	31
0.753757	-0.347492	2.696756	32
0.771919	-0.355866	3.006177	33
0.790082	-0.364239	3.341784	34
0.808245	-0.372612	3.705076	35
0.826408	-0.380986	4.097588	36
0.844571	-0.389359	4.520887	37
0.862734	-0.397732	4.976572	38
0.880896	-0.406106	5.466265	39
0.899059	-0.414479	5.991610	40
74
0.197020	-0.072686	0.000210	1
0.215784	-0.079608	0.000029	2
0.234547	-0.086531	0.000755	3
0.253311	-0.093453	0.002699	4
0.272075	-0.100376	0.006176	5
0.290839	-0.107298	0.011524	6
0.309602	-0.114221	0.019107	7
0.328366	-0.121143	0.029323	8
0.347130	-0.128065	0.042601	9
0.365894	-0.134988	0.059407	10
0.384658	-0.141910	0.080235	11
0.403421	-0.148833	0.105616	12
0.422185	-0.155755	0.136112	13
0.440949	-0.162678	0.172319	14
0.459713	-0.169600	0.214862	15
0.478476	-0.176523	0.264403	16
0.497240	-0.183445	0.321635	17
0.516004	-0.190368	0.387287	18
0.534768	-0.197290	0.462122	19
0.553532	-0.204212	0.546943	20
0.572295	-0.211135	0.642593	21
0.591059	-0.218057	0.749956	22
0.609823	-0.224980	0.869962	23
0.628587	-0.231902	1.003585	24
0.647351	-0.238825	1.151851	25
0.666114	-0.245747	1.315835	26
0.684878	-0.252670	1.496665	27
0.703642	-0.259592	1.695524	28
0.722406	-0.266515	1.913650	29
0.741169	-0.273437	2.152336	30
0.759933	-0.280359	2.412931	31
0.778697	-0.287282	2.696838	32
0.797461	-0.294204	3.005509	33
0.816225	-0.301127	3.340450	34
0.834988	-0.308049	3.703206	35
0.853752	-0.314972	4.095365	36
0.872516	-0.321894	4.518550	37
0.891280	-0.328817	4.974415	38
0.910044	-0.335739	5.464638	39
0.928807	-0.342662	5.990917	40
75
0.202115	-0.057004	0.000215	1
0.221364	-0.062433	0.000039	2
0.240613	-0.067862	0.000796	3
0.259862	-0.073290	0.002807	4
0.279112	-0.078719	0.006393	5
0.298361	-0.084148	0.011896	6
0.317610	-0.089577	0.019684	7
0.336859	-0.095006	0.030156	8
0.356108	-0.100435	0.043744	9
0.375357	-0.105864	0.060911	10
0.394606	-0.111293	0.082152	11
0.413855	-0.116722	0.107990	12
0.433104	-0.122151	0.138982	13
0.452353	-0.127580	0.175712	14
0.471602	-0.133009	0.218796	15
0.490851	-0.138438	0.268879	16
0.510100	-0.143866	0.326637	17
0.529349	-0.149295	0.392781	18
0.548599	-0.154724	0.468053	19
0.567848	-0.160153	0.553236	20
0.587097	-0.165582	0.649150	21
0.606346	-0.171011	0.756661	22
0.625595	-0.176440	0.876678	23
0.644844	-0.181869	1.010162	24
0.664093	-0.187298	1.158127	25
0.683342	-0.192727	1.321643	26
0.702591	-0.198156	1.501839	27
0.721840	-0.203585	1.699906	28
0.741089	-0.209014	1.917100	29
0.760338	-0.214442	2.154739	30
0.779587	-0.219871	2.414206	31
0.798837	-0.225300	2.696948	32
0.818086	-0.230729	3.004468	33
0.837335	-0.236158	3.338329	34
0.856584	-0.241587	3.700141	35
0.875833	-0.247016	4.091564	36
0.895082	-0.252445	4.514292	37
0.914331	-0.257874	4.970056	38
0.933580	-0.263303	5.460610	39
0.952829	-0.268732	5.987726	40
76
0.205965	-0.040970	0.000228	1
0.225580	-0.044872	0.000060	2
0.245196	-0.048774	0.000853	3
0.264812	-0.052676	0.002938	4
0.284427	-0.056578	0.006643	5
0.304043	-0.060480	0.012318	6
0.323659	-0.064382	0.020337	7
0.343274	-0.068284	0.031107	8
0.362890	-0.072186	0.045063	9
0.382506	-0.076087	0.062670	10
0.402122	-0.079989	0.084421	11
0.421737	-0.083891	0.110840	12
0.441353	-0.087793	0.142473	13
0.460969	-0.091695	0.179894	14
0.480584	-0.095597	0.223705	15
0.500200	-0.099499	0.274531	16
0.519816	-0.103401	0.333025	17
0.539431	-0.107303	0.399873	18
0.559047	-0.111205	0.475789	19
0.578663	-0.115107	0.561524	20
0.598278	-0.119009	0.657868	21
0.617894	-0.122910	0.765655	22
0.637510	-0.126812	0.885768	23
0.657125	-0.130714	1.019142	24
0.676741	-0.134616	1.166771	25
0.696357	-0.138518	1.329714	26
0.715972	-0.142420	1.509097	27
0.735588	-0.146322	1.706119	28
0.755204	-0.150224	1.922051	29
0.774819	-0.154126	2.158244	30
0.794435	-0.158028	2.416121	31
0.814051	-0.161930	2.697182	32
0.833667	-0.165832	3.002996	33
0.853282	-0.169734	3.335200	34
0.872898	-0.173635	3.695490	35
0.892514	-0.177537	4.085617	36
0.912129	-0.181439	4.507378	37
0.931745	-0.185341	4.962603	38
0.951361	-0.189243	5.453151	39
0.970976	-0.193145	5.980896	40
77
0.208544	-0.024684	0.000253	1
0.228406	-0.027035	0.000099	2
0.248267	-0.029386	0.000934	3
0.268128	-0.031737	0.003097	4
0.287990	-0.034087	0.006927	5
0.307851	-0.036438	0.012784	6
0.327712	-0.038789	0.021055	7
0.347574	-0.041140	0.032159	8
0.367435	-0.043491	0.046540	9
0.387296	-0.045842	0.064670	10
0.407158	-0.048193	0.087048	11
0.427019	-0.050543	0.114192	12
0.446881	-0.052894	0.146645	13
0.466742	-0.055245	0.184970	14
0.486603	-0.057596	0.229748	15
0.506465	-0.059947	0.281582	16
0.526326	-0.062298	0.341096	17
0.546187	-0.064649	0.408940	18
0.566049	-0.066999	0.485788	19
0.585910	-0.069350	0.572349	20
0.605771	-0.071701	0.669367	21
0.625633	-0.074052	0.777632	22
0.645494	-0.076403	0.897983	23
0.665355	-0.078754	1.031316	24
0.685217	-0.081105	1.178597	25
0.705078	-0.083455	1.340860	26
0.724939	-0.085806	1.519221	27
0.744801	-0.088157	1.714883	28
0.764662	-0.090508	1.929135	29
0.784524	-0.092859	2.163360	30
0.804385	-0.095210	2.419031	31
0.824246	-0.097561	2.697715	32
0.844108	-0.099912	3.001063	33
0.863969	-0.102262	3.330810	34
0.883830	-0.104613	3.688763	35
0.903692	-0.106964	4.076798	36
0.923553	-0.109315	4.496843	37
0.943414	-0.111666	4.950870	38
0.963276	-0.114017	5.440878	39
0.983137	-0.116368	5.968879	40
78
0.209838	-0.008246	0.000294	1
0.229823	-0.009031	0.000162	2
0.249807	-0.009816	0.001046	3
0.269792	-0.010602	0.003287	4
0.289776	-0.011387	0.007238	5
0.309761	-0.012172	0.013276	6
0.329746	-0.012958	0.021810	7
0.349730	-0.013743	0.033275	8
0.369715	-0.014528	0.048135	9
0.389699	-0.015313	0.066876	10
0.409684	-0.016099	0.090005	11
0.429668	-0.016884	0.118046	12
0.449653	-0.017669	0.151536	13
0.469638	-0.018455	0.191027	14
0.489622	-0.019240	0.237081	15
0.509607	-0.020025	0.290272	16
0.529591	-0.020811	0.351186	17
0.549576	-0.021596	0.420424	18
0.569560	-0.022381	0.498609	19
0.589545	-0.023166	0.586387	20
0.609530	-0.023952	0.684438	21
0.629514	-0.024737	0.793487	22
0.649499	-0.025522	0.914308	23
0.669483	-0.026308	1.047741	24
0.689468	-0.027093	1.194701	25
0.709452	-0.027878	1.356185	26
0.729437	-0.028664	1.533287	27
0.749422	-0.029449	1.727205	28
0.769406	-0.030234	1.939243	29
0.789391	-0.031020	2.170821	30
0.809375	-0.031805	2.423472	31
0.829360	-0.032590	2.698844	32
0.849345	-0.033375	2.998694	33
0.869329	-0.034161	3.324882	34
0.889314	-0.034946	3.679365	35
0.909298	-0.035731	4.064181	36
0.929283	-0.036517	4.481437	37
0.949267	-0.037302	4.933294	38
0.969252	-0.038087	5.421942	39
0.989237	-0.038873	5.949586	40
79
0.209838	0.008243	0.000355	1
0.229823	0.009029	0.000255	2
0.249807	0.009814	0.001191	3
0.269792	0.010599	0.003503	4
0.289776	0.011384	0.007559	5
0.309761	0.012169	0.013763	6
0.329746	0.012954	0.022552	7
0.349730	0.013739	0.034392	8
0.369715	0.014524	0.049774	9
0.389699	0.015309	0.069209	10
0.409684	0.016094	0.093224	11
0.429669	0.016879	0.122353	12
0.449653	0.017665	0.157138	13
0.469638	0.018450	0.198121	14
0.489622	0.019235	0.245843	15
0.509607	0.020020	0.300845	16
0.529591	0.020805	0.363665	17
0.549576	0.021590	0.434842	18
0.569561	0.022375	0.514924	19
0.589545	0.023160	0.604474	20
0.609530	0.023945	0.704082	21
0.629514	0.024730	0.814376	22
0.649499	0.025515	0.936039	23
0.669484	0.026301	1.069822	24
0.689468	0.027086	1.216562	25
0.709453	0.027871	1.377198	26
0.729437	0.028656	1.552781	27
0.749422	0.029441	1.744491	28
0.769407	0.030226	1.953643	29
0.789391	0.031011	2.181695	30
0.809376	0.031796	2.430250	31
0.829360	0.032581	2.701059	32
0.849345	0.033366	2.996013	33
0.869329	0.034152	3.317137	34
0.889314	0.034937	3.666580	35
0.909299	0.035722	4.046599	36
0.929283	0.036507	4.459540	37
0.949268	0.037292	4.907816	38
0.969252	0.038077	5.393882	39
0.989237	0.038862	5.920208	40
80
