time = 0.000000	Re = 30.000000	40	80
0.000000	1.000000
0.001000	501.926433
0.002000	189.253215
0.003000	43.116864
0.004000	256.026041
0.005000	46.869674
0.006000	32.178972
0.007000	408.991762
0.008000	193.002251
0.009000	20.711199
0.010000	24.216072
0.011000	6.515940
0.012000	548.506574
0.013000	9.371209
0.014000	24.298588
0.015000	24.306577
0.016000	28.610546
0.017000	8.767845
0.018000	2.485350
0.019000	20.402406
0.020000	0.953813
0.021000	10.041575
0.022000	0.883287
0.023000	1.400410
0.024000	2.309889
0.025000	1.074042
0.026000	0.942523
0.027000	6.148982
0.028000	1.837195
0.029000	1.596490
0.030000	3.038917
0.031000	1.038920
0.032000	18.479847
0.033000	0.936846
0.034000	1.488855
0.035000	2.440305
0.036000	0.783100
0.037000	0.394720
0.038000	0.557287
0.039000	2.815625
0.040000	0.619981
0.041000	0.641325
0.042000	1.352747
0.043000	0.786772
0.044000	29.517466
0.045000	8.291243
0.046000	18.504443
0.047000	261.241690
0.048000	61.217840
0.049000	23.755151
0.050000	5.212491
0.051000	15.154721
0.052000	40.029408
0.053000	10.546317
0.054000	6.366877
0.055000	28.442168
0.056000	1131.112058
0.057000	10.220162
0.058000	8.148587
0.059000	25.688292
0.060000	14.990644
0.061000	16.759496
0.062000	30.984358
0.063000	10.359673
0.064000	20.479698
0.065000	22.723347
0.066000	16.289603
0.067000	19.198093
0.068000	17.364504
0.069000	48.889493
0.070000	43.087221
0.071000	7.600655
0.072000	12.496606
0.073000	2.070727
0.074000	6.229188
0.075000	3.872288
0.076000	127.701388
0.077000	7.958237
0.078000	0.868242
0.079000	7.560124
0.080000	21.253187
0.081000	7.611315
0.082000	0.861358
0.083000	0.554375
0.084000	0.375115
0.085000	0.501726
0.086000	1.080489
0.087000	4.298308
0.088000	3.331664
0.089000	36.195432
0.090000	0.975658
0.091000	0.514280
0.092000	0.357772
0.093000	0.275591
0.094000	0.224830
0.095000	0.191953
0.096000	0.171673
0.097000	0.175742
0.098000	0.216223
0.099000	0.221083
0.100000	0.221235
0.101000	0.211524
0.102000	0.197868
0.103000	0.184253
0.104000	0.172043
0.105000	0.161710
0.106000	0.152511
0.107000	0.144376
0.108000	0.137221
0.109000	0.130860
0.110000	0.125194
0.111000	0.120105
0.112000	0.115519
0.113000	0.111356
0.114000	0.107553
0.115000	0.104064
0.116000	0.100847
0.117000	0.100084
0.118000	0.129714
0.119000	0.171053
0.120000	0.231029
0.121000	0.315947
0.122000	0.398132
0.123000	0.797931
0.124000	4.299568
0.125000	0.794170
0.126000	0.576357
0.127000	0.461034
0.128000	0.491852
0.129000	0.246158
0.130000	0.405535
0.131000	0.347098
0.132000	0.283776
0.133000	0.384592
0.134000	0.734534
0.135000	4.027796
0.136000	0.711854
0.137000	0.592926
0.138000	0.391720
0.139000	0.297586
0.140000	0.243111
0.141000	0.207419
0.142000	0.182188
0.143000	0.228449
0.144000	0.243916
0.145000	0.225913
0.146000	0.203111
0.147000	0.182489
0.148000	0.165230
0.149000	0.150998
0.150000	0.139207
0.151000	0.129343
0.152000	0.120993
0.153000	0.113841
0.154000	0.115073
0.155000	0.114170
0.156000	0.112527
0.157000	0.118705
0.158000	0.119956
0.159000	0.118283
0.160000	0.115013
0.161000	0.110983
0.162000	0.106708
0.163000	0.102437
0.164000	0.098312
0.165000	0.094408
0.166000	0.090753
0.167000	0.087350
0.168000	0.084188
0.169000	0.081253
0.170000	0.078528
0.171000	0.075998
0.172000	0.073639
0.173000	0.071443
0.174000	0.069392
0.175000	0.067468
0.176000	0.065665
0.177000	0.064686
0.178000	0.065111
0.179000	0.065157
0.180000	0.064909
0.181000	0.065156
0.182000	0.065269
0.183000	0.073611
0.184000	0.084094
0.185000	0.097038
0.186000	0.113459
0.187000	0.135017
0.188000	0.164614
0.189000	0.207872
0.190000	0.277193
0.191000	0.406588
0.192000	0.737649
0.193000	3.346308
0.194000	14.357670
0.195000	0.928381
0.196000	0.625101
0.197000	0.393279
0.198000	0.289494
0.199000	0.230576
0.200000	0.192564
0.201000	0.165984
0.202000	0.146334
0.203000	0.131204
0.204000	0.119184
0.205000	0.109395
0.206000	0.120950
0.207000	0.145065
0.208000	0.178724
0.209000	0.228977
0.210000	0.311632
0.211000	0.469978
0.212000	0.844423
0.213000	0.686656
0.214000	0.541332
0.215000	0.433011
0.216000	0.318430
0.217000	0.250431
0.218000	0.206892
0.219000	0.176849
0.220000	0.154935
0.221000	0.138244
0.222000	0.125114
0.223000	0.114514
0.224000	0.105764
0.225000	0.121828
0.226000	0.144745
0.227000	0.176351
0.228000	0.222650
0.229000	0.296327
0.230000	0.428131
0.231000	0.688093
0.232000	0.603239
0.233000	0.418367
0.234000	0.420291
0.235000	0.411141
0.236000	0.731601
0.237000	3.022042
0.238000	6.037214
0.239000	0.807534
0.240000	0.551436
0.241000	0.361155
0.242000	0.270117
0.243000	0.217364
0.244000	0.183030
0.245000	0.233145
0.246000	0.310402
0.247000	0.470972
0.248000	0.923313
0.249000	16.837079
0.250000	0.938314
0.251000	0.646570
0.252000	0.397726
0.253000	0.288807
0.254000	0.227658
0.255000	0.188484
0.256000	0.161221
0.257000	0.141171
0.258000	0.125779
0.259000	0.133426
0.260000	0.136327
0.261000	0.165171
0.262000	0.215299
0.263000	0.260932
0.264000	0.380916
0.265000	0.602463
0.266000	1.657814
0.267000	4.345202
0.268000	0.703094
0.269000	0.568384
0.270000	0.367442
0.271000	0.272088
0.272000	0.206672
0.273000	0.179094
0.274000	0.150418
0.275000	0.130597
0.276000	0.116215
0.277000	0.105947
0.278000	0.090708
0.279000	0.086626
0.280000	0.082717
0.281000	0.077687
0.282000	0.072288
0.283000	0.066799
0.284000	0.062476
0.285000	0.057453
0.286000	0.055003
0.287000	0.053241
0.288000	0.051226
0.289000	0.047506
0.290000	0.045282
0.291000	0.041200
0.292000	0.041716
0.293000	0.040637
0.294000	0.038975
0.295000	0.039023
0.296000	0.037879
0.297000	0.035860
0.298000	0.033142
0.299000	0.032172
0.300000	0.031715
0.301000	0.029187
0.302000	0.028596
0.303000	0.029323
0.304000	0.030283
0.305000	0.032048
0.306000	0.033961
0.307000	0.036039
0.308000	0.038307
0.309000	0.040796
0.310000	0.043534
0.311000	0.046566
0.312000	0.049944
0.313000	0.053726
0.314000	0.057993
0.315000	0.062843
0.316000	0.068403
0.317000	0.074838
0.318000	0.082359
0.319000	0.091258
0.320000	0.101925
0.321000	0.114876
0.322000	0.130822
0.323000	0.150661
0.324000	0.175309
0.325000	0.204781
0.326000	0.234135
0.327000	0.239485
0.328000	0.158311
0.329000	0.027499
0.330000	0.169681
0.331000	0.208791
0.332000	0.199962
0.333000	0.179740
0.334000	0.159660
0.335000	0.142325
0.336000	0.127877
0.337000	0.115887
0.338000	0.105879
0.339000	0.097446
0.340000	0.090269
0.341000	0.084101
0.342000	0.078750
0.343000	0.074069
0.344000	0.069941
0.345000	0.066277
0.346000	0.063000
0.347000	0.060798
0.348000	0.065635
0.349000	0.071153
0.350000	0.077494
0.351000	0.084837
0.352000	0.093406
0.353000	0.103463
0.354000	0.115308
0.355000	0.129200
0.356000	0.145111
0.357000	0.162062
0.358000	0.176213
0.359000	0.176577
0.360000	0.140657
0.361000	0.050447
0.362000	0.061339
0.363000	0.135270
0.364000	0.161396
0.365000	0.161012
0.366000	0.150763
0.367000	0.138194
0.368000	0.126062
0.369000	0.115195
0.370000	0.105712
0.371000	0.097502
0.372000	0.090387
0.373000	0.084202
0.374000	0.078795
0.375000	0.074037
0.376000	0.069827
0.377000	0.066080
0.378000	0.062726
0.379000	0.059709
0.380000	0.056981
0.381000	0.054503
0.382000	0.052243
0.383000	0.050175
0.384000	0.048273
0.385000	0.046520
0.386000	0.044899
0.387000	0.043394
0.388000	0.041995
0.389000	0.040689
0.390000	0.039469
0.391000	0.038326
0.392000	0.037253
0.393000	0.038933
0.394000	0.040813
0.395000	0.042862
0.396000	0.045107
0.397000	0.047576
0.398000	0.050306
0.399000	0.053343
0.400000	0.056737
0.401000	0.060560
0.402000	0.064900
0.403000	0.069868
0.404000	0.075616
0.405000	0.082337
0.406000	0.090308
0.407000	0.099916
0.408000	0.111722
0.409000	0.126582
0.410000	0.145860
0.411000	0.171877
0.412000	0.208917
0.413000	0.265887
0.414000	0.364801
0.415000	0.579031
0.416000	1.392382
0.417000	1.520557
0.418000	0.779641
0.419000	0.439294
0.420000	0.496741
0.421000	0.996636
0.422000	751.823246
0.423000	0.998681
0.424000	0.500830
0.425000	0.334718
0.426000	0.251624
0.427000	0.201750
0.428000	0.168490
0.429000	0.144725
0.430000	0.126896
0.431000	0.113023
0.432000	0.101921
0.433000	0.105671
0.434000	0.124845
0.435000	0.143220
0.436000	0.175718
0.437000	0.215256
0.438000	0.278115
0.439000	0.406766
0.440000	0.723441
0.441000	2.643818
0.442000	0.563205
0.443000	0.720495
0.444000	0.419687
0.445000	0.304478
0.446000	0.235257
0.447000	0.197407
0.448000	0.165830
0.449000	0.142826
0.450000	0.127752
0.451000	0.113688
0.452000	0.106464
0.453000	0.098425
0.454000	0.089547
0.455000	0.081933
0.456000	0.078076
0.457000	0.073321
0.458000	0.069261
0.459000	0.065617
0.460000	0.063976
0.461000	0.060111
0.462000	0.057576
0.463000	0.055848
0.464000	0.053415
0.465000	0.051276
0.466000	0.049341
0.467000	0.047375
0.468000	0.045682
0.469000	0.045427
0.470000	0.044094
0.471000	0.046232
0.472000	0.048529
0.473000	0.050997
0.474000	0.053641
0.475000	0.056467
0.476000	0.059467
0.477000	0.062624
0.478000	0.065891
0.479000	0.069187
0.480000	0.072360
0.481000	0.075166
0.482000	0.077205
0.483000	0.077871
0.484000	0.076292
0.485000	0.071330
0.486000	0.061766
0.487000	0.046730
0.488000	0.029153
0.489000	0.028431
0.490000	0.027971
0.491000	0.042362
0.492000	0.058462
0.493000	0.069217
0.494000	0.075346
0.495000	0.077990
0.496000	0.078252
0.497000	0.077004
0.498000	0.074863
0.499000	0.072245
0.500000	0.069417
0.501000	0.066538
0.502000	0.063709
0.503000	0.060985
0.504000	0.058396
0.505000	0.055953
0.506000	0.053661
0.507000	0.051515
0.508000	0.049509
0.509000	0.047635
0.510000	0.045884
0.511000	0.044247
0.512000	0.042715
0.513000	0.041281
0.514000	0.039936
0.515000	0.038672
0.516000	0.037485
0.517000	0.036366
0.518000	0.035312
0.519000	0.034317
0.520000	0.033376
0.521000	0.032486
0.522000	0.032477
0.523000	0.033592
0.524000	0.034762
0.525000	0.035987
0.526000	0.037269
0.527000	0.038609
0.528000	0.040003
0.529000	0.041448
0.530000	0.042936
0.531000	0.044456
0.532000	0.045989
0.533000	0.047508
0.534000	0.048973
0.535000	0.050330
0.536000	0.051504
0.537000	0.052388
0.538000	0.052844
0.539000	0.052693
0.540000	0.051713
0.541000	0.049643
0.542000	0.049938
0.543000	0.052792
0.544000	0.055973
0.545000	0.059544
0.546000	0.063583
0.547000	0.068188
0.548000	0.073486
0.549000	0.079647
0.550000	0.086901
0.551000	0.095567
0.552000	0.106103
0.553000	0.119195
0.554000	0.135891
0.555000	0.157926
0.556000	0.188354
0.557000	0.233090
0.558000	0.305342
0.559000	0.441782
0.560000	0.796363
0.561000	3.978141
0.562000	1.126009
0.563000	6.724354
0.564000	0.897475
0.565000	0.473812
0.566000	0.322205
0.567000	0.244290
0.568000	0.196917
0.569000	0.164840
0.570000	0.141994
0.571000	0.124591
0.572000	0.111175
0.573000	0.100258
0.574000	0.091439
0.575000	0.083987
0.576000	0.077689
0.577000	0.072284
0.578000	0.067595
0.579000	0.063487
0.580000	0.059860
0.581000	0.056630
0.582000	0.053737
0.583000	0.051132
0.584000	0.048772
0.585000	0.046625
0.586000	0.044663
0.587000	0.042864
0.588000	0.041207
0.589000	0.039675
0.590000	0.038257
0.591000	0.036939
0.592000	0.035710
0.593000	0.034563
0.594000	0.033489
0.595000	0.032481
0.596000	0.031534
0.597000	0.030642
0.598000	0.029800
0.599000	0.029004
0.600000	0.028251
0.601000	0.027537
0.602000	0.026859
0.603000	0.026215
0.604000	0.025602
0.605000	0.025017
0.606000	0.024459
0.607000	0.023926
0.608000	0.023416
0.609000	0.022929
0.610000	0.022461
0.611000	0.022013
0.612000	0.021583
0.613000	0.021169
0.614000	0.020772
0.615000	0.020389
0.616000	0.020021
0.617000	0.019666
0.618000	0.019324
0.619000	0.018993
0.620000	0.018675
0.621000	0.018366
0.622000	0.018068
0.623000	0.017780
0.624000	0.017500
0.625000	0.017231
0.626000	0.016968
0.627000	0.016714
0.628000	0.016468
0.629000	0.016229
0.630000	0.015996
0.631000	0.015771
0.632000	0.015552
0.633000	0.015339
0.634000	0.015132
0.635000	0.014930
0.636000	0.014734
0.637000	0.014543
0.638000	0.014356
0.639000	0.014175
0.640000	0.013998
0.641000	0.013825
0.642000	0.013657
0.643000	0.013493
0.644000	0.013333
0.645000	0.013176
0.646000	0.013023
0.647000	0.012874
0.648000	0.012728
0.649000	0.012585
0.650000	0.012445
0.651000	0.012309
0.652000	0.012175
0.653000	0.012044
0.654000	0.011917
0.655000	0.011791
0.656000	0.011915
0.657000	0.012084
0.658000	0.012256
0.659000	0.012433
0.660000	0.012614
0.661000	0.012800
0.662000	0.012991
0.663000	0.013186
0.664000	0.013387
0.665000	0.013594
0.666000	0.013806
0.667000	0.014025
0.668000	0.014250
0.669000	0.014481
0.670000	0.014720
0.671000	0.014966
0.672000	0.015219
0.673000	0.015480
0.674000	0.015750
0.675000	0.016028
0.676000	0.016316
0.677000	0.016613
0.678000	0.016920
0.679000	0.017239
0.680000	0.017568
0.681000	0.017910
0.682000	0.018264
0.683000	0.018632
0.684000	0.019014
0.685000	0.019410
0.686000	0.019823
0.687000	0.020253
0.688000	0.020701
0.689000	0.021168
0.690000	0.021656
0.691000	0.022165
0.692000	0.022698
0.693000	0.023256
0.694000	0.023841
0.695000	0.024455
0.696000	0.025100
0.697000	0.025779
0.698000	0.026494
0.699000	0.027249
0.700000	0.028046
0.701000	0.028890
0.702000	0.029785
0.703000	0.030736
0.704000	0.031748
0.705000	0.032826
0.706000	0.033978
0.707000	0.035213
0.708000	0.036537
0.709000	0.037967
0.710000	0.039505
0.711000	0.041175
0.712000	0.042988
0.713000	0.044965
0.714000	0.047130
0.715000	0.049511
0.716000	0.052142
0.717000	0.055065
0.718000	0.058330
0.719000	0.062005
0.720000	0.066167
0.721000	0.070921
0.722000	0.076405
0.723000	0.082802
0.724000	0.090359
0.725000	0.099428
0.726000	0.110506
0.727000	0.124342
0.728000	0.142130
0.729000	0.165829
0.730000	0.198967
0.731000	0.248629
0.732000	0.331226
0.733000	0.495805
0.734000	0.984758
0.735000	67.701124
0.736000	0.985018
0.737000	0.503907
0.738000	0.983848
0.739000	63.431296
0.740000	0.983993
0.741000	0.504156
0.742000	0.335312
0.743000	0.251224
0.744000	0.200874
0.745000	0.167354
0.746000	0.143431
0.747000	0.125498
0.748000	0.111556
0.749000	0.100408
0.750000	0.091289
0.751000	0.083691
0.752000	0.077264
0.753000	0.071754
0.754000	0.066979
0.755000	0.062800
0.756000	0.059116
0.757000	0.055839
0.758000	0.052907
0.759000	0.050268
0.760000	0.047880
0.761000	0.045709
0.762000	0.043728
0.763000	0.041911
0.764000	0.040264
0.765000	0.038675
0.766000	0.037286
0.767000	0.035918
0.768000	0.034721
0.769000	0.033551
0.770000	0.032470
0.771000	0.031456
0.772000	0.030505
0.773000	0.029609
0.774000	0.028765
0.775000	0.027968
0.776000	0.027213
0.777000	0.026498
0.778000	0.025819
0.779000	0.025175
0.780000	0.024561
0.781000	0.023977
0.782000	0.023419
0.783000	0.022887
0.784000	0.022379
0.785000	0.021892
0.786000	0.021427
0.787000	0.020980
0.788000	0.020551
0.789000	0.020139
0.790000	0.019743
0.791000	0.019363
0.792000	0.018997
0.793000	0.018645
0.794000	0.018305
0.795000	0.017977
0.796000	0.017660
0.797000	0.017354
0.798000	0.017059
0.799000	0.016773
0.800000	0.016497
0.801000	0.016229
0.802000	0.015970
0.803000	0.015719
0.804000	0.015476
0.805000	0.015239
0.806000	0.015010
0.807000	0.014787
0.808000	0.014571
0.809000	0.014361
0.810000	0.014157
0.811000	0.013959
0.812000	0.013765
0.813000	0.013577
0.814000	0.013394
0.815000	0.013216
0.816000	0.013042
0.817000	0.012873
0.818000	0.012707
0.819000	0.012546
0.820000	0.012389
0.821000	0.012236
0.822000	0.012209
0.823000	0.012261
0.824000	0.012309
0.825000	0.012352
0.826000	0.012391
0.827000	0.012424
0.828000	0.012451
0.829000	0.012472
0.830000	0.012485
0.831000	0.012492
0.832000	0.012490
0.833000	0.012479
0.834000	0.012459
0.835000	0.012430
0.836000	0.012389
0.837000	0.012337
0.838000	0.012272
0.839000	0.012195
0.840000	0.012104
0.841000	0.011998
0.842000	0.011877
0.843000	0.011740
0.844000	0.011585
0.845000	0.011413
0.846000	0.011222
0.847000	0.011011
0.848000	0.010781
0.849000	0.010530
0.850000	0.010258
0.851000	0.009963
0.852000	0.009646
0.853000	0.009307
0.854000	0.008944
0.855000	0.008764
0.856000	0.008690
0.857000	0.008616
0.858000	0.008544
0.859000	0.008473
0.860000	0.008403
0.861000	0.008333
0.862000	0.008265
0.863000	0.008198
0.864000	0.008132
0.865000	0.008067
0.866000	0.008003
0.867000	0.007939
0.868000	0.007877
0.869000	0.007815
0.870000	0.007755
0.871000	0.007695
0.872000	0.007636
0.873000	0.007577
0.874000	0.007520
0.875000	0.007463
0.876000	0.007407
0.877000	0.007352
0.878000	0.007298
0.879000	0.007244
0.880000	0.007191
0.881000	0.007139
0.882000	0.007087
0.883000	0.007036
0.884000	0.007386
0.885000	0.007821
0.886000	0.008233
0.887000	0.008623
0.888000	0.008990
0.889000	0.009334
0.890000	0.009656
0.891000	0.009956
0.892000	0.010234
0.893000	0.010490
0.894000	0.010726
0.895000	0.010941
0.896000	0.011137
0.897000	0.011315
0.898000	0.011475
0.899000	0.011618
0.900000	0.011744
0.901000	0.011855
0.902000	0.011951
0.903000	0.012034
0.904000	0.012103
0.905000	0.012161
0.906000	0.012207
0.907000	0.012241
0.908000	0.012266
0.909000	0.012282
0.910000	0.012289
0.911000	0.012287
0.912000	0.012278
0.913000	0.012263
0.914000	0.012240
0.915000	0.012212
0.916000	0.012178
0.917000	0.012139
0.918000	0.012095
0.919000	0.012047
0.920000	0.011996
0.921000	0.011941
0.922000	0.011882
0.923000	0.011821
0.924000	0.011757
0.925000	0.011691
0.926000	0.011622
0.927000	0.011552
0.928000	0.011480
0.929000	0.011407
0.930000	0.011332
0.931000	0.011256
0.932000	0.011179
0.933000	0.011102
0.934000	0.011023
0.935000	0.010945
0.936000	0.010865
0.937000	0.010786
0.938000	0.010706
0.939000	0.010626
0.940000	0.010546
0.941000	0.010466
0.942000	0.010386
0.943000	0.010306
0.944000	0.010227
0.945000	0.010147
0.946000	0.010068
0.947000	0.009990
0.948000	0.009911
0.949000	0.009833
0.950000	0.009756
0.951000	0.009679
0.952000	0.009603
0.953000	0.009527
0.954000	0.009452
0.955000	0.009377
0.956000	0.009303
0.957000	0.009229
0.958000	0.009156
0.959000	0.009084
0.960000	0.009012
0.961000	0.008941
0.962000	0.008871
0.963000	0.008801
0.964000	0.008732
0.965000	0.008664
0.966000	0.008596
0.967000	0.008529
0.968000	0.008463
0.969000	0.008397
0.970000	0.008332
0.971000	0.008268
0.972000	0.008204
0.973000	0.008141
0.974000	0.008079
0.975000	0.008017
0.976000	0.007956
0.977000	0.007895
0.978000	0.007836
0.979000	0.007777
0.980000	0.007718
0.981000	0.007660
0.982000	0.007603
0.983000	0.007547
0.984000	0.007491
0.985000	0.007435
0.986000	0.007380
0.987000	0.007326
0.988000	0.007273
0.989000	0.007220
0.990000	0.007167
0.991000	0.007115
0.992000	0.007064
0.993000	0.007014
0.994000	0.006962
0.995000	0.006914
0.996000	0.006864
0.997000	0.006817
0.998000	0.006767
0.999000	0.006721
1.000000	0.006673
1.001000	0.006628
1.002000	0.006581
1.003000	0.006535
1.004000	0.006490
1.005000	0.006446
1.006000	0.006402
1.007000	0.006358
1.008000	0.006316
1.009000	0.006272
1.010000	0.006230
1.011000	0.006188
1.012000	0.006147
1.013000	0.006106
1.014000	0.006065
1.015000	0.006025
1.016000	0.005986
1.017000	0.005946
1.018000	0.005908
1.019000	0.005869
1.020000	0.005831
1.021000	0.005793
1.022000	0.005756
1.023000	0.005719
1.024000	0.005683
1.025000	0.005646
1.026000	0.005610
1.027000	0.005575
1.028000	0.005540
1.029000	0.005505
1.030000	0.005471
1.031000	0.005437
1.032000	0.005403
1.033000	0.005370
1.034000	0.005336
1.035000	0.005304
1.036000	0.005271
1.037000	0.005239
1.038000	0.005207
1.039000	0.005176
1.040000	0.005144
1.041000	0.005113
1.042000	0.005083
1.043000	0.005052
1.044000	0.005022
1.045000	0.004993
1.046000	0.004963
1.047000	0.004934
1.048000	0.004905
1.049000	0.004876
1.050000	0.004848
1.051000	0.004820
1.052000	0.004792
1.053000	0.004764
1.054000	0.004736
1.055000	0.004709
1.056000	0.004682
1.057000	0.004656
1.058000	0.004629
1.059000	0.004603
1.060000	0.004577
1.061000	0.004551
1.062000	0.004526
1.063000	0.004501
1.064000	0.004475
1.065000	0.004451
1.066000	0.004426
1.067000	0.004401
1.068000	0.004377
1.069000	0.004353
1.070000	0.004329
1.071000	0.004306
1.072000	0.004282
1.073000	0.004259
1.074000	0.004236
1.075000	0.004213
1.076000	0.004191
1.077000	0.004168
1.078000	0.004146
1.079000	0.004124
1.080000	0.004102
1.081000	0.004080
1.082000	0.004059
1.083000	0.004037
1.084000	0.004016
1.085000	0.003995
1.086000	0.003974
1.087000	0.003953
1.088000	0.003933
1.089000	0.003913
1.090000	0.003892
1.091000	0.003872
1.092000	0.003852
1.093000	0.003833
1.094000	0.003813
1.095000	0.003794
1.096000	0.003774
1.097000	0.003755
1.098000	0.003736
1.099000	0.003717
1.100000	0.003699
1.101000	0.003680
1.102000	0.003662
1.103000	0.003644
1.104000	0.003625
1.105000	0.003607
1.106000	0.003590
1.107000	0.003572
1.108000	0.003554
1.109000	0.003537
1.110000	0.003519
1.111000	0.003502
1.112000	0.003485
1.113000	0.003468
1.114000	0.003451
1.115000	0.003435
1.116000	0.003418
1.117000	0.003402
1.118000	0.003385
1.119000	0.003369
1.120000	0.003353
1.121000	0.003337
1.122000	0.003321
1.123000	0.003305
1.124000	0.003307
1.125000	0.003310
1.126000	0.003313
1.127000	0.003316
1.128000	0.003318
1.129000	0.003321
1.130000	0.003324
1.131000	0.003326
1.132000	0.003329
1.133000	0.003331
1.134000	0.003333
1.135000	0.003336
1.136000	0.003338
1.137000	0.003340
1.138000	0.003342
1.139000	0.003344
1.140000	0.003346
1.141000	0.003348
1.142000	0.003349
1.143000	0.003351
1.144000	0.003353
1.145000	0.003354
1.146000	0.003356
1.147000	0.003357
1.148000	0.003359
1.149000	0.003360
1.150000	0.003361
1.151000	0.003362
1.152000	0.003363
1.153000	0.003364
1.154000	0.003365
1.155000	0.003373
1.156000	0.003382
1.157000	0.003390
1.158000	0.003398
1.159000	0.003406
1.160000	0.003414
1.161000	0.003422
1.162000	0.003431
1.163000	0.003439
1.164000	0.003447
1.165000	0.003456
1.166000	0.003464
1.167000	0.003472
1.168000	0.003481
1.169000	0.003489
1.170000	0.003498
1.171000	0.003507
1.172000	0.003515
1.173000	0.003524
1.174000	0.003533
1.175000	0.003542
1.176000	0.003550
1.177000	0.003559
1.178000	0.003568
1.179000	0.003577
1.180000	0.003586
1.181000	0.003595
1.182000	0.003604
1.183000	0.003613
1.184000	0.003622
1.185000	0.003631
1.186000	0.003640
1.187000	0.003650
1.188000	0.003659
1.189000	0.003668
1.190000	0.003678
1.191000	0.003687
1.192000	0.003697
1.193000	0.003706
1.194000	0.003716
1.195000	0.003725
1.196000	0.003735
1.197000	0.003745
1.198000	0.003754
1.199000	0.003764
1.200000	0.003774
1.201000	0.003784
1.202000	0.003794
1.203000	0.003804
1.204000	0.003814
1.205000	0.003824
1.206000	0.003834
1.207000	0.003845
1.208000	0.003855
1.209000	0.003865
1.210000	0.003876
1.211000	0.003886
1.212000	0.003897
1.213000	0.003907
1.214000	0.003918
1.215000	0.003932
1.216000	0.003937
1.217000	0.003953
1.218000	0.003959
1.219000	0.003975
1.220000	0.003981
1.221000	0.003993
1.222000	0.004008
1.223000	0.004014
1.224000	0.004030
1.225000	0.004037
1.226000	0.004053
1.227000	0.004060
1.228000	0.004073
1.229000	0.004085
1.230000	0.004096
1.231000	0.004111
1.232000	0.004121
1.233000	0.004129
1.234000	0.004146
1.235000	0.004157
1.236000	0.004165
1.237000	0.004182
1.238000	0.004193
1.239000	0.004205
1.240000	0.004217
1.241000	0.004226
1.242000	0.004244
1.243000	0.004252
1.244000	0.004269
1.245000	0.004280
1.246000	0.004290
1.247000	0.004308
1.248000	0.004319
1.249000	0.004332
1.250000	0.004345
1.251000	0.004358
1.252000	0.004371
1.253000	0.004384
1.254000	0.004398
1.255000	0.004412
1.256000	0.004425
1.257000	0.004439
1.258000	0.004453
1.259000	0.004467
1.260000	0.004481
1.261000	0.004495
1.262000	0.004509
1.263000	0.004523
1.264000	0.004538
1.265000	0.004553
1.266000	0.004567
1.267000	0.004582
1.268000	0.004597
1.269000	0.004612
1.270000	0.004627
1.271000	0.004642
1.272000	0.004657
1.273000	0.004673
1.274000	0.004688
1.275000	0.004704
1.276000	0.004719
1.277000	0.004735
1.278000	0.004751
1.279000	0.004767
1.280000	0.004783
1.281000	0.004800
1.282000	0.004816
1.283000	0.004833
1.284000	0.004850
1.285000	0.004866
1.286000	0.004883
1.287000	0.004900
1.288000	0.004917
1.289000	0.004934
1.290000	0.004952
1.291000	0.004969
1.292000	0.004987
1.293000	0.005005
1.294000	0.005023
1.295000	0.005041
1.296000	0.005059
1.297000	0.005078
1.298000	0.005096
1.299000	0.005115
1.300000	0.005134
1.301000	0.005152
1.302000	0.005172
1.303000	0.005191
1.304000	0.005211
1.305000	0.005230
1.306000	0.005250
1.307000	0.005270
1.308000	0.005290
1.309000	0.005311
1.310000	0.005331
1.311000	0.005352
1.312000	0.005373
1.313000	0.005393
1.314000	0.005415
1.315000	0.005436
1.316000	0.005457
1.317000	0.005479
1.318000	0.005502
1.319000	0.005524
1.320000	0.005546
1.321000	0.005569
1.322000	0.005591
1.323000	0.005614
1.324000	0.005638
1.325000	0.005661
1.326000	0.005684
1.327000	0.005708
1.328000	0.005732
1.329000	0.005756
1.330000	0.005781
1.331000	0.005806
1.332000	0.005830
1.333000	0.005856
1.334000	0.005881
1.335000	0.005907
1.336000	0.005933
1.337000	0.005959
1.338000	0.005986
1.339000	0.006013
1.340000	0.006040
1.341000	0.006067
1.342000	0.006094
1.343000	0.006122
1.344000	0.006150
1.345000	0.006179
1.346000	0.006207
1.347000	0.006236
1.348000	0.006266
1.349000	0.006295
1.350000	0.006325
1.351000	0.006356
1.352000	0.006386
1.353000	0.006417
1.354000	0.006448
1.355000	0.006480
1.356000	0.006512
1.357000	0.006544
1.358000	0.006576
1.359000	0.006609
1.360000	0.006643
1.361000	0.006677
1.362000	0.006711
1.363000	0.006745
1.364000	0.006780
1.365000	0.006816
1.366000	0.006851
1.367000	0.006887
1.368000	0.006924
1.369000	0.006961
1.370000	0.006999
1.371000	0.007036
1.372000	0.007075
1.373000	0.007113
1.374000	0.007153
1.375000	0.007193
1.376000	0.007233
1.377000	0.007273
1.378000	0.007315
1.379000	0.007357
1.380000	0.007399
1.381000	0.007442
1.382000	0.007486
1.383000	0.007530
1.384000	0.007574
1.385000	0.007619
1.386000	0.007665
1.387000	0.007712
1.388000	0.007759
1.389000	0.007806
1.390000	0.007855
1.391000	0.007904
1.392000	0.007953
1.393000	0.008004
1.394000	0.008055
1.395000	0.008107
1.396000	0.008159
1.397000	0.008213
1.398000	0.008267
1.399000	0.008321
1.400000	0.008377
1.401000	0.008434
1.402000	0.008491
1.403000	0.008549
1.404000	0.008608
1.405000	0.008669
1.406000	0.008729
1.407000	0.008792
1.408000	0.008854
1.409000	0.008918
1.410000	0.008983
1.411000	0.009049
1.412000	0.009116
1.413000	0.009184
1.414000	0.009253
1.415000	0.009324
1.416000	0.009395
1.417000	0.009468
1.418000	0.009542
1.419000	0.009618
1.420000	0.009694
1.421000	0.009772
1.422000	0.009851
1.423000	0.009932
1.424000	0.010014
1.425000	0.010098
1.426000	0.010183
1.427000	0.010269
1.428000	0.010359
1.429000	0.010448
1.430000	0.010541
1.431000	0.010634
1.432000	0.010730
1.433000	0.010827
1.434000	0.010927
1.435000	0.011028
1.436000	0.011131
1.437000	0.011237
1.438000	0.011345
1.439000	0.011454
1.440000	0.011566
1.441000	0.011681
1.442000	0.011798
1.443000	0.011919
1.444000	0.012040
1.445000	0.012165
1.446000	0.012293
1.447000	0.012424
1.448000	0.012570
1.449000	0.012685
1.450000	0.012846
1.451000	0.012968
1.452000	0.013137
1.453000	0.013265
1.454000	0.013442
1.455000	0.013578
1.456000	0.013762
1.457000	0.013906
1.458000	0.014099
1.459000	0.014253
1.460000	0.014456
1.461000	0.014618
1.462000	0.014832
1.463000	0.015004
1.464000	0.015229
1.465000	0.015412
1.466000	0.015649
1.467000	0.015860
1.468000	0.016084
1.469000	0.016316
1.470000	0.016555
1.471000	0.016803
1.472000	0.017058
1.473000	0.017323
1.474000	0.017596
1.475000	0.017877
1.476000	0.018169
1.477000	0.018471
1.478000	0.018784
1.479000	0.019108
1.480000	0.019445
1.481000	0.019794
1.482000	0.020156
1.483000	0.020532
1.484000	0.020924
1.485000	0.021331
1.486000	0.021754
1.487000	0.022196
1.488000	0.022656
1.489000	0.023139
1.490000	0.023642
1.491000	0.024169
1.492000	0.024722
1.493000	0.025301
1.494000	0.025908
1.495000	0.026545
1.496000	0.027221
1.497000	0.027928
1.498000	0.028676
1.499000	0.029466
1.500000	0.030301
1.501000	0.031191
1.502000	0.032130
1.503000	0.033133
1.504000	0.034203
1.505000	0.035345
1.506000	0.036567
1.507000	0.037886
1.508000	0.039299
1.509000	0.040827
1.510000	0.042483
1.511000	0.044283
1.512000	0.046241
1.513000	0.048391
1.514000	0.050748
1.515000	0.053358
1.516000	0.056256
1.517000	0.059485
1.518000	0.063120
1.519000	0.067239
1.520000	0.071940
1.521000	0.077358
1.522000	0.083669
1.523000	0.091122
1.524000	0.100051
1.525000	0.110941
1.526000	0.124518
1.527000	0.141918
1.528000	0.165021
1.529000	0.197181
1.530000	0.245040
1.531000	0.323750
1.532000	0.477405
1.533000	0.910225
1.534000	9.925204
1.535000	0.887728
1.536000	0.526416
1.537000	0.344440
1.538000	0.255833
1.539000	0.203404
1.540000	0.168753
1.541000	0.144142
1.542000	0.125783
1.543000	0.111533
1.544000	0.100170
1.545000	0.090893
1.546000	0.083173
1.547000	0.076652
1.548000	0.071065
1.549000	0.066232
1.550000	0.062007
1.551000	0.058280
1.552000	0.054969
1.553000	0.052007
1.554000	0.049343
1.555000	0.046934
1.556000	0.044749
1.557000	0.042751
1.558000	0.041555
1.559000	0.043261
1.560000	0.045115
1.561000	0.047139
1.562000	0.049358
1.563000	0.051803
1.564000	0.054510
1.565000	0.057519
1.566000	0.060883
1.567000	0.064685
1.568000	0.068992
1.569000	0.073930
1.570000	0.079645
1.571000	0.086332
1.572000	0.094262
1.573000	0.103819
1.574000	0.115554
1.575000	0.130346
1.576000	0.149494
1.577000	0.175343
1.578000	0.212044
1.579000	0.268363
1.580000	0.365710
1.581000	0.574587
1.582000	1.343413
1.583000	1.984617
1.584000	0.799033
1.585000	0.443602
1.586000	0.306820
1.587000	0.234369
1.588000	0.189545
1.589000	0.159039
1.590000	0.136964
1.591000	0.120234
1.592000	0.107115
1.593000	0.096555
1.594000	0.087874
1.595000	0.080615
1.596000	0.074447
1.597000	0.069147
1.598000	0.064542
1.599000	0.060501
1.600000	0.056933
1.601000	0.053751
1.602000	0.050901
1.603000	0.048333
1.604000	0.046006
1.605000	0.043890
1.606000	0.041955
1.607000	0.040179
1.608000	0.038543
1.609000	0.037030
1.610000	0.035633
1.611000	0.034331
1.612000	0.033120
1.613000	0.031989
1.614000	0.030930
1.615000	0.029937
1.616000	0.029003
1.617000	0.028125
1.618000	0.027295
1.619000	0.026512
1.620000	0.025771
1.621000	0.025068
1.622000	0.024401
1.623000	0.023765
1.624000	0.023165
1.625000	0.022589
1.626000	0.022042
1.627000	0.021519
1.628000	0.021019
1.629000	0.020541
1.630000	0.020081
1.631000	0.019644
1.632000	0.019223
1.633000	0.018818
1.634000	0.018430
1.635000	0.018056
1.636000	0.017696
1.637000	0.017349
1.638000	0.017014
1.639000	0.016693
1.640000	0.016381
1.641000	0.016081
1.642000	0.015791
1.643000	0.015511
1.644000	0.015239
1.645000	0.014978
1.646000	0.014723
1.647000	0.014477
1.648000	0.014238
1.649000	0.014007
1.650000	0.013782
1.651000	0.013564
1.652000	0.013352
1.653000	0.013146
1.654000	0.012945
1.655000	0.012752
1.656000	0.012562
1.657000	0.012379
1.658000	0.012200
1.659000	0.012025
1.660000	0.011856
1.661000	0.011691
1.662000	0.011529
1.663000	0.011371
1.664000	0.011218
1.665000	0.011068
1.666000	0.010921
1.667000	0.010779
1.668000	0.010639
1.669000	0.010503
1.670000	0.010369
1.671000	0.010240
1.672000	0.010113
1.673000	0.009989
1.674000	0.009868
1.675000	0.009749
1.676000	0.009633
1.677000	0.009519
1.678000	0.009407
1.679000	0.009299
1.680000	0.009192
1.681000	0.009103
1.682000	0.008973
1.683000	0.008897
1.684000	0.008774
1.685000	0.008700
1.686000	0.008581
1.687000	0.008511
1.688000	0.008398
1.689000	0.008330
1.690000	0.008220
1.691000	0.008156
1.692000	0.008050
1.693000	0.007989
1.694000	0.007886
1.695000	0.007827
1.696000	0.007727
1.697000	0.007671
1.698000	0.007575
1.699000	0.007521
1.700000	0.007427
1.701000	0.007374
1.702000	0.007284
1.703000	0.007235
1.704000	0.007146
1.705000	0.007098
1.706000	0.007012
1.707000	0.006966
1.708000	0.006895
1.709000	0.006830
1.710000	0.006769
1.711000	0.006707
1.712000	0.006645
1.713000	0.006586
1.714000	0.006527
1.715000	0.006469
1.716000	0.006413
1.717000	0.006357
1.718000	0.006302
1.719000	0.006248
1.720000	0.006194
1.721000	0.006142
1.722000	0.006090
1.723000	0.006039
1.724000	0.005988
1.725000	0.005938
1.726000	0.005890
1.727000	0.005842
1.728000	0.005794
1.729000	0.005747
1.730000	0.005701
1.731000	0.005655
1.732000	0.005610
1.733000	0.005566
1.734000	0.005522
1.735000	0.005478
1.736000	0.005435
1.737000	0.005393
1.738000	0.005351
1.739000	0.005310
1.740000	0.005269
1.741000	0.005229
1.742000	0.005190
1.743000	0.005151
1.744000	0.005112
1.745000	0.005075
1.746000	0.005037
1.747000	0.005000
1.748000	0.004963
1.749000	0.004927
1.750000	0.004891
1.751000	0.004855
1.752000	0.004820
1.753000	0.004785
1.754000	0.004751
1.755000	0.004718
1.756000	0.004685
1.757000	0.004651
1.758000	0.004619
1.759000	0.004587
1.760000	0.004555
1.761000	0.004524
1.762000	0.004492
1.763000	0.004461
1.764000	0.004431
1.765000	0.004401
1.766000	0.004371
1.767000	0.004341
1.768000	0.004312
1.769000	0.004283
1.770000	0.004255
1.771000	0.004226
1.772000	0.004199
1.773000	0.004171
1.774000	0.004144
1.775000	0.004117
1.776000	0.004090
1.777000	0.004064
1.778000	0.004037
1.779000	0.004011
1.780000	0.003986
1.781000	0.003960
1.782000	0.003934
1.783000	0.003910
1.784000	0.003886
1.785000	0.003861
1.786000	0.003837
1.787000	0.003813
1.788000	0.003790
1.789000	0.003766
1.790000	0.003743
1.791000	0.003720
1.792000	0.003697
1.793000	0.003674
1.794000	0.003652
1.795000	0.003630
1.796000	0.003608
1.797000	0.003586
1.798000	0.003564
1.799000	0.003543
1.800000	0.003522
1.801000	0.003502
1.802000	0.003481
1.803000	0.003461
1.804000	0.003440
1.805000	0.003420
1.806000	0.003400
1.807000	0.003381
1.808000	0.003361
1.809000	0.003341
1.810000	0.003322
1.811000	0.003303
1.812000	0.003284
1.813000	0.003265
1.814000	0.003247
1.815000	0.003229
1.816000	0.003210
1.817000	0.003192
1.818000	0.003174
1.819000	0.003156
1.820000	0.003139
1.821000	0.003121
1.822000	0.003104
1.823000	0.003086
1.824000	0.003069
1.825000	0.003052
1.826000	0.003035
1.827000	0.003019
1.828000	0.003002
1.829000	0.002986
1.830000	0.002970
1.831000	0.002954
1.832000	0.002938
1.833000	0.002923
1.834000	0.002907
1.835000	0.002892
1.836000	0.002876
1.837000	0.002861
1.838000	0.002845
1.839000	0.002830
1.840000	0.002815
1.841000	0.002800
1.842000	0.002785
1.843000	0.002771
1.844000	0.002756
1.845000	0.002742
1.846000	0.002728
1.847000	0.002713
1.848000	0.002700
1.849000	0.002686
1.850000	0.002672
1.851000	0.002658
1.852000	0.002645
1.853000	0.002632
1.854000	0.002618
1.855000	0.002605
1.856000	0.002592
1.857000	0.002579
1.858000	0.002565
1.859000	0.002552
1.860000	0.002540
1.861000	0.002527
1.862000	0.002514
1.863000	0.002502
1.864000	0.002489
1.865000	0.002477
1.866000	0.002465
1.867000	0.002453
1.868000	0.002441
1.869000	0.002429
1.870000	0.002416
1.871000	0.002405
1.872000	0.002393
1.873000	0.002381
1.874000	0.002370
1.875000	0.002359
1.876000	0.002347
1.877000	0.002336
1.878000	0.002324
1.879000	0.002313
1.880000	0.002302
1.881000	0.002291
1.882000	0.002280
1.883000	0.002269
1.884000	0.002258
1.885000	0.002248
1.886000	0.002237
1.887000	0.002226
1.888000	0.002216
1.889000	0.002206
1.890000	0.002196
1.891000	0.002185
1.892000	0.002175
1.893000	0.002165
1.894000	0.002155
1.895000	0.002145
1.896000	0.002135
1.897000	0.002125
1.898000	0.002115
1.899000	0.002105
1.900000	0.002096
1.901000	0.002086
1.902000	0.002077
1.903000	0.002067
1.904000	0.002058
1.905000	0.002048
1.906000	0.002039
1.907000	0.002029
1.908000	0.002020
1.909000	0.002011
1.910000	0.002002
1.911000	0.001993
1.912000	0.001984
1.913000	0.001975
1.914000	0.001966
1.915000	0.001958
1.916000	0.001949
1.917000	0.001940
1.918000	0.001931
1.919000	0.001923
1.920000	0.001914
1.921000	0.001906
1.922000	0.001898
1.923000	0.001889
1.924000	0.001881
1.925000	0.001873
1.926000	0.001864
1.927000	0.001856
1.928000	0.001848
1.929000	0.001840
1.930000	0.001832
1.931000	0.001824
1.932000	0.001821
1.933000	0.001804
1.934000	0.001804
1.935000	0.001790
1.936000	0.001789
1.937000	0.001774
1.938000	0.001773
1.939000	0.001758
1.940000	0.001758
1.941000	0.001743
1.942000	0.001743
1.943000	0.001728
1.944000	0.001728
1.945000	0.001713
1.946000	0.001713
1.947000	0.001699
1.948000	0.001699
1.949000	0.001684
1.950000	0.001684
1.951000	0.001670
1.952000	0.001670
1.953000	0.001657
1.954000	0.001657
1.955000	0.001643
1.956000	0.001643
1.957000	0.001629
1.958000	0.001629
1.959000	0.001616
1.960000	0.001616
1.961000	0.001602
1.962000	0.001602
1.963000	0.001589
1.964000	0.001589
1.965000	0.001576
1.966000	0.001576
1.967000	0.001563
1.968000	0.001563
1.969000	0.001550
1.970000	0.001550
1.971000	0.001537
1.972000	0.001537
1.973000	0.001525
1.974000	0.001525
1.975000	0.001517
1.976000	0.001505
1.977000	0.001507
1.978000	0.001499
1.979000	0.001491
1.980000	0.001485
1.981000	0.001480
1.982000	0.001474
1.983000	0.001468
1.984000	0.001461
1.985000	0.001455
1.986000	0.001449
1.987000	0.001444
1.988000	0.001438
1.989000	0.001432
1.990000	0.001426
1.991000	0.001421
1.992000	0.001415
1.993000	0.001409
1.994000	0.001404
1.995000	0.001398
1.996000	0.001393
1.997000	0.001388
1.998000	0.001382
1.999000	0.001377
2.000000	0.001372
2.001000	0.001366
2.002000	0.001361
2.003000	0.001355
2.004000	0.001350
2.005000	0.001345
2.006000	0.001340
2.007000	0.001334
2.008000	0.001329
2.009000	0.001323
2.010000	0.001318
2.011000	0.001313
2.012000	0.001308
2.013000	0.001303
2.014000	0.001298
2.015000	0.001293
2.016000	0.001288
2.017000	0.001283
2.018000	0.001278
2.019000	0.001273
2.020000	0.001268
2.021000	0.001264
2.022000	0.001259
2.023000	0.001254
2.024000	0.001249
2.025000	0.001245
2.026000	0.001240
2.027000	0.001235
2.028000	0.001230
2.029000	0.001226
2.030000	0.001221
2.031000	0.001216
2.032000	0.001212
2.033000	0.001207
2.034000	0.001203
2.035000	0.001198
2.036000	0.001194
2.037000	0.001189
2.038000	0.001185
2.039000	0.001180
2.040000	0.001176
2.041000	0.001171
2.042000	0.001167
2.043000	0.001163
2.044000	0.001158
2.045000	0.001154
2.046000	0.001150
2.047000	0.001145
2.048000	0.001141
2.049000	0.001137
2.050000	0.001133
2.051000	0.001128
2.052000	0.001124
2.053000	0.001120
2.054000	0.001116
2.055000	0.001112
2.056000	0.001108
2.057000	0.001104
2.058000	0.001100
2.059000	0.001095
2.060000	0.001091
2.061000	0.001088
2.062000	0.001084
2.063000	0.001080
2.064000	0.001076
2.065000	0.001072
2.066000	0.001068
2.067000	0.001064
2.068000	0.001060
2.069000	0.001056
2.070000	0.001052
2.071000	0.001048
2.072000	0.001045
2.073000	0.001041
2.074000	0.001037
2.075000	0.001033
2.076000	0.001029
2.077000	0.001026
2.078000	0.001022
2.079000	0.001019
2.080000	0.001015
2.081000	0.001011
2.082000	0.001007
2.083000	0.001004
2.084000	0.001000
2.085000	0.000997
2.086000	0.000993
2.087000	0.000989
2.088000	0.000986
2.089000	0.000983
2.090000	0.000979
2.091000	0.000976
2.092000	0.000972
2.093000	0.000968
2.094000	0.000965
2.095000	0.000962
2.096000	0.000958
2.097000	0.000955
2.098000	0.000952
2.099000	0.000948
2.100000	0.000945
2.101000	0.000941
2.102000	0.000938
2.103000	0.000935
2.104000	0.000931
2.105000	0.000928
2.106000	0.000925
2.107000	0.000921
2.108000	0.000918
2.109000	0.000915
2.110000	0.000912
2.111000	0.000909
2.112000	0.000905
2.113000	0.000902
2.114000	0.000899
2.115000	0.000896
2.116000	0.000893
2.117000	0.000890
2.118000	0.000887
2.119000	0.000884
2.120000	0.000771
2.121000	0.000884
2.122000	0.000771
2.123000	0.000877
2.124000	0.000766
2.125000	0.000879
2.126000	0.000767
2.127000	0.000863
2.128000	0.000753
2.129000	0.000867
2.130000	0.000756
2.131000	0.000852
2.132000	0.000744
2.133000	0.000856
2.134000	0.000746
2.135000	0.000841
2.136000	0.000734
2.137000	0.000743
2.138000	0.000837
2.139000	0.000730
2.140000	0.000836
2.141000	0.000729
2.142000	0.000823
2.143000	0.000718
2.144000	0.000827
2.145000	0.000721
2.146000	0.000817
2.147000	0.000711
2.148000	0.000813
2.149000	0.000709
2.150000	0.000810
2.151000	0.000705
2.152000	0.000803
2.153000	0.000699
2.154000	0.000797
2.155000	0.000695
2.156000	0.000793
2.157000	0.000691
2.158000	0.000788
2.159000	0.000686
2.160000	0.000782
2.161000	0.000681
2.162000	0.000777
2.163000	0.000677
2.164000	0.000771
2.165000	0.000672
2.166000	0.000767
2.167000	0.000668
2.168000	0.000761
2.169000	0.000663
2.170000	0.000757
2.171000	0.000659
2.172000	0.000752
2.173000	0.000655
2.174000	0.000748
2.175000	0.000651
2.176000	0.000743
2.177000	0.000647
2.178000	0.000739
2.179000	0.000644
2.180000	0.000734
2.181000	0.000640
2.182000	0.000730
2.183000	0.000636
2.184000	0.000726
2.185000	0.000632
2.186000	0.000721
2.187000	0.000628
2.188000	0.000716
2.189000	0.000624
2.190000	0.000712
2.191000	0.000620
2.192000	0.000707
2.193000	0.000616
2.194000	0.000702
2.195000	0.000612
2.196000	0.000698
2.197000	0.000608
2.198000	0.000693
2.199000	0.000604
2.200000	0.000689
2.201000	0.000600
2.202000	0.000685
2.203000	0.000596
2.204000	0.000680
2.205000	0.000593
2.206000	0.000676
2.207000	0.000589
2.208000	0.000672
2.209000	0.000585
2.210000	0.000668
2.211000	0.000582
2.212000	0.000664
2.213000	0.000578
2.214000	0.000660
2.215000	0.000575
2.216000	0.000656
2.217000	0.000571
2.218000	0.000652
2.219000	0.000568
2.220000	0.000648
2.221000	0.000564
2.222000	0.000644
2.223000	0.000561
2.224000	0.000640
2.225000	0.000557
2.226000	0.000636
2.227000	0.000554
2.228000	0.000632
2.229000	0.000550
2.230000	0.000628
2.231000	0.000547
2.232000	0.000624
2.233000	0.000543
2.234000	0.000620
2.235000	0.000540
2.236000	0.000617
2.237000	0.000537
2.238000	0.000613
2.239000	0.000533
2.240000	0.000609
2.241000	0.000530
2.242000	0.000605
2.243000	0.000527
2.244000	0.000602
2.245000	0.000524
2.246000	0.000598
2.247000	0.000521
2.248000	0.000595
2.249000	0.000518
2.250000	0.000591
2.251000	0.000514
2.252000	0.000587
2.253000	0.000511
2.254000	0.000584
2.255000	0.000508
2.256000	0.000580
2.257000	0.000505
2.258000	0.000576
2.259000	0.000502
2.260000	0.000573
2.261000	0.000499
2.262000	0.000570
2.263000	0.000496
2.264000	0.000566
2.265000	0.000493
2.266000	0.000563
2.267000	0.000490
2.268000	0.000559
2.269000	0.000487
2.270000	0.000556
2.271000	0.000484
2.272000	0.000552
2.273000	0.000481
2.274000	0.000549
2.275000	0.000478
2.276000	0.000546
2.277000	0.000475
2.278000	0.000543
2.279000	0.000473
2.280000	0.000540
2.281000	0.000470
2.282000	0.000536
2.283000	0.000467
2.284000	0.000533
2.285000	0.000464
2.286000	0.000530
2.287000	0.000462
2.288000	0.000527
2.289000	0.000459
2.290000	0.000524
2.291000	0.000456
2.292000	0.000521
2.293000	0.000453
2.294000	0.000518
2.295000	0.000451
2.296000	0.000514
2.297000	0.000448
2.298000	0.000511
2.299000	0.000445
2.300000	0.000508
2.301000	0.000442
2.302000	0.000505
2.303000	0.000440
2.304000	0.000502
2.305000	0.000437
2.306000	0.000499
2.307000	0.000434
2.308000	0.000496
2.309000	0.000432
2.310000	0.000493
2.311000	0.000429
2.312000	0.000491
2.313000	0.000427
2.314000	0.000488
2.315000	0.000424
2.316000	0.000485
2.317000	0.000422
2.318000	0.000482
2.319000	0.000419
2.320000	0.000479
2.321000	0.000417
2.322000	0.000476
2.323000	0.000415
2.324000	0.000474
2.325000	0.000412
2.326000	0.000471
2.327000	0.000410
2.328000	0.000468
2.329000	0.000407
2.330000	0.000465
2.331000	0.000405
2.332000	0.000463
2.333000	0.000403
2.334000	0.000460
2.335000	0.000400
2.336000	0.000457
2.337000	0.000397
2.338000	0.000454
2.339000	0.000395
2.340000	0.000452
2.341000	0.000393
2.342000	0.000449
2.343000	0.000391
2.344000	0.000446
2.345000	0.000388
2.346000	0.000444
2.347000	0.000386
2.348000	0.000441
2.349000	0.000384
2.350000	0.000439
2.351000	0.000382
2.352000	0.000436
2.353000	0.000380
2.354000	0.000434
2.355000	0.000377
2.356000	0.000431
2.357000	0.000375
2.358000	0.000429
2.359000	0.000373
2.360000	0.000377
2.361000	0.000424
2.362000	0.000368
2.363000	0.000373
2.364000	0.000423
2.365000	0.000368
2.366000	0.000372
2.367000	0.000417
2.368000	0.000362
2.369000	0.000366
2.370000	0.000414
2.371000	0.000360
2.372000	0.000364
2.373000	0.000410
2.374000	0.000356
2.375000	0.000361
2.376000	0.000407
2.377000	0.000354
2.378000	0.000358
2.379000	0.000499
2.380000	0.000351
2.381000	0.000355
2.382000	0.000400
2.383000	0.000347
2.384000	0.000351
2.385000	0.000397
2.386000	0.000344
2.387000	0.000349
2.388000	0.000393
2.389000	0.000342
2.390000	0.000346
2.391000	0.000390
2.392000	0.000339
2.393000	0.000343
2.394000	0.000387
2.395000	0.000336
2.396000	0.000340
2.397000	0.000384
2.398000	0.000334
2.399000	0.000338
2.400000	0.000381
2.401000	0.000331
2.402000	0.000335
2.403000	0.000377
2.404000	0.000328
2.405000	0.000332
2.406000	0.000374
2.407000	0.000325
2.408000	0.000329
2.409000	0.000372
2.410000	0.000323
2.411000	0.000327
2.412000	0.000368
2.413000	0.000320
2.414000	0.000324
2.415000	0.000365
2.416000	0.000317
2.417000	0.000321
2.418000	0.000362
2.419000	0.000315
2.420000	0.000319
2.421000	0.000358
2.422000	0.000311
2.423000	0.000315
2.424000	0.000356
2.425000	0.000309
2.426000	0.000313
2.427000	0.000353
2.428000	0.000306
2.429000	0.000310
2.430000	0.000350
2.431000	0.000304
2.432000	0.000308
2.433000	0.000347
2.434000	0.000301
2.435000	0.000305
2.436000	0.000345
2.437000	0.000299
2.438000	0.000303
2.439000	0.000341
2.440000	0.000297
2.441000	0.000300
2.442000	0.000339
2.443000	0.000294
2.444000	0.000298
2.445000	0.000336
2.446000	0.000292
2.447000	0.000295
2.448000	0.000333
2.449000	0.000289
2.450000	0.000293
2.451000	0.000333
2.452000	0.000288
2.453000	0.000329
2.454000	0.000285
2.455000	0.000287
2.456000	0.000326
2.457000	0.000283
2.458000	0.000287
2.459000	0.000326
2.460000	0.000282
2.461000	0.000319
2.462000	0.000276
2.463000	0.000279
2.464000	0.000319
2.465000	0.000277
2.466000	0.000281
2.467000	0.000319
2.468000	0.000276
2.469000	0.000312
2.470000	0.000270
2.471000	0.000273
2.472000	0.000427
2.473000	0.000271
2.474000	0.000274
2.475000	0.000313
2.476000	0.000271
2.477000	0.000306
2.478000	0.000287
2.479000	0.000274
2.480000	0.000305
2.481000	0.000264
2.482000	0.000267
2.483000	0.000392
2.484000	0.000263
2.485000	0.000267
2.486000	0.000270
2.487000	0.000300
2.488000	0.000283
2.489000	0.000260
2.490000	0.000480
2.491000	0.000255
2.492000	0.000260
2.493000	0.000264
2.494000	0.000296
2.495000	0.000339
2.496000	0.000399
2.497000	0.000291
2.498000	0.000272
2.499000	0.000510
2.500000	0.000354
2.501000	0.000395
2.502000	0.000544
2.503000	0.000253
2.504000	0.000254
2.505000	0.000371
2.506000	0.000557
2.507000	0.000527
2.508000	0.000282
2.509000	0.000244
2.510000	0.000316
2.511000	0.000747
2.512000	0.000352
2.513000	0.000246
2.514000	0.000336
2.515000	0.000612
2.516000	0.000654
2.517000	0.000276
2.518000	0.000238
2.519000	0.000240
2.520000	0.000888
2.521000	0.000604
2.522000	0.000539
2.523000	0.000273
2.524000	0.000236
2.525000	0.000343
2.526000	0.000334
2.527000	0.000422
2.528000	0.000345
2.529000	0.000411
2.530000	0.000270
2.531000	0.000287
2.532000	0.000393
2.533000	0.000230
2.534000	0.000232
2.535000	0.000263
2.536000	0.000352
2.537000	0.000338
2.538000	0.000261
2.539000	0.000226
2.540000	0.000228
2.541000	0.000445
2.542000	0.000224
2.543000	0.000226
2.544000	0.000257
2.545000	0.000222
2.546000	0.000224
2.547000	0.000255
2.548000	0.000220
2.549000	0.000222
2.550000	0.000272
2.551000	0.000219
2.552000	0.000221
2.553000	0.000251
2.554000	0.000217
2.555000	0.000219
2.556000	0.000249
2.557000	0.000215
2.558000	0.000217
2.559000	0.000246
2.560000	0.000213
2.561000	0.000215
2.562000	0.000245
2.563000	0.000212
2.564000	0.000213
2.565000	0.000243
2.566000	0.000210
2.567000	0.000212
2.568000	0.000241
2.569000	0.000208
2.570000	0.000210
2.571000	0.000239
2.572000	0.000207
2.573000	0.000209
2.574000	0.000237
2.575000	0.000205
2.576000	0.000207
2.577000	0.000235
2.578000	0.000204
2.579000	0.000205
2.580000	0.000206
2.581000	0.000232
2.582000	0.000200
2.583000	0.000202
2.584000	0.000204
2.585000	0.000232
2.586000	0.000200
2.587000	0.000202
2.588000	0.000203
2.589000	0.000227
2.590000	0.000196
2.591000	0.000198
2.592000	0.000200
2.593000	0.000226
2.594000	0.000196
2.595000	0.000197
2.596000	0.000198
2.597000	0.000222
2.598000	0.000192
2.599000	0.000194
2.600000	0.000196
2.601000	0.000250
2.602000	0.000191
2.603000	0.000193
2.604000	0.000389
2.605000	0.000189
2.606000	0.000191
2.607000	0.000192
2.608000	0.000216
2.609000	0.000186
2.610000	0.000188
2.611000	0.000190
2.612000	0.000215
2.613000	0.000185
2.614000	0.000187
2.615000	0.000188
2.616000	0.000361
2.617000	0.000183
2.618000	0.000185
2.619000	0.000186
2.620000	0.000210
2.621000	0.000181
2.622000	0.000183
2.623000	0.000184
2.624000	0.000208
2.625000	0.000180
2.626000	0.000181
2.627000	0.000183
2.628000	0.000205
2.629000	0.000177
2.630000	0.000179
2.631000	0.000181
2.632000	0.000315
2.633000	0.000177
2.634000	0.000178
2.635000	0.000180
2.636000	0.000222
2.637000	0.000174
2.638000	0.000175
2.639000	0.000177
2.640000	0.000200
2.641000	0.000173
2.642000	0.000174
2.643000	0.000176
2.644000	0.000258
2.645000	0.000170
2.646000	0.000172
2.647000	0.000173
2.648000	0.000195
2.649000	0.000169
2.650000	0.000170
2.651000	0.000172
2.652000	0.000259
2.653000	0.000167
2.654000	0.000168
2.655000	0.000169
2.656000	0.000197
2.657000	0.000165
2.658000	0.000167
2.659000	0.000168
2.660000	0.000189
2.661000	0.000163
2.662000	0.000165
2.663000	0.000166
2.664000	0.000508
2.665000	0.000291
2.666000	0.000231
2.667000	0.000165
2.668000	0.000166
2.669000	0.000228
2.670000	0.000344
2.671000	0.000309
2.672000	0.000216
2.673000	0.000496
2.674000	0.000347
2.675000	0.000309
2.676000	0.000192
2.677000	0.000199
2.678000	0.000381
2.679000	0.000387
2.680000	0.000322
2.681000	0.000427
2.682000	0.000327
2.683000	0.000347
2.684000	0.000295
2.685000	0.000179
2.686000	0.000283
2.687000	0.000347
2.688000	0.000368
2.689000	0.000286
2.690000	0.000524
2.691000	0.000403
2.692000	0.000422
2.693000	0.000375
2.694000	0.000217
2.695000	0.000384
2.696000	0.000551
2.697000	0.000565
2.698000	0.000475
2.699000	0.000226
2.700000	0.001000
2.701000	0.000790
2.702000	0.000710
2.703000	0.000478
2.704000	0.000152
2.705000	0.001271
2.706000	0.001284
2.707000	0.001177
2.708000	0.000791
2.709000	0.000147
2.710000	0.002258
2.711000	0.001892
2.712000	0.001677
2.713000	0.001095
2.714000	0.000174
2.715000	0.002770
2.716000	0.002642
2.717000	0.002339
2.718000	0.001467
2.719000	0.000156
2.720000	0.004314
2.721000	0.003694
2.722000	0.003244
2.723000	0.002067
2.724000	0.000227
2.725000	0.005519
2.726000	0.005068
2.727000	0.004298
2.728000	0.002476
2.729000	0.000257
2.730000	0.005502
2.731000	0.005699
2.732000	0.005232
2.733000	0.003565
2.734000	0.000922
2.735000	0.007926
2.736000	0.007251
2.737000	0.006194
2.738000	0.003604
2.739000	0.000376
2.740000	0.008032
2.741000	0.008450
2.742000	0.007872
2.743000	0.005516
2.744000	0.001806
2.745000	0.007830
2.746000	0.009575
2.747000	0.009389
2.748000	0.000635
2.749000	0.002809
2.750000	0.004639
2.751000	0.005900
2.752000	0.005865
2.753000	0.004155
2.754000	0.001365
2.755000	0.002308
2.756000	0.009639
2.757000	0.009081
2.758000	0.007507
2.759000	0.004126
2.760000	0.009605
2.761000	0.009784
2.762000	0.009525
2.763000	0.007565
2.764000	0.003549
2.765000	0.001883
2.766000	0.006606
2.767000	0.009498
2.768000	0.010015
2.769000	0.008311
2.770000	0.004824
2.771000	0.000878
2.772000	0.012928
2.773000	0.011679
2.774000	0.010708
2.775000	0.007820
2.776000	0.002698
2.777000	0.009239
2.778000	0.011175
2.779000	0.011215
2.780000	0.009354
2.781000	0.005942
2.782000	0.002318
2.783000	0.002828
2.784000	0.006206
2.785000	0.010373
2.786000	0.008286
2.787000	0.006742
2.788000	0.004406
2.789000	0.002178
2.790000	0.004210
2.791000	0.004833
2.792000	0.004649
2.793000	0.004246
2.794000	0.003469
2.795000	0.002369
2.796000	0.001073
2.797000	0.000382
2.798000	0.001546
2.799000	0.006470
2.800000	0.005700
2.801000	0.005662
2.802000	0.005066
2.803000	0.003980
2.804000	0.001873
2.805000	0.001697
2.806000	0.004284
2.807000	0.006354
2.808000	0.007975
2.809000	0.008690
2.810000	0.006522
2.811000	0.002393
2.812000	0.001788
2.813000	0.005206
2.814000	0.008315
2.815000	0.011672
2.816000	0.008202
2.817000	0.005797
2.818000	0.001614
2.819000	0.003575
2.820000	0.007454
2.821000	0.009690
2.822000	0.010344
2.823000	0.008884
2.824000	0.005574
2.825000	0.004798
2.826000	0.008335
2.827000	0.010435
2.828000	0.010777
2.829000	0.006628
2.830000	0.003383
2.831000	0.001020
2.832000	0.004531
2.833000	0.007001
2.834000	0.008467
2.835000	0.008931
2.836000	0.007721
2.837000	0.004936
2.838000	0.001086
2.839000	0.008566
2.840000	0.010252
2.841000	0.010959
2.842000	0.009619
2.843000	0.006213
2.844000	0.001525
2.845000	0.003358
2.846000	0.007196
2.847000	0.009533
2.848000	0.010332
2.849000	0.008955
2.850000	0.004564
2.851000	0.001230
2.852000	0.002718
2.853000	0.005896
2.854000	0.007792
2.855000	0.008713
2.856000	0.008173
2.857000	0.006146
2.858000	0.002849
2.859000	0.001435
2.860000	0.004652
2.861000	0.006904
2.862000	0.008263
2.863000	0.008543
2.864000	0.007466
2.865000	0.002261
2.866000	0.001532
2.867000	0.003762
2.868000	0.005664
2.869000	0.007355
2.870000	0.008069
2.871000	0.007385
2.872000	0.005408
2.873000	0.002593
2.874000	0.000848
2.875000	0.004220
2.876000	0.006875
2.877000	0.008871
2.878000	0.009398
2.879000	0.008098
2.880000	0.004952
2.881000	0.000956
2.882000	0.003770
2.883000	0.007516
2.884000	0.009658
2.885000	0.009697
2.886000	0.007805
2.887000	0.004647
2.888000	0.000690
2.889000	0.003480
2.890000	0.006911
2.891000	0.009303
2.892000	0.009722
2.893000	0.008101
2.894000	0.004788
2.895000	0.000505
2.896000	0.005078
2.897000	0.008942
2.898000	0.010518
2.899000	0.009381
2.900000	0.005877
2.901000	0.001060
2.902000	0.003912
2.903000	0.007552
2.904000	0.009676
2.905000	0.009855
2.906000	0.007937
2.907000	0.004018
2.908000	0.000790
2.909000	0.004991
2.910000	0.007992
2.911000	0.009551
2.912000	0.009614
2.913000	0.007838
2.914000	0.004536
2.915000	0.000628
2.916000	0.003403
2.917000	0.006171
2.918000	0.007762
2.919000	0.008059
2.920000	0.007393
2.921000	0.005841
2.922000	0.000782
2.923000	0.002040
2.924000	0.003373
2.925000	0.004219
2.926000	0.004825
2.927000	0.005560
2.928000	0.005988
2.929000	0.005894
2.930000	0.004788
2.931000	0.002624
2.932000	0.000511
2.933000	0.003496
2.934000	0.006410
2.935000	0.008692
2.936000	0.009787
2.937000	0.008825
2.938000	0.002545
2.939000	0.001663
2.940000	0.004516
2.941000	0.007208
2.942000	0.008736
2.943000	0.009038
2.944000	0.007820
2.945000	0.004610
2.946000	0.000892
2.947000	0.003327
2.948000	0.006934
2.949000	0.009012
2.950000	0.009128
2.951000	0.007306
2.952000	0.004093
2.953000	0.000697
2.954000	0.003269
2.955000	0.005418
2.956000	0.005793
2.957000	0.004572
2.958000	0.002298
2.959000	0.000299
2.960000	0.002226
2.961000	0.003500
2.962000	0.003727
2.963000	0.002853
2.964000	0.000979
2.965000	0.001258
2.966000	0.003210
2.967000	0.004350
2.968000	0.004481
2.969000	0.003421
2.970000	0.001535
2.971000	0.000625
2.972000	0.002330
2.973000	0.003314
2.974000	0.003483
2.975000	0.003015
2.976000	0.002248
2.977000	0.001526
2.978000	0.001086
2.979000	0.001036
2.980000	0.001387
2.981000	0.001837
2.982000	0.001888
2.983000	0.001053
2.984000	0.000904
2.985000	0.003245
2.986000	0.005799
2.987000	0.008388
2.988000	0.009672
2.989000	0.008566
2.990000	0.005085
2.991000	0.000613
2.992000	0.005333
2.993000	0.009329
2.994000	0.012039
2.995000	0.013944
2.996000	0.008469
2.997000	0.003193
2.998000	0.003131
2.999000	0.008709
3.000000	0.012092
3.001000	0.012927
3.002000	0.011434
3.003000	0.006686
3.004000	0.000640
3.005000	0.005093
3.006000	0.008485
3.007000	0.010146
3.008000	0.010290
3.009000	0.008663
3.010000	0.005429
3.011000	0.001549
3.012000	0.002514
3.013000	0.005356
3.014000	0.006625
3.015000	0.006337
3.016000	0.004927
3.017000	0.003037
3.018000	0.001298
3.019000	0.000406
3.020000	0.000299
3.021000	0.000204
3.022000	0.000632
3.023000	0.001343
3.024000	0.001616
3.025000	0.001145
3.026000	0.000198
3.027000	0.002047
3.028000	0.004214
3.029000	0.005711
3.030000	0.005891
3.031000	0.004668
3.032000	0.002444
3.033000	0.000322
3.034000	0.002380
3.035000	0.003857
3.036000	0.004179
3.037000	0.003441
3.038000	0.001744
3.039000	0.000815
3.040000	0.003552
3.041000	0.005570
3.042000	0.006146
3.043000	0.004878
3.044000	0.002016
3.045000	0.001889
3.046000	0.005435
3.047000	0.007771
3.048000	0.009160
3.049000	0.008617
3.050000	0.005938
3.051000	0.001520
3.052000	0.003125
3.053000	0.006732
3.054000	0.008856
3.055000	0.009210
3.056000	0.007957
3.057000	0.004981
3.058000	0.001222
3.059000	0.002273
3.060000	0.004874
3.061000	0.006093
3.062000	0.006469
3.063000	0.006037
3.064000	0.004936
3.065000	0.003558
3.066000	0.002142
3.067000	0.000815
3.068000	0.000446
3.069000	0.001429
3.070000	0.002442
3.071000	0.003389
3.072000	0.004486
3.073000	0.005626
3.074000	0.006382
3.075000	0.005740
3.076000	0.003590
3.077000	0.000520
3.078000	0.002924
3.079000	0.006074
3.080000	0.008562
3.081000	0.009700
3.082000	0.009529
3.083000	0.006721
3.084000	0.002313
3.085000	0.002353
3.086000	0.006230
3.087000	0.008844
3.088000	0.010144
3.089000	0.009642
3.090000	0.007219
3.091000	0.003229
3.092000	0.001668
3.093000	0.005788
3.094000	0.008127
3.095000	0.008535
3.096000	0.006953
3.097000	0.003845
3.098000	0.000450
3.099000	0.003585
3.100000	0.005535
3.101000	0.005728
3.102000	0.004238
3.103000	0.001706
3.104000	0.001050
3.105000	0.003414
3.106000	0.004842
3.107000	0.004849
3.108000	0.003068
3.109000	0.000333
3.110000	0.003487
3.111000	0.005945
3.112000	0.006654
3.113000	0.005133
3.114000	0.002157
3.115000	0.001657
3.116000	0.005135
3.117000	0.007333
3.118000	0.007402
3.119000	0.005047
3.120000	0.000758
3.121000	0.004439
3.122000	0.008941
3.123000	0.011088
3.124000	0.009343
3.125000	0.004375
3.126000	0.002071
3.127000	0.007766
3.128000	0.011887
3.129000	0.013722
3.130000	0.012508
3.131000	0.007600
3.132000	0.000731
3.133000	0.006668
3.134000	0.011690
3.135000	0.014016
3.136000	0.013427
3.137000	0.009336
3.138000	0.003216
3.139000	0.003652
3.140000	0.008973
3.141000	0.012240
3.142000	0.012705
3.143000	0.010414
3.144000	0.005225
3.145000	0.002464
3.146000	0.008704
3.147000	0.011721
3.148000	0.010825
3.149000	0.006703
3.150000	0.001032
3.151000	0.005151
3.152000	0.009824
3.153000	0.012405
3.154000	0.011392
3.155000	0.006578
3.156000	0.000698
3.157000	0.007119
3.158000	0.012188
3.159000	0.014096
3.160000	0.012502
3.161000	0.007267
3.162000	0.000905
3.163000	0.009200
3.164000	0.014603
3.165000	0.016091
3.166000	0.012954
3.167000	0.005190
3.168000	0.004162
3.169000	0.012032
3.170000	0.017102
3.171000	0.017504
3.172000	0.009368
3.173000	0.006396
3.174000	0.011160
3.175000	0.013687
3.176000	0.013436
3.177000	0.010337
3.178000	0.004198
3.179000	0.003064
3.180000	0.008414
3.181000	0.011229
3.182000	0.011672
3.183000	0.009687
3.184000	0.005726
3.185000	0.000674
3.186000	0.005223
3.187000	0.008872
3.188000	0.010224
3.189000	0.008383
3.190000	0.003445
3.191000	0.003038
3.192000	0.008144
3.193000	0.010437
3.194000	0.009676
3.195000	0.006455
3.196000	0.001550
3.197000	0.004239
3.198000	0.008904
3.199000	0.011421
3.200000	0.011269
3.201000	0.008525
3.202000	0.003750
3.203000	0.002390
3.204000	0.008408
3.205000	0.011803
3.206000	0.011910
3.207000	0.008784
3.208000	0.002610
3.209000	0.004531
3.210000	0.010676
3.211000	0.013929
3.212000	0.013343
3.213000	0.008547
3.214000	0.001296
3.215000	0.007187
3.216000	0.014415
3.217000	0.020709
3.218000	0.010498
3.219000	0.002753
3.220000	0.003975
3.221000	0.009720
3.222000	0.012969
3.223000	0.013293
3.224000	0.010487
3.225000	0.005098
3.226000	0.000987
3.227000	0.005846
3.228000	0.008283
3.229000	0.008373
3.230000	0.006550
3.231000	0.003426
3.232000	0.000454
3.233000	0.002579
3.234000	0.004429
3.235000	0.003998
3.236000	0.000929
3.237000	0.003532
3.238000	0.007309
3.239000	0.008769
3.240000	0.007136
3.241000	0.003278
3.242000	0.001767
3.243000	0.006689
3.244000	0.010656
3.245000	0.013227
3.246000	0.012809
3.247000	0.004023
3.248000	0.002266
3.249000	0.006384
3.250000	0.009372
3.251000	0.010421
3.252000	0.009481
3.253000	0.006444
3.254000	0.001450
3.255000	0.004274
3.256000	0.008297
3.257000	0.009792
3.258000	0.008613
3.259000	0.004496
3.260000	0.001807
3.261000	0.007600
3.262000	0.014617
3.263000	0.011235
3.264000	0.006809
3.265000	0.000705
3.266000	0.005848
3.267000	0.010474
3.268000	0.012612
3.269000	0.012720
3.270000	0.010401
3.271000	0.001195
3.272000	0.003919
3.273000	0.006064
3.274000	0.006825
3.275000	0.006511
3.276000	0.005373
3.277000	0.003696
3.278000	0.001547
3.279000	0.001144
3.280000	0.002753
3.281000	0.002561
3.282000	0.000874
3.283000	0.001364
3.284000	0.003298
3.285000	0.004630
3.286000	0.004487
3.287000	0.002514
3.288000	0.000344
3.289000	0.002841
3.290000	0.005136
3.291000	0.007323
3.292000	0.008968
3.293000	0.009066
3.294000	0.007114
3.295000	0.002918
3.296000	0.001644
3.297000	0.005117
3.298000	0.007050
3.299000	0.007576
3.300000	0.006816
3.301000	0.005008
3.302000	0.002216
3.303000	0.001564
3.304000	0.004407
3.305000	0.005630
3.306000	0.005229
3.307000	0.002660
3.308000	0.001722
3.309000	0.005674
3.310000	0.008205
3.311000	0.008517
3.312000	0.006307
3.313000	0.002421
3.314000	0.002792
3.315000	0.007032
3.316000	0.009838
3.317000	0.010970
3.318000	0.010336
3.319000	0.007389
3.320000	0.002636
3.321000	0.002465
3.322000	0.005714
3.323000	0.007052
3.324000	0.007044
3.325000	0.005871
3.326000	0.004077
3.327000	0.002239
3.328000	0.000402
3.329000	0.001554
3.330000	0.001880
3.331000	0.000892
3.332000	0.001251
3.333000	0.003302
3.334000	0.004408
3.335000	0.003946
3.336000	0.002180
3.337000	0.000401
3.338000	0.003118
3.339000	0.005469
3.340000	0.007287
3.341000	0.008136
3.342000	0.007785
3.343000	0.006167
3.344000	0.000515
3.345000	0.002717
3.346000	0.003965
3.347000	0.004076
3.348000	0.003597
3.349000	0.002732
3.350000	0.001718
3.351000	0.000846
3.352000	0.000382
3.353000	0.000745
3.354000	0.002289
3.355000	0.003807
3.356000	0.004560
3.357000	0.004019
3.358000	0.002427
3.359000	0.000544
3.360000	0.002310
3.361000	0.004555
3.362000	0.006456
3.363000	0.007503
3.364000	0.007229
3.365000	0.005374
3.366000	0.002514
3.367000	0.000638
3.368000	0.002987
3.369000	0.004082
3.370000	0.003536
3.371000	0.001608
3.372000	0.001336
3.373000	0.002648
3.374000	0.003149
3.375000	0.002100
3.376000	0.000737
3.377000	0.003899
3.378000	0.008517
3.379000	0.013297
3.380000	0.009071
3.381000	0.004376
3.382000	0.001838
3.383000	0.007310
3.384000	0.010819
3.385000	0.011935
3.386000	0.010628
3.387000	0.006600
3.388000	0.000903
3.389000	0.004417
3.390000	0.007698
3.391000	0.008182
3.392000	0.006009
3.393000	0.002183
3.394000	0.002174
3.395000	0.005675
3.396000	0.007245
3.397000	0.006073
3.398000	0.001968
3.399000	0.004636
3.400000	0.016882
3.401000	0.014774
3.402000	0.007812
3.403000	0.001394
3.404000	0.006076
3.405000	0.011483
3.406000	0.014417
3.407000	0.014326
3.408000	0.006548
3.409000	0.000703
3.410000	0.004404
3.411000	0.007226
3.412000	0.008236
3.413000	0.007336
3.414000	0.005095
3.415000	0.002079
3.416000	0.001160
3.417000	0.004202
3.418000	0.005827
3.419000	0.005118
3.420000	0.002096
3.421000	0.002815
3.422000	0.012124
3.423000	0.010454
3.424000	0.007252
3.425000	0.001948
3.426000	0.004329
3.427000	0.009553
3.428000	0.013020
3.429000	0.014224
3.430000	0.008831
3.431000	0.002055
3.432000	0.002999
3.433000	0.006906
3.434000	0.009110
3.435000	0.009000
3.436000	0.006817
3.437000	0.003468
3.438000	0.001031
3.439000	0.004584
3.440000	0.006902
3.441000	0.006185
3.442000	0.002670
3.443000	0.009295
3.444000	0.012545
3.445000	0.008403
3.446000	0.003873
3.447000	0.002126
3.448000	0.007609
3.449000	0.011682
3.450000	0.013751
3.451000	0.011878
3.452000	0.005454
3.453000	0.001198
3.454000	0.004331
3.455000	0.007509
3.456000	0.009110
3.457000	0.008954
3.458000	0.007535
3.459000	0.005016
3.460000	0.000989
3.461000	0.002126
3.462000	0.003243
3.463000	0.001866
3.464000	0.001018
3.465000	0.001673
3.466000	0.001937
3.467000	0.001677
3.468000	0.001415
3.469000	0.003563
3.470000	0.006384
3.471000	0.013401
3.472000	0.009782
3.473000	0.005654
3.474000	0.001930
3.475000	0.005478
3.476000	0.009530
3.477000	0.011617
3.478000	0.011676
3.479000	0.009660
3.480000	0.002089
3.481000	0.004162
3.482000	0.004736
3.483000	0.004625
3.484000	0.003996
3.485000	0.003042
3.486000	0.003327
3.487000	0.003259
3.488000	0.006045
3.489000	0.005073
3.490000	0.003679
3.491000	0.002529
3.492000	0.009009
3.493000	0.009897
3.494000	0.012752
3.495000	0.004797
3.496000	0.003035
3.497000	0.001950
3.498000	0.008531
3.499000	0.008913
3.500000	0.009335
3.501000	0.007009
3.502000	0.003721
3.503000	0.002598
3.504000	0.001734
3.505000	0.003734
3.506000	0.005615
3.507000	0.007160
3.508000	0.007987
3.509000	0.008151
3.510000	0.004278
3.511000	0.003151
3.512000	0.002548
3.513000	0.002851
3.514000	0.009171
3.515000	0.009132
3.516000	0.009527
3.517000	0.005256
3.518000	0.003359
3.519000	0.002695
3.520000	0.002939
3.521000	0.009000
3.522000	0.008887
3.523000	0.009181
3.524000	0.005930
3.525000	0.003445
3.526000	0.002770
3.527000	0.002476
3.528000	0.008373
3.529000	0.008478
3.530000	0.008847
3.531000	0.007533
3.532000	0.003450
3.533000	0.002315
3.534000	0.001739
3.535000	0.003295
3.536000	0.005220
3.537000	0.006649
3.538000	0.007252
3.539000	0.007240
3.540000	0.004098
3.541000	0.002683
3.542000	0.002257
3.543000	0.002009
3.544000	0.003518
3.545000	0.005428
3.546000	0.006709
3.547000	0.007219
3.548000	0.007131
3.549000	0.005163
3.550000	0.002575
3.551000	0.002057
3.552000	0.003003
3.553000	0.004359
3.554000	0.005610
3.555000	0.006714
3.556000	0.007141
3.557000	0.006976
3.558000	0.003707
3.559000	0.002935
3.560000	0.002549
3.561000	0.002644
3.562000	0.004329
3.563000	0.008703
3.564000	0.007860
3.565000	0.007755
3.566000	0.005729
3.567000	0.002629
3.568000	0.002093
3.569000	0.003130
3.570000	0.004624
3.571000	0.005749
3.572000	0.006688
3.573000	0.006990
3.574000	0.006770
3.575000	0.003645
3.576000	0.002702
3.577000	0.002400
3.578000	0.002039
3.579000	0.003338
3.580000	0.004875
3.581000	0.006169
3.582000	0.006730
3.583000	0.006803
3.584000	0.005770
3.585000	0.002708
3.586000	0.002367
3.587000	0.002362
3.588000	0.003814
3.589000	0.004881
3.590000	0.006111
3.591000	0.006767
3.592000	0.006824
3.593000	0.006389
3.594000	0.003097
3.595000	0.002326
3.596000	0.002268
3.597000	0.003366
3.598000	0.004324
3.599000	0.005467
3.600000	0.006152
3.601000	0.006203
3.602000	0.005827
3.603000	0.003708
3.604000	0.002352
3.605000	0.002074
3.606000	0.002992
3.607000	0.003755
3.608000	0.004194
3.609000	0.005035
3.610000	0.005660
3.611000	0.005752
3.612000	0.005445
3.613000	0.003734
3.614000	0.002764
3.615000	0.002525
3.616000	0.002842
3.617000	0.003947
3.618000	0.005055
3.619000	0.006217
3.620000	0.006681
3.621000	0.006581
3.622000	0.005462
3.623000	0.002793
3.624000	0.002525
3.625000	0.002906
3.626000	0.004293
3.627000	0.005080
3.628000	0.006141
3.629000	0.006740
3.630000	0.006715
3.631000	0.005811
3.632000	0.003001
3.633000	0.002711
3.634000	0.002301
3.635000	0.004028
3.636000	0.004941
3.637000	0.005866
3.638000	0.006585
3.639000	0.006644
3.640000	0.006129
3.641000	0.004039
3.642000	0.002824
3.643000	0.002623
3.644000	0.003320
3.645000	0.004328
3.646000	0.005111
3.647000	0.005955
3.648000	0.006307
3.649000	0.006095
3.650000	0.005290
3.651000	0.003059
3.652000	0.002968
3.653000	0.002620
3.654000	0.004196
3.655000	0.005181
3.656000	0.006285
3.657000	0.007006
3.658000	0.006950
3.659000	0.005909
3.660000	0.002975
3.661000	0.002791
3.662000	0.002780
3.663000	0.004514
3.664000	0.005393
3.665000	0.006076
3.666000	0.006548
3.667000	0.006446
3.668000	0.005636
3.669000	0.003168
3.670000	0.002885
3.671000	0.002736
3.672000	0.003898
3.673000	0.004721
3.674000	0.005538
3.675000	0.006147
3.676000	0.006092
3.677000	0.005430
3.678000	0.004411
3.679000	0.003412
3.680000	0.002828
3.681000	0.003963
3.682000	0.004629
3.683000	0.005011
3.684000	0.005717
3.685000	0.005989
3.686000	0.005608
3.687000	0.004409
3.688000	0.003134
3.689000	0.003218
3.690000	0.002990
3.691000	0.004217
3.692000	0.005117
3.693000	0.006123
3.694000	0.006620
3.695000	0.006356
3.696000	0.005564
3.697000	0.003822
3.698000	0.003389
3.699000	0.003215
3.700000	0.004434
3.701000	0.005145
3.702000	0.006144
3.703000	0.006612
3.704000	0.006275
3.705000	0.005196
3.706000	0.003508
3.707000	0.003572
3.708000	0.003245
3.709000	0.004617
3.710000	0.005618
3.711000	0.006751
3.712000	0.007152
3.713000	0.006678
3.714000	0.004905
3.715000	0.003491
3.716000	0.003428
3.717000	0.003820
3.718000	0.005175
3.719000	0.006037
3.720000	0.006864
3.721000	0.006912
3.722000	0.006124
3.723000	0.003757
3.724000	0.003464
3.725000	0.003334
3.726000	0.004355
3.727000	0.005417
3.728000	0.006281
3.729000	0.008232
3.730000	0.006348
3.731000	0.005498
3.732000	0.003496
3.733000	0.002951
3.734000	0.004043
3.735000	0.004914
3.736000	0.005246
3.737000	0.005824
3.738000	0.006027
3.739000	0.005510
3.740000	0.004102
3.741000	0.003055
3.742000	0.003124
3.743000	0.002897
3.744000	0.004264
3.745000	0.005096
3.746000	0.005911
3.747000	0.006274
3.748000	0.005963
3.749000	0.005145
3.750000	0.003268
3.751000	0.002979
3.752000	0.002887
3.753000	0.004124
3.754000	0.004793
3.755000	0.005274
3.756000	0.005820
3.757000	0.005724
3.758000	0.005028
3.759000	0.004041
3.760000	0.003459
3.761000	0.002972
3.762000	0.004006
3.763000	0.004658
3.764000	0.005058
3.765000	0.007201
3.766000	0.005790
3.767000	0.005100
3.768000	0.003965
3.769000	0.002853
3.770000	0.002853
3.771000	0.004093
3.772000	0.004678
3.773000	0.004860
3.774000	0.005083
3.775000	0.005128
3.776000	0.004625
3.777000	0.003682
3.778000	0.002537
3.779000	0.002289
3.780000	0.002443
3.781000	0.003305
3.782000	0.004547
3.783000	0.005060
3.784000	0.005266
3.785000	0.005487
3.786000	0.005186
3.787000	0.004280
3.788000	0.003096
3.789000	0.002113
3.790000	0.002331
3.791000	0.003132
3.792000	0.004549
3.793000	0.005124
3.794000	0.005337
3.795000	0.005615
3.796000	0.005427
3.797000	0.004228
3.798000	0.002389
3.799000	0.002220
3.800000	0.002284
3.801000	0.002753
3.802000	0.004063
3.803000	0.004702
3.804000	0.004897
3.805000	0.005109
3.806000	0.004808
3.807000	0.004101
3.808000	0.003185
3.809000	0.001978
3.810000	0.001974
3.811000	0.002028
3.812000	0.003547
3.813000	0.004530
3.814000	0.004830
3.815000	0.004961
3.816000	0.005078
3.817000	0.004723
3.818000	0.003830
3.819000	0.002684
3.820000	0.001807
3.821000	0.001969
3.822000	0.002826
3.823000	0.004225
3.824000	0.004930
3.825000	0.005071
3.826000	0.005128
3.827000	0.004951
3.828000	0.004137
3.829000	0.002883
3.830000	0.001591
3.831000	0.001665
3.832000	0.001661
3.833000	0.002925
3.834000	0.004016
3.835000	0.004483
3.836000	0.004552
3.837000	0.004554
3.838000	0.004367
3.839000	0.003637
3.840000	0.002567
3.841000	0.001468
3.842000	0.001274
3.843000	0.001310
3.844000	0.002465
3.845000	0.003727
3.846000	0.004475
3.847000	0.004679
3.848000	0.004678
3.849000	0.004442
3.850000	0.003687
3.851000	0.002491
3.852000	0.001361
3.853000	0.001033
3.854000	0.001181
3.855000	0.001887
3.856000	0.003061
3.857000	0.003893
3.858000	0.004199
3.859000	0.004201
3.860000	0.004087
3.861000	0.003673
3.862000	0.002811
3.863000	0.001887
3.864000	0.001071
3.865000	0.000998
3.866000	0.000976
3.867000	0.001548
3.868000	0.002764
3.869000	0.003544
3.870000	0.003887
3.871000	0.003881
3.872000	0.003739
3.873000	0.003273
3.874000	0.002418
3.875000	0.001469
3.876000	0.000789
3.877000	0.000606
3.878000	0.000421
3.879000	0.000459
3.880000	0.000613
3.881000	0.000895
3.882000	0.001391
3.883000	0.001852
3.884000	0.002104
3.885000	0.002201
3.886000	0.002451
3.887000	0.003017
3.888000	0.003464
3.889000	0.003744
3.890000	0.003689
3.891000	0.003105
3.892000	0.001987
3.893000	0.001239
3.894000	0.002818
3.895000	0.004892
3.896000	0.006006
3.897000	0.006287
3.898000	0.006044
3.899000	0.004932
3.900000	0.002978
3.901000	0.001052
3.902000	0.001344
3.903000	0.001954
3.904000	0.002699
3.905000	0.003064
3.906000	0.002952
3.907000	0.002268
3.908000	0.001268
3.909000	0.002277
3.910000	0.002757
3.911000	0.002789
3.912000	0.002538
3.913000	0.001871
3.914000	0.002684
3.915000	0.003926
3.916000	0.005010
3.917000	0.005354
3.918000	0.003798
3.919000	0.001836
3.920000	0.003354
3.921000	0.006281
3.922000	0.007798
3.923000	0.008299
3.924000	0.008104
3.925000	0.006097
3.926000	0.002877
3.927000	0.001492
3.928000	0.004373
3.929000	0.006324
3.930000	0.006774
3.931000	0.006164
3.932000	0.004475
3.933000	0.001431
3.934000	0.002870
3.935000	0.003808
3.936000	0.004193
3.937000	0.003356
3.938000	0.002180
3.939000	0.001553
3.940000	0.003741
3.941000	0.005725
3.942000	0.006963
3.943000	0.006277
3.944000	0.003309
3.945000	0.001129
3.946000	0.005080
3.947000	0.007860
3.948000	0.009186
3.949000	0.009092
3.950000	0.007473
3.951000	0.004065
3.952000	0.001877
3.953000	0.005032
3.954000	0.007534
3.955000	0.007651
3.956000	0.005690
3.957000	0.002152
3.958000	0.002445
3.959000	0.005829
3.960000	0.007404
3.961000	0.006797
3.962000	0.003961
3.963000	0.001565
3.964000	0.005721
3.965000	0.009624
3.966000	0.011575
3.967000	0.010538
3.968000	0.006651
3.969000	0.000977
3.970000	0.005458
3.971000	0.009762
3.972000	0.011492
3.973000	0.010638
3.974000	0.007500
3.975000	0.002778
3.976000	0.003080
3.977000	0.007948
3.978000	0.009880
3.979000	0.008223
3.980000	0.003720
3.981000	0.002167
3.982000	0.007446
3.983000	0.010468
3.984000	0.010338
3.985000	0.006677
3.986000	0.002716
3.987000	0.006895
3.988000	0.011782
3.989000	0.013749
3.990000	0.012312
3.991000	0.007579
3.992000	0.000878
3.993000	0.006664
3.994000	0.011299
3.995000	0.012976
3.996000	0.011689
3.997000	0.007202
3.998000	0.001223
3.999000	0.004917
4.000000	0.009807
4.001000	0.011410
4.002000	0.009268
4.003000	0.004345
4.004000	0.001967
4.005000	0.008195
4.006000	0.012666
4.007000	0.013375
4.008000	0.009519
4.009000	0.002834
4.010000	0.006540
4.011000	0.012527
4.012000	0.015068
4.013000	0.014224
4.014000	0.009518
4.015000	0.002089
4.016000	0.005978
4.017000	0.011370
4.018000	0.013664
4.019000	0.012926
4.020000	0.008684
4.021000	0.002651
4.022000	0.003965
4.023000	0.009700
4.024000	0.012309
4.025000	0.011562
4.026000	0.007530
4.027000	0.001306
4.028000	0.006036
4.029000	0.011933
4.030000	0.014479
4.031000	0.013110
4.032000	0.006994
4.033000	0.002169
4.034000	0.009582
4.035000	0.013931
4.036000	0.014718
4.037000	0.012328
4.038000	0.006566
4.039000	0.001545
4.040000	0.008474
4.041000	0.012787
4.042000	0.013830
4.043000	0.011633
4.044000	0.006633
4.045000	0.001483
4.046000	0.007662
4.047000	0.012223
4.048000	0.013464
4.049000	0.011341
4.050000	0.005859
4.051000	0.002011
4.052000	0.008589
4.053000	0.013116
4.054000	0.014451
4.055000	0.012230
4.056000	0.006355
4.057000	0.002528
4.058000	0.009659
4.059000	0.013263
4.060000	0.013971
4.061000	0.011705
4.062000	0.006372
4.063000	0.002158
4.064000	0.007876
4.065000	0.011857
4.066000	0.013127
4.067000	0.011279
4.068000	0.006633
4.069000	0.001393
4.070000	0.007081
4.071000	0.011555
4.072000	0.012868
4.073000	0.010991
4.074000	0.006265
4.075000	0.000879
4.076000	0.006828
4.077000	0.011016
4.078000	0.012959
4.079000	0.012106
4.080000	0.008212
4.081000	0.001844
4.082000	0.005686
4.083000	0.010450
4.084000	0.011981
4.085000	0.011207
4.086000	0.007842
4.087000	0.002369
4.088000	0.004230
4.089000	0.008570
4.090000	0.010990
4.091000	0.010842
4.092000	0.007817
4.093000	0.002640
4.094000	0.004063
4.095000	0.008817
4.096000	0.010986
4.097000	0.010859
4.098000	0.008381
4.099000	0.003587
4.100000	0.002675
4.101000	0.007456
4.102000	0.009911
4.103000	0.010123
4.104000	0.008985
4.105000	0.006077
4.106000	0.001689
4.107000	0.004096
4.108000	0.007731
4.109000	0.009177
4.110000	0.008750
4.111000	0.006079
4.112000	0.002108
4.113000	0.003556
4.114000	0.006192
4.115000	0.007858
4.116000	0.007733
4.117000	0.005856
4.118000	0.002672
4.119000	0.002604
4.120000	0.005196
4.121000	0.006793
4.122000	0.006981
4.123000	0.006034
4.124000	0.004004
4.125000	0.002005
4.126000	0.003554
4.127000	0.004083
4.128000	0.005150
4.129000	0.005055
4.130000	0.003620
4.131000	0.002369
4.132000	0.004104
4.133000	0.004579
4.134000	0.004107
4.135000	0.002766
4.136000	0.001038
4.137000	0.002617
4.138000	0.004351
4.139000	0.004698
4.140000	0.003977
4.141000	0.002249
4.142000	0.000847
4.143000	0.003380
4.144000	0.004912
4.145000	0.005112
4.146000	0.004022
4.147000	0.001629
4.148000	0.002674
4.149000	0.004649
4.150000	0.005668
4.151000	0.005403
4.152000	0.003998
4.153000	0.002167
4.154000	0.005114
4.155000	0.006836
4.156000	0.006653
4.157000	0.005104
4.158000	0.003076
4.159000	0.003641
4.160000	0.007040
4.161000	0.009075
4.162000	0.008768
4.163000	0.006279
4.164000	0.003007
4.165000	0.004383
4.166000	0.008967
4.167000	0.010858
4.168000	0.009700
4.169000	0.005667
4.170000	0.002294
4.171000	0.006738
4.172000	0.010894
4.173000	0.011807
4.174000	0.009630
4.175000	0.004810
4.176000	0.001899
4.177000	0.008082
4.178000	0.011777
4.179000	0.012121
4.180000	0.009677
4.181000	0.004405
4.182000	0.002074
4.183000	0.007906
4.184000	0.012021
4.185000	0.012777
4.186000	0.010337
4.187000	0.004213
4.188000	0.003800
4.189000	0.010196
4.190000	0.013287
4.191000	0.012613
4.192000	0.008412
4.193000	0.002693
4.194000	0.006022
4.195000	0.011560
4.196000	0.013819
4.197000	0.012414
4.198000	0.007348
4.199000	0.001461
4.200000	0.007829
4.201000	0.012277
4.202000	0.013758
4.203000	0.011743
4.204000	0.005821
4.205000	0.001621
4.206000	0.008469
4.207000	0.012998
4.208000	0.014042
4.209000	0.011270
4.210000	0.004748
4.211000	0.003010
4.212000	0.009633
4.213000	0.013275
4.214000	0.013293
4.215000	0.009851
4.216000	0.003389
4.217000	0.003548
4.218000	0.008915
4.219000	0.012225
4.220000	0.012731
4.221000	0.010278
4.222000	0.004623
4.223000	0.002207
4.224000	0.008365
4.225000	0.012185
4.226000	0.012917
4.227000	0.010836
4.228000	0.005410
4.229000	0.002050
4.230000	0.008618
4.231000	0.012498
4.232000	0.013565
4.233000	0.011504
4.234000	0.005715
4.235000	0.002020
4.236000	0.008250
4.237000	0.012348
4.238000	0.013472
4.239000	0.011524
4.240000	0.006243
4.241000	0.001141
4.242000	0.007765
4.243000	0.011764
4.244000	0.013004
4.245000	0.011515
4.246000	0.006810
4.247000	0.001060
4.248000	0.005983
4.249000	0.010680
4.250000	0.012602
4.251000	0.011433
4.252000	0.007306
4.253000	0.001631
4.254000	0.004718
4.255000	0.009731
4.256000	0.012363
4.257000	0.012164
4.258000	0.009127
4.259000	0.002868
4.260000	0.004413
4.261000	0.009383
4.262000	0.011648
4.263000	0.011752
4.264000	0.009337
4.265000	0.004306
4.266000	0.001640
4.267000	0.007115
4.268000	0.010758
4.269000	0.011765
4.270000	0.010497
4.271000	0.006719
4.272000	0.001155
4.273000	0.005430
4.274000	0.009665
4.275000	0.011159
4.276000	0.010486
4.277000	0.007474
4.278000	0.002201
4.279000	0.003437
4.280000	0.007950
4.281000	0.010188
4.282000	0.010628
4.283000	0.008878
4.284000	0.004179
4.285000	0.001430
4.286000	0.006277
4.287000	0.009007
4.288000	0.010044
4.289000	0.009221
4.290000	0.006335
4.291000	0.001450
4.292000	0.003647
4.293000	0.007635
4.294000	0.009522
4.295000	0.009767
4.296000	0.008331
4.297000	0.004519
4.298000	0.001116
4.299000	0.005875
4.300000	0.008617
4.301000	0.009710
4.302000	0.009198
4.303000	0.007022
4.304000	0.002268
4.305000	0.002886
4.306000	0.006924
4.307000	0.008938
4.308000	0.009280
4.309000	0.008375
4.310000	0.005331
4.311000	0.001243
4.312000	0.003322
4.313000	0.006559
4.314000	0.008535
4.315000	0.008928
4.316000	0.007705
4.317000	0.004490
4.318000	0.001009
4.319000	0.004765
4.320000	0.007348
4.321000	0.008560
4.322000	0.008349
4.323000	0.006830
4.324000	0.003180
4.325000	0.001846
4.326000	0.005315
4.327000	0.007562
4.328000	0.008103
4.329000	0.007826
4.330000	0.006401
4.331000	0.003042
4.332000	0.001978
4.333000	0.005929
4.334000	0.008079
4.335000	0.008799
4.336000	0.008028
4.337000	0.005325
4.338000	0.001835
4.339000	0.003939
4.340000	0.006704
4.341000	0.008131
4.342000	0.007948
4.343000	0.006594
4.344000	0.003640
4.345000	0.001262
4.346000	0.005139
4.347000	0.007453
4.348000	0.008397
4.349000	0.007874
4.350000	0.005504
4.351000	0.002188
4.352000	0.003611
4.353000	0.006845
4.354000	0.008130
4.355000	0.007976
4.356000	0.006079
4.357000	0.002786
4.358000	0.002381
4.359000	0.005886
4.360000	0.007715
4.361000	0.008186
4.362000	0.006925
4.363000	0.003568
4.364000	0.001161
4.365000	0.004940
4.366000	0.007124
4.367000	0.008025
4.368000	0.007293
4.369000	0.004527
4.370000	0.001673
4.371000	0.003854
4.372000	0.006844
4.373000	0.008118
4.374000	0.007756
4.375000	0.005195
4.376000	0.001976
4.377000	0.003485
4.378000	0.006698
4.379000	0.008107
4.380000	0.007863
4.381000	0.005450
4.382000	0.002135
4.383000	0.003214
4.384000	0.006759
4.385000	0.008581
4.386000	0.008759
4.387000	0.006333
4.388000	0.002092
4.389000	0.003082
4.390000	0.006835
4.391000	0.008943
4.392000	0.008803
4.393000	0.006353
4.394000	0.002231
4.395000	0.002742
4.396000	0.006676
4.397000	0.009021
4.398000	0.008966
4.399000	0.006406
4.400000	0.002015
4.401000	0.003161
4.402000	0.007087
4.403000	0.009256
4.404000	0.008946
4.405000	0.006200
4.406000	0.001803
4.407000	0.003290
4.408000	0.007303
4.409000	0.009635
4.410000	0.009449
4.411000	0.006595
4.412000	0.001871
4.413000	0.003554
4.414000	0.007770
4.415000	0.010026
4.416000	0.009639
4.417000	0.006634
4.418000	0.001859
4.419000	0.003627
4.420000	0.008061
4.421000	0.010595
4.422000	0.010315
4.423000	0.007176
4.424000	0.001980
4.425000	0.003920
4.426000	0.008572
4.427000	0.011024
4.428000	0.010603
4.429000	0.007131
4.430000	0.001444
4.431000	0.004085
4.432000	0.008612
4.433000	0.011111
4.434000	0.010733
4.435000	0.007452
4.436000	0.002097
4.437000	0.003900
4.438000	0.008716
4.439000	0.011236
4.440000	0.010837
4.441000	0.007624
4.442000	0.002478
4.443000	0.003401
4.444000	0.008386
4.445000	0.011370
4.446000	0.011462
4.447000	0.008538
4.448000	0.003303
4.449000	0.002885
4.450000	0.007978
4.451000	0.010698
4.452000	0.011186
4.453000	0.008750
4.454000	0.004054
4.455000	0.001787
4.456000	0.007106
4.457000	0.010707
4.458000	0.011519
4.459000	0.009458
4.460000	0.004834
4.461000	0.001194
4.462000	0.006731
4.463000	0.010435
4.464000	0.011415
4.465000	0.009890
4.466000	0.005626
4.467000	0.000686
4.468000	0.005705
4.469000	0.009935
4.470000	0.011659
4.471000	0.010910
4.472000	0.007153
4.473000	0.001514
4.474000	0.004494
4.475000	0.009110
4.476000	0.011144
4.477000	0.010843
4.478000	0.007802
4.479000	0.002836
4.480000	0.002849
4.481000	0.007695
4.482000	0.010386
4.483000	0.011000
4.484000	0.008831
4.485000	0.004275
4.486000	0.001477
4.487000	0.006571
4.488000	0.009560
4.489000	0.010721
4.490000	0.009517
4.491000	0.005683
4.492000	0.000631
4.493000	0.004701
4.494000	0.008230
4.495000	0.010331
4.496000	0.010212
4.497000	0.007290
4.498000	0.002370
4.499000	0.002920
4.500000	0.006835
4.501000	0.009471
4.502000	0.010202
4.503000	0.008559
4.504000	0.004368
4.505000	0.000984
4.506000	0.005853
4.507000	0.008960
4.508000	0.010444
4.509000	0.009581
4.510000	0.005911
4.511000	0.000962
4.512000	0.003492
4.513000	0.007390
4.514000	0.009817
4.515000	0.010203
4.516000	0.008150
4.517000	0.003578
4.518000	0.001637
4.519000	0.005747
4.520000	0.008958
4.521000	0.010448
4.522000	0.009489
4.523000	0.005664
4.524000	0.000841
4.525000	0.003875
4.526000	0.007682
4.527000	0.009910
4.528000	0.010028
4.529000	0.007690
4.530000	0.002880
4.531000	0.002407
4.532000	0.006398
4.533000	0.009332
4.534000	0.010415
4.535000	0.008975
4.536000	0.004701
4.537000	0.000672
4.538000	0.004898
4.539000	0.008344
4.540000	0.010043
4.541000	0.009356
4.542000	0.005985
4.543000	0.001343
4.544000	0.003037
4.545000	0.006883
4.546000	0.009491
4.547000	0.010096
4.548000	0.008122
4.549000	0.003418
4.550000	0.002031
4.551000	0.006021
4.552000	0.008944
4.553000	0.009960
4.554000	0.008554
4.555000	0.004562
4.556000	0.000589
4.557000	0.004514
4.558000	0.007896
4.559000	0.009758
4.560000	0.009509
4.561000	0.006748
4.562000	0.001531
4.563000	0.003847
4.564000	0.007394
4.565000	0.009520
4.566000	0.009617
4.567000	0.007345
4.568000	0.002706
4.569000	0.002458
4.570000	0.006144
4.571000	0.008862
4.572000	0.009782
4.573000	0.008289
4.574000	0.004152
4.575000	0.000989
4.576000	0.004862
4.577000	0.007866
4.578000	0.009228
4.579000	0.008562
4.580000	0.005712
4.581000	0.001138
4.582000	0.003081
4.583000	0.006572
4.584000	0.008847
4.585000	0.009200
4.586000	0.007457
4.587000	0.003633
4.588000	0.001694
4.589000	0.005495
4.590000	0.008251
4.591000	0.009243
4.592000	0.008315
4.593000	0.005268
4.594000	0.000815
4.595000	0.003395
4.596000	0.006712
4.597000	0.008739
4.598000	0.008880
4.599000	0.007026
4.600000	0.003549
4.601000	0.000883
4.602000	0.004852
4.603000	0.007796
4.604000	0.008964
4.605000	0.008181
4.606000	0.005659
4.607000	0.001945
4.608000	0.002225
4.609000	0.005849
4.610000	0.008249
4.611000	0.008930
4.612000	0.007774
4.613000	0.004703
4.614000	0.000684
4.615000	0.003519
4.616000	0.006778
4.617000	0.008404
4.618000	0.008251
4.619000	0.006763
4.620000	0.003555
4.621000	0.000465
4.622000	0.004113
4.623000	0.006799
4.624000	0.007718
4.625000	0.007547
4.626000	0.005837
4.627000	0.002799
4.628000	0.000870
4.629000	0.004016
4.630000	0.005625
4.631000	0.006545
4.632000	0.006480
4.633000	0.005082
4.634000	0.002508
4.635000	0.000653
4.636000	0.003426
4.637000	0.004918
4.638000	0.005834
4.639000	0.005974
4.640000	0.004846
4.641000	0.002276
4.642000	0.000483
4.643000	0.002366
4.644000	0.003963
4.645000	0.004996
4.646000	0.005289
4.647000	0.004604
4.648000	0.002951
4.649000	0.001416
4.650000	0.000609
4.651000	0.002434
4.652000	0.003895
4.653000	0.004755
4.654000	0.004873
4.655000	0.004226
4.656000	0.002922
4.657000	0.001412
4.658000	0.000698
4.659000	0.002407
4.660000	0.003668
4.661000	0.004294
4.662000	0.004210
4.663000	0.003463
4.664000	0.002318
4.665000	0.001053
4.666000	0.000898
4.667000	0.002221
4.668000	0.003093
4.669000	0.003383
4.670000	0.003064
4.671000	0.002223
4.672000	0.001345
4.673000	0.000407
4.674000	0.001365
4.675000	0.002123
4.676000	0.002383
4.677000	0.002117
4.678000	0.001404
4.679000	0.000552
4.680000	0.000717
4.681000	0.001509
4.682000	0.002000
4.683000	0.001987
4.684000	0.001448
4.685000	0.000483
4.686000	0.000840
4.687000	0.001857
4.688000	0.002696
4.689000	0.002978
4.690000	0.002478
4.691000	0.001098
4.692000	0.001921
4.693000	0.003281
4.694000	0.004251
4.695000	0.004479
4.696000	0.003311
4.697000	0.001003
4.698000	0.002688
4.699000	0.004325
4.700000	0.005707
4.701000	0.005522
4.702000	0.003754
4.703000	0.000986
4.704000	0.003248
4.705000	0.005325
4.706000	0.006831
4.707000	0.006502
4.708000	0.004321
4.709000	0.001013
4.710000	0.003717
4.711000	0.006223
4.712000	0.007789
4.713000	0.007325
4.714000	0.004944
4.715000	0.001243
4.716000	0.003559
4.717000	0.006811
4.718000	0.008363
4.719000	0.007780
4.720000	0.005176
4.721000	0.001225
4.722000	0.003407
4.723000	0.006361
4.724000	0.007983
4.725000	0.007497
4.726000	0.005089
4.727000	0.001412
4.728000	0.003078
4.729000	0.006412
4.730000	0.007901
4.731000	0.007368
4.732000	0.004967
4.733000	0.001361
4.734000	0.002673
4.735000	0.005475
4.736000	0.006941
4.737000	0.006567
4.738000	0.004840
4.739000	0.002411
4.740000	0.001519
4.741000	0.004371
4.742000	0.006207
4.743000	0.006381
4.744000	0.005176
4.745000	0.003123
4.746000	0.000660
4.747000	0.002911
4.748000	0.004630
4.749000	0.004952
4.750000	0.003982
4.751000	0.002154
4.752000	0.000682
4.753000	0.001658
4.754000	0.002606
4.755000	0.002612
4.756000	0.001823
4.757000	0.000626
4.758000	0.001052
4.759000	0.001227
4.760000	0.001265
4.761000	0.000748
4.762000	0.001156
4.763000	0.001489
4.764000	0.001506
4.765000	0.001066
4.766000	0.001215
4.767000	0.002558
4.768000	0.003336
4.769000	0.003158
4.770000	0.002161
4.771000	0.001059
4.772000	0.002672
4.773000	0.004750
4.774000	0.005712
4.775000	0.005078
4.776000	0.002895
4.777000	0.000897
4.778000	0.004720
4.779000	0.007200
4.780000	0.007366
4.781000	0.005376
4.782000	0.002449
4.783000	0.002495
4.784000	0.005970
4.785000	0.008309
4.786000	0.008093
4.787000	0.005361
4.788000	0.002024
4.789000	0.003778
4.790000	0.007271
4.791000	0.009105
4.792000	0.008189
4.793000	0.004530
4.794000	0.000944
4.795000	0.004595
4.796000	0.008251
4.797000	0.009439
4.798000	0.007849
4.799000	0.003540
4.800000	0.001796
4.801000	0.005902
4.802000	0.008795
4.803000	0.008895
4.804000	0.006192
4.805000	0.002117
4.806000	0.002492
4.807000	0.006861
4.808000	0.008993
4.809000	0.008451
4.810000	0.005629
4.811000	0.001119
4.812000	0.003891
4.813000	0.007774
4.814000	0.009141
4.815000	0.008048
4.816000	0.004743
4.817000	0.000798
4.818000	0.004712
4.819000	0.008194
4.820000	0.009017
4.821000	0.007317
4.822000	0.004036
4.823000	0.000791
4.824000	0.005701
4.825000	0.008499
4.826000	0.008726
4.827000	0.006804
4.828000	0.002904
4.829000	0.002502
4.830000	0.006662
4.831000	0.008539
4.832000	0.008313
4.833000	0.006101
4.834000	0.002271
4.835000	0.002485
4.836000	0.006757
4.837000	0.008703
4.838000	0.008015
4.839000	0.005456
4.840000	0.001532
4.841000	0.003008
4.842000	0.007002
4.843000	0.008742
4.844000	0.007995
4.845000	0.005157
4.846000	0.000829
4.847000	0.004355
4.848000	0.007677
4.849000	0.008498
4.850000	0.007069
4.851000	0.003906
4.852000	0.000832
4.853000	0.005057
4.854000	0.007863
4.855000	0.008221
4.856000	0.006440
4.857000	0.002974
4.858000	0.001509
4.859000	0.005858
4.860000	0.008142
4.861000	0.007991
4.862000	0.005863
4.863000	0.002321
4.864000	0.001986
4.865000	0.006115
4.866000	0.008150
4.867000	0.007719
4.868000	0.005398
4.869000	0.001669
4.870000	0.002635
4.871000	0.006484
4.872000	0.008079
4.873000	0.007354
4.874000	0.004786
4.875000	0.000839
4.876000	0.003850
4.877000	0.007096
4.878000	0.008136
4.879000	0.007013
4.880000	0.004120
4.881000	0.000819
4.882000	0.004441
4.883000	0.006965
4.884000	0.007731
4.885000	0.006478
4.886000	0.003635
4.887000	0.000834
4.888000	0.004589
4.889000	0.007263
4.890000	0.007728
4.891000	0.006216
4.892000	0.003140
4.893000	0.000949
4.894000	0.005033
4.895000	0.007327
4.896000	0.007403
4.897000	0.005677
4.898000	0.002610
4.899000	0.001262
4.900000	0.005136
4.901000	0.007289
4.902000	0.007310
4.903000	0.005514
4.904000	0.002351
4.905000	0.001373
4.906000	0.004760
4.907000	0.007017
4.908000	0.007128
4.909000	0.005463
4.910000	0.002475
4.911000	0.001119
4.912000	0.004469
4.913000	0.006833
4.914000	0.007079
4.915000	0.005770
4.916000	0.003388
4.917000	0.000801
4.918000	0.004991
4.919000	0.007333
4.920000	0.007412
4.921000	0.005685
4.922000	0.002627
4.923000	0.001215
4.924000	0.005075
4.925000	0.007220
4.926000	0.007249
4.927000	0.005484
4.928000	0.002370
4.929000	0.001303
4.930000	0.004664
4.931000	0.006932
4.932000	0.007080
4.933000	0.005477
4.934000	0.002556
4.935000	0.000998
4.936000	0.004355
4.937000	0.006827
4.938000	0.007241
4.939000	0.005848
4.940000	0.002996
4.941000	0.000764
4.942000	0.004072
4.943000	0.006643
4.944000	0.007123
4.945000	0.006097
4.946000	0.003986
4.947000	0.000732
4.948000	0.003267
4.949000	0.006096
4.950000	0.007488
4.951000	0.007029
4.952000	0.005154
4.953000	0.001557
4.954000	0.002293
4.955000	0.005537
4.956000	0.007446
4.957000	0.007350
4.958000	0.005751
4.959000	0.002526
4.960000	0.001161
4.961000	0.004590
4.962000	0.007029
4.963000	0.007359
4.964000	0.006168
4.965000	0.003914
4.966000	0.000681
4.967000	0.003546
4.968000	0.006166
4.969000	0.007182
4.970000	0.006629
4.971000	0.004819
4.972000	0.001491
4.973000	0.002042
4.974000	0.005057
4.975000	0.006902
4.976000	0.006895
4.977000	0.005441
4.978000	0.002392
4.979000	0.001093
4.980000	0.004154
4.981000	0.006070
4.982000	0.006436
4.983000	0.005457
4.984000	0.003542
4.985000	0.000672
4.986000	0.002857
4.987000	0.005233
4.988000	0.006279
4.989000	0.005933
4.990000	0.004686
4.991000	0.002382
4.992000	0.001135
4.993000	0.004165
4.994000	0.006017
4.995000	0.006326
4.996000	0.005323
4.997000	0.003430
4.998000	0.000634
4.999000	0.002795
5.000000	0.005080
5.001000	0.006072
5.002000	0.005718
5.003000	0.004505
5.004000	0.002279
5.005000	0.001114
5.006000	0.004049
5.007000	0.005861
5.008000	0.006262
5.009000	0.005499
5.010000	0.003684
5.011000	0.000605
5.012000	0.002536
5.013000	0.004984
5.014000	0.006225
5.015000	0.006122
5.016000	0.004798
5.017000	0.002056
5.018000	0.001089
5.019000	0.003891
5.020000	0.005701
5.021000	0.006192
5.022000	0.005544
5.023000	0.003857
5.024000	0.000858
5.025000	0.002294
5.026000	0.004893
5.027000	0.006329
5.028000	0.006380
5.029000	0.005346
5.030000	0.002837
5.031000	0.000498
5.032000	0.003459
5.033000	0.005627
5.034000	0.006301
5.035000	0.006051
5.036000	0.004490
5.037000	0.001913
5.038000	0.001384
5.039000	0.004392
5.040000	0.006383
5.041000	0.006817
5.042000	0.006014
5.043000	0.003677
5.044000	0.000692
5.045000	0.003218
5.046000	0.006047
5.047000	0.007436
5.048000	0.007029
5.049000	0.004910
5.050000	0.001890
5.051000	0.002231
5.052000	0.005581
5.053000	0.007653
5.054000	0.007879
5.055000	0.006128
5.056000	0.003103
5.057000	0.001295
5.058000	0.005071
5.059000	0.007565
5.060000	0.008160
5.061000	0.006732
5.062000	0.003928
5.063000	0.000386
5.064000	0.004301
5.065000	0.007242
5.066000	0.008412
5.067000	0.007462
5.068000	0.004824
5.069000	0.001037
5.070000	0.003689
5.071000	0.006920
5.072000	0.008369
5.073000	0.007713
5.074000	0.005325
5.075000	0.001719
5.076000	0.002788
5.077000	0.006254
5.078000	0.008183
5.079000	0.008061
5.080000	0.005948
5.081000	0.002441
5.082000	0.002051
5.083000	0.005726
5.084000	0.007910
5.085000	0.008096
5.086000	0.006296
5.087000	0.002842
5.088000	0.001843
5.089000	0.005223
5.090000	0.007410
5.091000	0.007842
5.092000	0.006366
5.093000	0.003320
5.094000	0.000697
5.095000	0.004216
5.096000	0.006808
5.097000	0.007700
5.098000	0.006728
5.099000	0.003929
5.100000	0.000721
5.101000	0.003458
5.102000	0.006038
5.103000	0.007128
5.104000	0.006377
5.105000	0.004234
5.106000	0.001062
5.107000	0.002476
5.108000	0.005376
5.109000	0.006946
5.110000	0.006490
5.111000	0.004550
5.112000	0.001517
5.113000	0.001863
5.114000	0.004852
5.115000	0.006718
5.116000	0.006584
5.117000	0.004836
5.118000	0.001860
5.119000	0.001585
5.120000	0.004624
5.121000	0.006556
5.122000	0.006477
5.123000	0.004809
5.124000	0.001958
5.125000	0.001667
5.126000	0.004432
5.127000	0.006490
5.128000	0.006559
5.129000	0.004956
5.130000	0.002058
5.131000	0.001768
5.132000	0.004500
5.133000	0.006528
5.134000	0.006513
5.135000	0.004861
5.136000	0.001977
5.137000	0.001793
5.138000	0.004549
5.139000	0.006632
5.140000	0.006665
5.141000	0.004984
5.142000	0.001972
5.143000	0.001804
5.144000	0.004762
5.145000	0.006805
5.146000	0.006786
5.147000	0.005038
5.148000	0.001793
5.149000	0.002255
5.150000	0.005135
5.151000	0.006825
5.152000	0.006847
5.153000	0.004893
5.154000	0.001300
5.155000	0.002061
5.156000	0.004999
5.157000	0.006728
5.158000	0.006621
5.159000	0.004396
5.160000	0.001112
5.161000	0.002038
5.162000	0.004841
5.163000	0.006481
5.164000	0.006255
5.165000	0.004243
5.166000	0.001405
5.167000	0.001930
5.168000	0.004891
5.169000	0.006626
5.170000	0.006342
5.171000	0.004518
5.172000	0.001521
5.173000	0.002037
5.174000	0.005335
5.175000	0.006819
5.176000	0.006606
5.177000	0.004721
5.178000	0.001408
5.179000	0.002734
5.180000	0.005741
5.181000	0.006862
5.182000	0.006356
5.183000	0.004154
5.184000	0.000549
5.185000	0.002982
5.186000	0.005210
5.187000	0.006256
5.188000	0.005662
5.189000	0.003257
5.190000	0.000549
5.191000	0.002481
5.192000	0.004564
5.193000	0.005465
5.194000	0.004777
5.195000	0.002841
5.196000	0.000534
5.197000	0.002017
5.198000	0.004080
5.199000	0.005079
5.200000	0.004552
5.201000	0.002938
5.202000	0.000576
5.203000	0.002087
5.204000	0.004264
5.205000	0.004996
5.206000	0.004328
5.207000	0.002552
5.208000	0.000394
5.209000	0.002796
5.210000	0.004567
5.211000	0.004916
5.212000	0.004018
5.213000	0.001937
5.214000	0.000995
5.215000	0.003389
5.216000	0.004562
5.217000	0.004633
5.218000	0.003433
5.219000	0.001024
5.220000	0.001484
5.221000	0.003282
5.222000	0.004361
5.223000	0.004408
5.224000	0.003208
5.225000	0.000947
5.226000	0.001203
5.227000	0.003180
5.228000	0.004476
5.229000	0.004400
5.230000	0.002958
5.231000	0.000863
5.232000	0.001217
5.233000	0.003027
5.234000	0.004102
5.235000	0.004110
5.236000	0.003106
5.237000	0.001268
5.238000	0.000943
5.239000	0.002893
5.240000	0.004104
5.241000	0.004232
5.242000	0.003293
5.243000	0.001372
5.244000	0.001100
5.245000	0.002962
5.246000	0.004176
5.247000	0.004187
5.248000	0.003143
5.249000	0.001166
5.250000	0.001405
5.251000	0.003360
5.252000	0.004181
5.253000	0.003907
5.254000	0.002559
5.255000	0.000911
5.256000	0.001225
5.257000	0.003152
5.258000	0.003999
5.259000	0.003835
5.260000	0.002655
5.261000	0.000723
5.262000	0.001616
5.263000	0.003046
5.264000	0.003799
5.265000	0.003454
5.266000	0.002037
5.267000	0.000519
5.268000	0.001439
5.269000	0.002795
5.270000	0.003540
5.271000	0.003252
5.272000	0.002033
5.273000	0.000571
5.274000	0.001512
5.275000	0.002796
5.276000	0.003429
5.277000	0.003103
5.278000	0.001996
5.279000	0.000420
5.280000	0.001342
5.281000	0.002761
5.282000	0.003339
5.283000	0.002957
5.284000	0.001748
5.285000	0.000345
5.286000	0.001562
5.287000	0.002783
5.288000	0.003113
5.289000	0.002664
5.290000	0.001582
5.291000	0.000235
5.292000	0.001619
5.293000	0.002527
5.294000	0.002867
5.295000	0.002414
5.296000	0.001185
5.297000	0.000396
5.298000	0.001447
5.299000	0.002361
5.300000	0.002527
5.301000	0.001955
5.302000	0.000905
5.303000	0.000422
5.304000	0.001470
5.305000	0.002133
5.306000	0.002223
5.307000	0.001693
5.308000	0.000760
5.309000	0.000627
5.310000	0.001553
5.311000	0.002019
5.312000	0.001962
5.313000	0.001379
5.314000	0.000519
5.315000	0.000708
5.316000	0.001542
5.317000	0.001948
5.318000	0.001762
5.319000	0.001001
5.320000	0.000460
5.321000	0.000839
5.322000	0.001536
5.323000	0.001748
5.324000	0.001446
5.325000	0.000696
5.326000	0.000440
5.327000	0.000990
5.328000	0.001505
5.329000	0.001561
5.330000	0.001176
5.331000	0.000620
5.332000	0.000588
5.333000	0.001084
5.334000	0.001427
5.335000	0.001346
5.336000	0.000901
5.337000	0.000541
5.338000	0.000693
5.339000	0.001127
5.340000	0.001324
5.341000	0.001138
5.342000	0.000659
5.343000	0.000474
5.344000	0.000754
5.345000	0.001119
5.346000	0.001179
5.347000	0.000905
5.348000	0.000432
5.349000	0.000504
5.350000	0.000843
5.351000	0.001101
5.352000	0.001043
5.353000	0.000694
5.354000	0.000359
5.355000	0.000642
5.356000	0.000916
5.357000	0.001071
5.358000	0.000903
5.359000	0.000460
5.360000	0.000462
5.361000	0.000760
5.362000	0.000934
5.363000	0.001019
5.364000	0.000806
5.365000	0.000294
5.366000	0.000634
5.367000	0.000927
5.368000	0.001033
5.369000	0.000957
5.370000	0.000622
5.371000	0.000254
5.372000	0.000735
5.373000	0.000995
5.374000	0.001044
5.375000	0.000898
5.376000	0.000513
5.377000	0.000374
5.378000	0.000851
5.379000	0.001082
5.380000	0.001078
5.381000	0.000874
5.382000	0.000450
5.383000	0.000433
5.384000	0.000910
5.385000	0.001125
5.386000	0.001078
5.387000	0.000837
5.388000	0.000355
5.389000	0.000587
5.390000	0.000999
5.391000	0.001119
5.392000	0.000989
5.393000	0.000686
5.394000	0.000220
5.395000	0.000585
5.396000	0.000978
5.397000	0.001080
5.398000	0.000941
5.399000	0.000651
5.400000	0.000223
5.401000	0.000627
5.402000	0.000984
5.403000	0.001057
5.404000	0.000883
5.405000	0.000545
5.406000	0.000185
5.407000	0.000618
5.408000	0.000939
5.409000	0.000979
5.410000	0.000798
5.411000	0.000525
5.412000	0.000188
5.413000	0.000664
5.414000	0.000927
5.415000	0.000932
5.416000	0.000702
5.417000	0.000385
5.418000	0.000268
5.419000	0.000670
5.420000	0.000868
5.421000	0.000819
5.422000	0.000545
5.423000	0.000264
5.424000	0.000326
5.425000	0.000643
5.426000	0.000755
5.427000	0.000664
5.428000	0.000412
5.429000	0.000177
5.430000	0.000309
5.431000	0.000603
5.432000	0.000711
5.433000	0.000607
5.434000	0.000352
5.435000	0.000124
5.436000	0.000330
5.437000	0.000585
5.438000	0.000657
5.439000	0.000548
5.440000	0.000307
5.441000	0.000113
5.442000	0.000413
5.443000	0.000624
5.444000	0.000648
5.445000	0.000486
5.446000	0.000230
5.447000	0.000104
5.448000	0.000428
5.449000	0.000627
5.450000	0.000641
5.451000	0.000473
5.452000	0.000212
5.453000	0.000108
5.454000	0.000431
5.455000	0.000622
5.456000	0.000634
5.457000	0.000467
5.458000	0.000209
5.459000	0.000102
5.460000	0.000412
5.461000	0.000594
5.462000	0.000601
5.463000	0.000438
5.464000	0.000188
5.465000	0.000138
5.466000	0.000361
5.467000	0.000509
5.468000	0.000511
5.469000	0.000378
5.470000	0.000147
5.471000	0.000167
5.472000	0.000383
5.473000	0.000473
5.474000	0.000438
5.475000	0.000293
5.476000	0.000123
5.477000	0.000163
5.478000	0.000355
5.479000	0.000431
5.480000	0.000378
5.481000	0.000215
5.482000	0.000143
5.483000	0.000208
5.484000	0.000343
5.485000	0.000371
5.486000	0.000289
5.487000	0.000156
5.488000	0.000157
5.489000	0.000225
5.490000	0.000339
5.491000	0.000351
5.492000	0.000262
5.493000	0.000151
5.494000	0.000166
5.495000	0.000213
5.496000	0.000311
5.497000	0.000322
5.498000	0.000248
5.499000	0.000137
5.500000	0.000162
5.501000	0.000238
5.502000	0.000311
5.503000	0.000311
5.504000	0.000233
5.505000	0.000109
5.506000	0.000142
5.507000	0.000232
5.508000	0.000320
5.509000	0.000319
5.510000	0.000229
5.511000	0.000090
