time = 17.3999	Re = 1	40	80
0.158402	0.127227	0.203169	0.676684
0.169993	0.114515	0.204967	0.592818
0.180658	0.100631	0.206794	0.508219
0.189556	0.087451	0.208756	0.432248
0.197458	0.073582	0.210722	0.356705
0.209621	0.046884	0.214800	0.220040
0.218099	0.019192	0.218942	0.087771
0.222830	-0.009159	0.223018	-0.041078
0.224616	-0.032500	0.226955	-0.143693
0.224205	-0.055603	0.230997	-0.243096
0.223212	-0.074177	0.235214	-0.320836
0.220747	-0.092897	0.239498	-0.398334
0.215752	-0.122396	0.248052	-0.516030
0.210176	-0.147787	0.256934	-0.612841
0.209515	-0.163330	0.265656	-0.662156
0.208065	-0.178895	0.274398	-0.710158
0.221990	-0.187165	0.290363	-0.700488
0.247015	-0.177805	0.304354	-0.623900
0.261813	-0.166751	0.310406	-0.567116
0.276757	-0.153257	0.316358	-0.505725
0.292741	-0.132880	0.321488	-0.426108
0.306804	-0.111595	0.326469	-0.348858
0.319427	-0.086052	0.330815	-0.263147
0.324976	-0.071618	0.332774	-0.216912
0.329867	-0.056865	0.334732	-0.170711
0.333904	-0.041218	0.336438	-0.122822
0.337190	-0.025343	0.338142	-0.075017
0.339363	-0.009872	0.339506	-0.029082
0.340824	0.005732	0.340872	0.016815
0.341151	0.022047	0.341863	0.064535
0.340608	0.038329	0.342758	0.112058
0.338930	0.053752	0.343166	0.157284
0.336465	0.069059	0.343479	0.202438
0.332810	0.084353	0.343333	0.248229
0.328241	0.099257	0.342920	0.293650
0.322894	0.113262	0.342183	0.337362
0.316744	0.126896	0.341217	0.381046
0.309264	0.141235	0.339987	0.428395
0.300837	0.154733	0.338297	0.475054
0.291780	0.168078	0.336728	0.522617
0.281766	0.180703	0.334732	0.570250
0.269811	0.195367	0.333116	0.626710
0.257093	0.209295	0.331514	0.683270
0.242474	0.224897	0.330714	0.747807
0.227083	0.240657	0.330881	0.814411
0.209398	0.259310	0.333300	0.891486
0.191188	0.278478	0.337791	0.969158
0.182010	0.291271	0.343463	1.012281
0.172101	0.303903	0.349250	1.055524
0.163207	0.317173	0.356701	1.095562
0.153814	0.330521	0.364559	1.135236
0.144290	0.352403	0.380799	1.182173
0.136973	0.375662	0.399854	1.221159
0.128299	0.402417	0.422374	1.262164
0.124961	0.417188	0.435501	1.279769
0.121215	0.432012	0.448695	1.297247
0.119224	0.455865	0.471198	1.314993
0.117929	0.479285	0.493580	1.329537
0.114005	0.504876	0.517587	1.348713
0.107562	0.527649	0.538500	1.369700
0.104493	0.542319	0.552294	1.380451
0.101124	0.556991	0.566096	1.391199
0.099201	0.575421	0.583909	1.400077
0.097582	0.592478	0.600460	1.407561
0.098037	0.615241	0.623003	1.412777
0.099520	0.627921	0.635759	1.413613
0.101312	0.639652	0.647625	1.413715
0.102449	0.646847	0.654910	1.413720
0.097849	0.660354	0.667564	1.423691
0.080706	0.675689	0.680491	1.451918
0.086580	0.667673	0.673263	1.441842
0.071600	0.672712	0.676512	1.464760
0.055127	0.678927	0.681162	1.489777
0.076806	0.669692	0.674082	1.456606
0.088315	0.668761	0.674567	1.439499
0.093369	0.660042	0.666613	1.430270
0.075020	0.668309	0.672507	1.459011
0.058923	0.675044	0.677611	1.483729
0.040223	0.680674	0.681862	1.511773
0.067807	0.671713	0.675127	1.470191
0.088183	0.661167	0.667021	1.438204
0.098780	0.662359	0.669685	1.422754
0.086007	0.667641	0.673158	1.442679
0.100575	0.666206	0.673755	1.420961
0.095861	0.653474	0.660468	1.425141
0.082649	0.663775	0.668901	1.446920
0.069134	0.670179	0.673736	1.468002
0.055383	0.676307	0.678571	1.489088
0.037962	0.679406	0.680466	1.514978
0.020359	0.681738	0.682042	1.540942
0.047549	0.677883	0.679549	1.500767
0.070000	0.670616	0.674259	1.466791
0.093574	0.655692	0.662336	1.429043
0.098349	0.651709	0.659089	1.421017
0.091884	0.663270	0.669604	1.433140
0.073370	0.675913	0.679884	1.462671
0.089124	0.668733	0.674646	1.438304
0.062898	0.678495	0.681404	1.478358
0.084402	0.668124	0.673434	1.445135
0.099211	0.662573	0.669960	1.422164
0.097985	0.645577	0.652971	1.420167
0.095939	0.650494	0.657531	1.424366
0.092731	0.652767	0.659320	1.429682
0.088524	0.658176	0.664103	1.437100
0.063890	0.673537	0.676560	1.476221
0.048232	0.677206	0.678922	1.499694
0.029533	0.680071	0.680712	1.527397
0.001690	0.681449	0.681451	1.568317
0.024419	0.680441	0.680879	1.534925
0.051188	0.677355	0.679287	1.495369
0.073464	0.668000	0.672028	1.461261
0.087489	0.659733	0.665509	1.438953
0.094257	0.654526	0.661278	1.427771
0.097115	0.645630	0.652893	1.421497
0.099918	0.646786	0.654459	1.417524
0.093883	0.659572	0.666220	1.429406
0.082242	0.673649	0.678650	1.449313
0.092089	0.665392	0.671735	1.433272
0.078223	0.668534	0.673095	1.454320
0.060719	0.676229	0.678949	1.481246
0.084547	0.667831	0.673162	1.444867
0.071658	0.671398	0.675212	1.464469
0.057196	0.676545	0.678959	1.486455
0.041942	0.681259	0.682549	1.509309
0.064633	0.673791	0.676883	1.475164
0.084635	0.664152	0.669523	1.444046
0.091517	0.667458	0.673703	1.434533
0.075279	0.675771	0.679951	1.459856
0.087357	0.665261	0.670972	1.440231
0.097696	0.654854	0.662101	1.422700
0.097591	0.641216	0.648600	1.419758
0.094534	0.638216	0.645180	1.423743
0.097175	0.645101	0.652379	1.421285
0.095052	0.646472	0.653422	1.424811
0.093218	0.651945	0.658576	1.428775
0.086533	0.660414	0.666059	1.440510
0.068572	0.670404	0.673902	1.468866
0.041961	0.678852	0.680148	1.509064
0.025783	0.680025	0.680514	1.532900
0.009707	0.680731	0.680800	1.556538
-0.007862	0.680632	0.680677	1.582346
-0.035272	0.678624	0.679541	1.622726
-0.009644	0.680600	0.680668	1.584966
0.008599	0.680735	0.680790	1.558165
0.036962	0.679352	0.680357	1.516443
0.059061	0.673982	0.676565	1.483389
0.075975	0.667030	0.671343	1.457384
0.091443	0.656024	0.662366	1.432300
0.094951	0.648450	0.655364	1.425402
0.097109	0.645899	0.653158	1.421567
0.094072	0.637896	0.644796	1.424379
0.096845	0.640354	0.647636	1.420697
0.100921	0.645662	0.653501	1.415745
0.095674	0.670115	0.676910	1.428982
0.086900	0.663764	0.669428	1.440616
0.081213	0.671403	0.676297	1.450422
0.092066	0.658764	0.665167	1.431941
0.093033	0.667634	0.674085	1.432341
0.079294	0.666214	0.670916	1.452332
0.052987	0.677923	0.679991	1.492794
0.036076	0.680749	0.681704	1.517851
0.019163	0.682997	0.683265	1.542746
0.043581	0.679416	0.680812	1.506739
0.064539	0.673645	0.676729	1.475282
0.085272	0.663054	0.668515	1.442893
0.094225	0.659686	0.666381	1.428923
0.086364	0.669421	0.674969	1.442492
0.059437	0.678386	0.680985	1.483404
0.080005	0.668843	0.673611	1.451745
0.092926	0.667336	0.673775	1.432438
0.100835	0.653530	0.661264	1.417711
0.098172	0.639183	0.646679	1.418397
0.097149	0.639235	0.646575	1.419973
0.094993	0.638075	0.645107	1.423007
0.095345	0.641773	0.648817	1.423310
0.095582	0.648179	0.655189	1.424389
0.092773	0.649516	0.656108	1.428922
0.084678	0.662427	0.667818	1.443656
0.069287	0.669766	0.673341	1.467714
0.050794	0.676704	0.678608	1.495875
0.033269	0.679007	0.679821	1.521839
0.016007	0.680554	0.680742	1.547280
0.002295	0.680496	0.680500	1.567424
-0.013048	0.680263	0.680388	1.589974
-0.028444	0.679647	0.680242	1.612623
-0.047545	0.668034	0.669724	1.641849
-0.044556	0.665422	0.666912	1.637655
-0.039238	0.666062	0.667217	1.629638
-0.031850	0.668486	0.669244	1.618406
-0.023424	0.674344	0.674751	1.605519
-0.041811	0.665496	0.666808	1.633541
-0.046812	0.666337	0.667980	1.640933
-0.047252	0.671807	0.673467	1.641016
-0.033879	0.678167	0.679013	1.620711
-0.012520	0.680259	0.680375	1.589198
0.012667	0.680469	0.680587	1.552183
0.037944	0.679386	0.680445	1.515004
0.060412	0.673577	0.676280	1.481347
0.078008	0.665899	0.670453	1.454182
0.091694	0.655348	0.661732	1.431782
0.094389	0.647631	0.654473	1.426070
0.094404	0.642863	0.649757	1.424989
0.093880	0.639183	0.646040	1.424965
0.093603	0.636324	0.643172	1.424744
0.093927	0.634734	0.641646	1.423883
0.096777	0.637738	0.645039	1.420195
0.101791	0.646435	0.654400	1.414614
0.091265	0.672212	0.678379	1.435854
0.086494	0.667897	0.673474	1.442010
0.059196	0.678070	0.680649	1.483716
0.085235	0.667825	0.673242	1.443852
0.089343	0.672385	0.678295	1.438695
0.094584	0.664278	0.670978	1.429361
0.100588	0.651362	0.659083	1.417579
0.088655	0.673008	0.678822	1.439821
0.095521	0.665668	0.672487	1.428272
0.068399	0.677444	0.680888	1.470171
0.083374	0.669348	0.674520	1.446875
0.097060	0.662023	0.669100	1.425222
0.098500	0.647426	0.654876	1.419813
0.096300	0.648257	0.655371	1.423322
0.093701	0.654045	0.660723	1.428501
0.080918	0.664546	0.669454	1.449628
0.059371	0.674616	0.677224	1.483016
0.030847	0.680786	0.681485	1.525516
0.058638	0.674853	0.677396	1.484124
0.079453	0.665369	0.670096	1.451947
0.093572	0.654574	0.661228	1.428807
0.096878	0.649421	0.656607	1.422713
0.097213	0.669470	0.676491	1.426595
0.084458	0.668429	0.673743	1.445109
0.100351	0.660737	0.668314	1.420071
0.095532	0.657651	0.664553	1.426542
0.078350	0.666425	0.671015	1.453766
0.061172	0.673897	0.676668	1.480272
0.040402	0.679677	0.680877	1.511423
0.021888	0.681601	0.681953	1.538694
0.003718	0.682770	0.682781	1.565351
0.020561	0.681689	0.681999	1.540644
0.037499	0.680049	0.681082	1.515710
0.056432	0.675473	0.677826	1.487446
0.071857	0.670002	0.673844	1.463955
0.094263	0.656993	0.663720	1.428292
0.099049	0.658590	0.665997	1.421519
0.082077	0.669645	0.674656	1.448837
0.061394	0.675976	0.678758	1.480222
0.076991	0.669329	0.673743	1.456272
0.091456	0.664407	0.670672	1.434005
0.086272	0.671847	0.677363	1.443085
0.100951	0.650584	0.658369	1.416853
0.097381	0.637780	0.645172	1.419280
0.094105	0.633710	0.640659	1.423375
0.093854	0.635477	0.642370	1.424165
0.094387	0.638987	0.645921	1.424144
0.095320	0.643859	0.650876	1.423820
0.094429	0.651470	0.658278	1.426852
0.077322	0.666586	0.671056	1.455315
0.052365	0.676230	0.678254	1.493513
0.037069	0.678474	0.679486	1.516214
0.021709	0.680319	0.680666	1.538897
-0.008103	0.680215	0.680263	1.582709
-0.024057	0.679021	0.679447	1.606210
-0.039682	0.676453	0.677616	1.629391
-0.048260	0.668950	0.670689	1.642814
-0.043893	0.665868	0.667313	1.636619
-0.034526	0.668002	0.668894	1.622436
-0.018854	0.675155	0.675418	1.598715
-0.026525	0.678174	0.678692	1.609889
-0.015026	0.677883	0.678050	1.592959
-0.013420	0.678211	0.678344	1.590582
-0.011147	0.677403	0.677495	1.587251
-0.013096	0.675056	0.675183	1.590193
-0.024702	0.670674	0.671128	1.607611
-0.047247	0.660266	0.661955	1.642232
-0.066376	0.640856	0.644284	1.674002
-0.080592	0.627812	0.632963	1.698468
-0.092687	0.617992	0.624904	1.719668
-0.104485	0.608050	0.616962	1.740971
-0.082073	0.626608	0.631960	1.701035
-0.069114	0.638325	0.642055	1.678650
-0.052630	0.654310	0.656423	1.651059
-0.035931	0.664892	0.665862	1.624784
-0.019024	0.672883	0.673152	1.599062
-0.012370	0.676760	0.676873	1.589073
-0.036853	0.669098	0.670113	1.625820
-0.032693	0.675100	0.675891	1.619185
-0.015018	0.678247	0.678413	1.592935
-0.016263	0.677508	0.677703	1.594795
-0.017565	0.676345	0.676573	1.596761
-0.021910	0.676394	0.676749	1.603177
-0.034982	0.667815	0.668730	1.623132
-0.046599	0.666928	0.668554	1.640555
-0.041539	0.675739	0.677015	1.632191
-0.020834	0.679893	0.680212	1.601429
0.001997	0.680299	0.680302	1.567861
0.024481	0.680040	0.680480	1.534812
0.048336	0.676778	0.678502	1.499497
0.067782	0.671308	0.674721	1.470167
0.092026	0.656146	0.662568	1.431453
0.095430	0.646393	0.653399	1.424220
0.095005	0.641088	0.648089	1.423674
0.094794	0.637682	0.644690	1.423223
0.096479	0.637996	0.645249	1.420712
0.093331	0.629899	0.636775	1.423698
0.097339	0.636407	0.643808	1.419021
0.102324	0.652212	0.660190	1.415178
0.098038	0.663298	0.670504	1.424055
0.077219	0.670534	0.674966	1.456141
0.092767	0.667924	0.674335	1.432790
0.088223	0.661439	0.667296	1.438198
0.091533	0.664740	0.671013	1.433960
0.099959	0.667355	0.674799	1.422117
0.098915	0.652504	0.659959	1.420348
0.093537	0.656582	0.663211	1.429288
0.077822	0.666295	0.670825	1.454525
0.059463	0.674305	0.676922	1.482840
0.035317	0.680011	0.680927	1.518907
0.011567	0.681529	0.681627	1.553826
-0.013382	0.681652	0.681783	1.590426
0.001979	0.681677	0.681680	1.567893
0.016995	0.681363	0.681575	1.545860
0.034753	0.679912	0.680799	1.519727
0.052851	0.677708	0.679766	1.492969
0.073379	0.668347	0.672363	1.461442
0.087166	0.660208	0.665938	1.439527
0.093234	0.654207	0.660817	1.429234
0.097141	0.652096	0.659292	1.422916
0.090469	0.663731	0.669868	1.435328
0.072259	0.676612	0.680459	1.464404
0.091413	0.667360	0.673592	1.434666
0.072929	0.677439	0.681353	1.463555
0.096129	0.660250	0.667211	1.426217
0.097566	0.645650	0.652981	1.420819
0.095598	0.650862	0.657845	1.424959
0.092464	0.653302	0.659813	1.430197
0.069617	0.670873	0.674476	1.467396
0.054860	0.675424	0.677648	1.489751
0.036684	0.679338	0.680328	1.516849
0.007004	0.681467	0.681503	1.560518
0.024596	0.680395	0.680839	1.534662
0.042486	0.678643	0.679971	1.508274
0.065505	0.671859	0.675044	1.473606
0.083849	0.663093	0.668374	1.445012
0.093526	0.649989	0.656684	1.427889
0.096095	0.648468	0.655549	1.423679
0.097038	0.644012	0.651282	1.421245
0.099486	0.645311	0.652935	1.417833
0.094830	0.658652	0.665444	1.427803
0.082899	0.674004	0.679083	1.448416
0.090764	0.665642	0.671801	1.435276
0.075209	0.669795	0.674005	1.458978
0.053048	0.679287	0.681355	1.492861
0.079361	0.667047	0.671751	1.452379
0.094659	0.664168	0.670880	1.429228
0.097949	0.667471	0.674620	1.425089
0.094578	0.656989	0.663761	1.427822
0.081587	0.664431	0.669421	1.448616
0.061210	0.674197	0.676970	1.480254
0.036202	0.680943	0.681904	1.517682
0.058053	0.675223	0.677714	1.485031
0.075586	0.667759	0.672023	1.458083
0.092954	0.657832	0.664367	1.430423
0.100664	0.663488	0.671080	1.420226
0.082490	0.669480	0.674543	1.448199
0.058325	0.677760	0.680265	1.484953
0.070006	0.677117	0.680726	1.467774
0.092955	0.663605	0.670084	1.431627
0.097954	0.651300	0.658625	1.421517
0.094380	0.652410	0.659201	1.427130
0.089417	0.658532	0.664575	1.435840
0.075349	0.667402	0.671641	1.458374
0.048272	0.678612	0.680326	1.499782
0.028729	0.680603	0.681209	1.528610
0.009970	0.681694	0.681767	1.556173
-0.006390	0.681680	0.681710	1.580170
-0.030200	0.680794	0.681464	1.615127
-0.013087	0.681564	0.681690	1.589995
0.003431	0.681768	0.681777	1.565764
0.026376	0.680943	0.681453	1.532081
0.052808	0.676530	0.678588	1.492897
0.072435	0.669358	0.673266	1.463000
0.093852	0.656580	0.663254	1.428817
0.102144	0.661676	0.669513	1.417633
0.088766	0.668963	0.674827	1.438876
0.074840	0.676199	0.680328	1.460568
0.088789	0.668862	0.674730	1.438821
0.086692	0.663389	0.669029	1.440852
0.062909	0.674725	0.677651	1.477829
0.035114	0.682463	0.683365	1.519390
0.056014	0.677138	0.679450	1.488263
0.073091	0.670262	0.674236	1.462177
0.092404	0.665501	0.671886	1.432830
0.072353	0.674690	0.678558	1.463965
0.086931	0.666654	0.672297	1.441129
0.099298	0.659148	0.666585	1.421275
0.100471	0.645082	0.652859	1.416288
0.095596	0.631026	0.638226	1.420446
0.095138	0.632028	0.639148	1.421390
0.091955	0.627602	0.634303	1.425314
0.091465	0.627994	0.634619	1.426167
0.090764	0.628280	0.634802	1.427324
0.096907	0.640576	0.647865	1.420654
0.092994	0.636634	0.643390	1.425751
0.091945	0.637302	0.643900	1.427513
0.096456	0.648898	0.656028	1.423230
0.093077	0.653149	0.659747	1.429244
0.086054	0.660519	0.666101	1.441244
0.070488	0.669177	0.672879	1.465848
0.047887	0.677402	0.679093	1.500222
0.025686	0.679561	0.680046	1.533017
0.006509	0.680314	0.680345	1.561228
-0.010710	0.680147	0.680231	1.586541
-0.029931	0.679299	0.679958	1.614829
-0.046323	0.670412	0.672010	1.639784
-0.044022	0.666586	0.668038	1.636742
-0.037584	0.667161	0.668219	1.627071
-0.025235	0.671987	0.672461	1.608331
-0.018204	0.675893	0.676138	1.597722
-0.021960	0.678352	0.678707	1.603158
-0.026952	0.678657	0.679192	1.610489
-0.027909	0.673090	0.673668	1.612236
-0.036021	0.677239	0.678196	1.623935
-0.024465	0.679072	0.679512	1.606808
-0.041884	0.671882	0.673186	1.633054
-0.039563	0.667821	0.668992	1.629969
-0.044998	0.670739	0.672246	1.637783
-0.033567	0.677227	0.678058	1.620321
-0.012649	0.679461	0.679579	1.589411
0.000709	0.678934	0.678934	1.569753
-0.009118	0.677167	0.677228	1.584260
-0.017196	0.673556	0.673776	1.596321
-0.037949	0.664022	0.665105	1.627884
-0.056558	0.649870	0.652326	1.657608
-0.073826	0.633927	0.638212	1.686733
-0.086750	0.622374	0.628391	1.709290
-0.103539	0.608208	0.616958	1.739415
-0.116333	0.596510	0.607748	1.763402
-0.134268	0.582179	0.597462	1.797463
-0.146779	0.573254	0.591746	1.821457
-0.158971	0.564078	0.586051	1.845495
-0.145623	0.574301	0.592476	1.819128
-0.130948	0.584409	0.598900	1.791224
-0.107752	0.602957	0.612510	1.747636
-0.085638	0.622000	0.627868	1.707617
-0.071906	0.634645	0.638706	1.683617
-0.051090	0.655536	0.657524	1.648576
-0.037491	0.663497	0.664555	1.627242
-0.023355	0.670871	0.671278	1.605595
-0.009691	0.675571	0.675641	1.585140
-0.009844	0.677824	0.677896	1.585319
-0.022703	0.679176	0.679555	1.604212
-0.046269	0.670994	0.672587	1.639643
-0.037693	0.676695	0.677744	1.626441
-0.038442	0.676241	0.677333	1.627582
-0.039816	0.675411	0.676584	1.629679
-0.020423	0.677970	0.678278	1.600911
-0.018864	0.675721	0.675984	1.598705
-0.025964	0.671600	0.672101	1.609437
-0.035275	0.668108	0.669038	1.623545
-0.048162	0.668670	0.670402	1.642698
-0.028965	0.679446	0.680063	1.613400
-0.011074	0.680104	0.680194	1.587077
0.005682	0.680221	0.680244	1.562444
0.020858	0.680007	0.680326	1.540133
0.036546	0.678333	0.679317	1.516972
0.052200	0.676203	0.678214	1.493754
0.066387	0.670735	0.674012	1.472141
0.080306	0.664962	0.669794	1.450611
0.092580	0.650786	0.657339	1.429486
0.095748	0.649587	0.656606	1.424451
0.097021	0.643462	0.650735	1.421145
0.089880	0.630796	0.637167	1.429263
0.091316	0.630921	0.637495	1.427060
0.091959	0.630453	0.637125	1.425956
0.095052	0.633991	0.641077	1.421978
0.093920	0.629485	0.636453	1.422688
0.093730	0.627471	0.634432	1.422516
0.094933	0.628688	0.635815	1.420928
0.100475	0.643882	0.651674	1.415998
0.102272	0.662625	0.670471	1.417661
0.090778	0.666480	0.672634	1.435425
0.065815	0.675730	0.678927	1.473704
0.091807	0.667739	0.674021	1.434164
0.081639	0.665095	0.670087	1.448660
0.054745	0.677548	0.679756	1.490173
0.038192	0.680677	0.681748	1.514746
0.021374	0.683246	0.683580	1.539523
0.048631	0.678722	0.680462	1.499267
0.070310	0.671078	0.674751	1.466405
0.096693	0.661290	0.668321	1.425607
0.082915	0.670335	0.675444	1.447729
0.061005	0.677352	0.680093	1.480974
0.070068	0.676619	0.680237	1.467607
0.094541	0.662330	0.669043	1.429014
0.098042	0.649486	0.656844	1.420974
0.094461	0.652609	0.659410	1.427051
0.083468	0.663045	0.668279	1.445570
0.060068	0.674349	0.677019	1.481955
0.044657	0.677731	0.679201	1.504999
0.028407	0.680601	0.681194	1.529082
-0.000959	0.681360	0.681361	1.572204
-0.029994	0.680236	0.680897	1.614861
-0.050452	0.671342	0.673235	1.645807
-0.037701	0.677977	0.679025	1.626347
-0.016305	0.680974	0.681169	1.594735
0.005129	0.681407	0.681426	1.563269
0.029247	0.680360	0.680989	1.527835
0.057285	0.676472	0.678893	1.486316
0.076988	0.666523	0.670955	1.455799
0.088425	0.659328	0.665231	1.437477
0.093228	0.653673	0.660288	1.429130
0.095069	0.648843	0.655771	1.425310
0.096148	0.646028	0.653143	1.423051
0.099149	0.647855	0.655398	1.418933
0.093448	0.668905	0.675401	1.431992
0.085816	0.666256	0.671760	1.442698
0.071800	0.672482	0.676304	1.464430
0.057451	0.678591	0.681019	1.486335
0.054492	0.678174	0.680360	1.490618
0.073942	0.669402	0.673474	1.460782
0.089900	0.662800	0.668869	1.435983
0.083103	0.669656	0.674793	1.447330
0.099360	0.658646	0.666098	1.421071
0.086000	0.662065	0.667627	1.441623
0.071274	0.669432	0.673216	1.464727
0.053440	0.677233	0.679338	1.492049
0.033404	0.680346	0.681165	1.521737
0.013940	0.682383	0.682525	1.550371
0.043623	0.679317	0.680717	1.506668
0.069226	0.671611	0.675169	1.468085
0.093653	0.664422	0.670990	1.430765
0.101336	0.656066	0.663846	1.417547
0.096444	0.648592	0.655723	1.423181
0.094253	0.652399	0.659172	1.427318
0.089017	0.658995	0.664980	1.436529
0.073349	0.668489	0.672501	1.461510
0.045960	0.679076	0.680630	1.503220
0.022902	0.681007	0.681392	1.537180
0.002482	0.681616	0.681620	1.567155
-0.020943	0.680991	0.681313	1.601540
-0.035951	0.677489	0.678442	1.623811
-0.049986	0.672319	0.674175	1.645009
-0.026115	0.680748	0.681248	1.609139
0.000314	0.681569	0.681570	1.570336
0.017458	0.681198	0.681422	1.545174
0.035160	0.680203	0.681111	1.519151
0.054838	0.675551	0.677773	1.489799
0.070570	0.669946	0.673652	1.465846
0.090115	0.658127	0.664268	1.434717
0.095268	0.650778	0.657714	1.425438
0.098972	0.650744	0.658228	1.419862
0.097487	0.661743	0.668885	1.424530
0.075730	0.669356	0.673626	1.458136
0.078744	0.672671	0.677264	1.454265
0.077109	0.677118	0.681495	1.457407
0.099155	0.659480	0.666893	1.421560
0.101249	0.644656	0.652559	1.415011
0.094861	0.627760	0.634887	1.420820
0.093570	0.626137	0.633090	1.422454
0.093460	0.627300	0.634224	1.422896
0.094177	0.630528	0.637523	1.422531
0.091319	0.626772	0.633390	1.426117
0.095606	0.636223	0.643366	1.421641
0.093392	0.634695	0.641530	1.424701
0.092833	0.636097	0.642835	1.425878
0.092762	0.638411	0.645115	1.426505
0.092893	0.641165	0.647860	1.426915
0.093146	0.644191	0.650890	1.427197
0.092617	0.647608	0.654198	1.428746
0.079693	0.665476	0.670231	1.451611
0.062478	0.673003	0.675896	1.478228
0.039715	0.678446	0.679607	1.512325
0.012847	0.680178	0.680299	1.551911
-0.002181	0.680191	0.680195	1.574003
-0.021899	0.679647	0.680000	1.603006
-0.039778	0.676466	0.677634	1.629531
-0.048025	0.668508	0.670231	1.642513
-0.036650	0.668227	0.669232	1.625588
-0.029715	0.669961	0.670620	1.615121
-0.020640	0.674848	0.675163	1.601372
-0.029360	0.678038	0.678673	1.614071
-0.031936	0.677919	0.678671	1.617871
-0.042425	0.673961	0.675295	1.633661
-0.026622	0.675031	0.675555	1.610215
-0.041897	0.667915	0.669227	1.633443
-0.041419	0.667683	0.668967	1.632751
-0.044491	0.667763	0.669244	1.637324
-0.029650	0.674772	0.675423	1.614710
-0.037564	0.675324	0.676368	1.626363
-0.029052	0.675261	0.675886	1.613794
-0.046444	0.671354	0.672959	1.639865
-0.027060	0.674625	0.675167	1.610887
-0.028153	0.677392	0.677977	1.612333
-0.037718	0.675477	0.676529	1.626577
-0.022684	0.675191	0.675572	1.604380
-0.029939	0.671252	0.671920	1.615369
-0.042351	0.669652	0.670990	1.633956
-0.038332	0.676744	0.677828	1.627378
-0.019533	0.679338	0.679619	1.599541
0.000830	0.679474	0.679475	1.569574
0.020301	0.678479	0.678783	1.540884
0.010840	0.678414	0.678501	1.554820
0.011010	0.677586	0.677676	1.554548
-0.010975	0.676328	0.676417	1.587023
-0.030209	0.668171	0.668854	1.615977
-0.046381	0.657283	0.658917	1.641244
-0.059525	0.644848	0.647590	1.662844
-0.072627	0.632999	0.637152	1.685032
-0.083889	0.622189	0.627819	1.704816
-0.101666	0.607320	0.615771	1.736659
-0.115431	0.595153	0.606243	1.762370
-0.133969	0.580482	0.595741	1.797614
-0.153163	0.566694	0.587027	1.834764
-0.171346	0.553514	0.579428	1.871001
-0.191533	0.539529	0.572517	1.911918
-0.209108	0.526415	0.566426	1.948912
-0.222343	0.516844	0.562640	1.977057
-0.234919	0.507051	0.558827	2.004659
-0.247834	0.497434	0.555754	2.033023
-0.260333	0.487644	0.552784	2.061162
-0.282455	0.469494	0.547910	2.112402
-0.267340	0.482059	0.551227	2.077149
-0.251033	0.494819	0.554854	2.040285
-0.229812	0.511098	0.560388	1.993355
-0.205901	0.528346	0.567049	1.942399
-0.185736	0.542960	0.573850	1.900399
-0.163363	0.558454	0.581858	1.855383
-0.143767	0.573129	0.590886	1.816571
-0.131747	0.582316	0.597033	1.793296
-0.119255	0.591242	0.603149	1.769828
-0.103178	0.605294	0.614025	1.739633
-0.090483	0.616711	0.623313	1.716476
-0.073058	0.631504	0.635716	1.685974
-0.062431	0.642232	0.645259	1.667701
-0.051307	0.652987	0.655000	1.649208
-0.032309	0.666451	0.667234	1.619238
-0.016241	0.674314	0.674509	1.594877
0.002147	0.676572	0.676576	1.567622
0.006546	0.677874	0.677906	1.561140
0.018698	0.678142	0.678400	1.543231
0.006844	0.679364	0.679398	1.560723
-0.019481	0.679399	0.679678	1.599462
-0.043174	0.674128	0.675509	1.634753
-0.044147	0.667291	0.668749	1.636859
-0.046945	0.670490	0.672131	1.640698
-0.031723	0.675290	0.676034	1.617739
-0.041296	0.673445	0.674710	1.632040
-0.039877	0.669209	0.670396	1.630314
-0.041640	0.671562	0.672852	1.632722
-0.031567	0.675973	0.676709	1.617462
-0.028836	0.670691	0.671311	1.613764
-0.040021	0.667783	0.668981	1.630656
-0.045937	0.670398	0.671970	1.639211
-0.033999	0.676496	0.677350	1.621011
-0.017950	0.679613	0.679850	1.597202
0.000793	0.679507	0.679508	1.569629
0.016280	0.678919	0.679115	1.546822
0.022661	0.678045	0.678423	1.537388
-0.002971	0.678560	0.678566	1.575174
-0.013096	0.675475	0.675602	1.590182
-0.026454	0.669382	0.669904	1.610296
-0.051131	0.653524	0.655521	1.648876
-0.063865	0.640947	0.644121	1.670111
-0.075229	0.629679	0.634157	1.689704
-0.090343	0.616727	0.623309	1.716250
-0.102596	0.605649	0.614278	1.738602
-0.116761	0.594111	0.605476	1.764854
-0.131230	0.582939	0.597527	1.792223
-0.150756	0.568185	0.587845	1.830149
-0.134543	0.580362	0.595753	1.798598
-0.117559	0.592982	0.604523	1.766509
-0.099958	0.608380	0.616537	1.733644
-0.084800	0.622206	0.627958	1.706251
-0.070934	0.635577	0.639523	1.681942
-0.060234	0.647179	0.649976	1.663600
-0.048652	0.659453	0.661245	1.644440
-0.027625	0.669327	0.669897	1.612046
-0.013981	0.674464	0.674609	1.591522
-0.002808	0.676680	0.676686	1.574946
0.008580	0.677572	0.677626	1.558135
0.017305	0.677841	0.678062	1.545272
0.021814	0.678076	0.678427	1.538637
0.005262	0.679117	0.679138	1.563048
-0.016305	0.679499	0.679695	1.594787
0.002023	0.679609	0.679612	1.567820
0.017131	0.679304	0.679520	1.545583
-0.003304	0.679813	0.679821	1.575657
-0.029409	0.679013	0.679649	1.614081
-0.045708	0.672596	0.674147	1.638650
-0.040472	0.669897	0.671118	1.631138
-0.030030	0.670683	0.671355	1.615542
-0.023511	0.675815	0.676224	1.605571
-0.026142	0.677610	0.678114	1.609357
-0.028420	0.675810	0.676407	1.612825
-0.034307	0.668643	0.669523	1.622060
-0.045654	0.667575	0.669135	1.639077
-0.038858	0.676656	0.677771	1.628160
-0.015731	0.679725	0.679907	1.593936
0.005908	0.679816	0.679842	1.562106
0.030077	0.678504	0.679170	1.526497
0.033233	0.677984	0.678798	1.521818
0.027104	0.678356	0.678897	1.530863
0.016499	0.678784	0.678984	1.546494
0.021369	0.677974	0.678311	1.539288
-0.004766	0.678238	0.678255	1.577824
-0.019037	0.673388	0.673657	1.599059
-0.036655	0.664201	0.665212	1.625927
-0.053404	0.651127	0.653313	1.652631
-0.073630	0.631276	0.635555	1.686908
-0.087713	0.619132	0.625314	1.711531
-0.099686	0.608351	0.616465	1.733216
-0.111563	0.598699	0.609005	1.755026
-0.123121	0.588925	0.601658	1.776888
-0.139832	0.575759	0.592496	1.809049
-0.161715	0.559156	0.582071	1.852327
-0.176883	0.548557	0.576370	1.882721
-0.191221	0.538023	0.570994	1.912287
-0.206218	0.527577	0.566448	1.943414
-0.220451	0.517152	0.562178	1.973751
-0.234267	0.507153	0.558646	2.003524
-0.247295	0.497027	0.555149	2.032481
-0.262759	0.485134	0.551722	2.067183
-0.277163	0.473304	0.548485	2.100554
-0.289629	0.462839	0.545990	2.129946
-0.301637	0.452174	0.543550	2.159087
-0.314415	0.440969	0.541582	2.190201
-0.326652	0.429612	0.539693	2.220884
-0.346805	0.409571	0.536677	2.273403
-0.333517	0.422919	0.538603	2.238552
-0.319090	0.436478	0.540676	2.202063
-0.303298	0.450776	0.543313	2.163057
-0.286140	0.465370	0.546302	2.122075
-0.268810	0.479899	0.550057	2.081390
-0.249112	0.495254	0.554376	2.036841
-0.237083	0.504828	0.557727	2.009855
-0.224705	0.514207	0.561160	1.982781
-0.208221	0.526351	0.566041	1.947498
-0.190794	0.538774	0.571559	1.911142
-0.208928	0.525789	0.565778	1.949026
-0.226116	0.513075	0.560691	1.985895
-0.238150	0.503908	0.557349	2.012290
-0.249857	0.494481	0.554022	2.038668
-0.267322	0.480873	0.550182	2.078166
-0.283098	0.467688	0.546696	2.115113
-0.297419	0.455473	0.543980	2.149271
-0.310749	0.443343	0.541403	2.182141
-0.323841	0.431464	0.539476	2.214658
-0.336239	0.419510	0.537630	2.246454
-0.356046	0.398935	0.534713	2.299448
-0.366411	0.387968	0.533644	2.327627
-0.376442	0.376736	0.532578	2.355804
-0.393331	0.356482	0.530837	2.405300
-0.379768	0.372661	0.532071	2.365639
-0.364502	0.389508	0.533459	2.323043
-0.377421	0.375203	0.532188	2.359142
-0.389336	0.361076	0.530997	2.393836
-0.398996	0.348976	0.530078	2.422969
-0.408204	0.336703	0.529150	2.451887
-0.421325	0.318953	0.528437	2.493612
-0.432791	0.302019	0.527753	2.532318
-0.442487	0.286879	0.527346	2.566389
-0.451234	0.272041	0.526895	2.599057
-0.435669	0.297261	0.527420	2.542838
-0.426307	0.311194	0.527806	2.511030
-0.416238	0.325148	0.528181	2.478446
-0.426529	0.310607	0.527640	2.512177
-0.435918	0.296277	0.527072	2.544647
-0.451086	0.270984	0.526223	2.600632
-0.461372	0.252806	0.526094	2.640330
-0.470408	0.235238	0.525947	2.677888
-0.477707	0.219898	0.525889	2.710190
-0.484301	0.204699	0.525785	2.741698
-0.473854	0.226936	0.525393	2.694954
-0.483633	0.205325	0.525413	2.740106
-0.491696	0.185098	0.525382	2.781554
-0.500595	0.160700	0.525756	2.830967
-0.507586	0.138115	0.526041	2.875923
-0.509186	0.129897	0.525494	2.891812
-0.514416	0.109181	0.525875	2.932453
-0.518434	0.089706	0.526138	2.970257
-0.523379	0.061413	0.526970	3.024787
-0.526332	0.036357	0.527586	3.072626
-0.525218	0.040099	0.526746	3.065393
-0.526995	0.019788	0.527366	3.104061
-0.527853	0.000640	0.527854	3.140381
-0.528255	-0.027039	0.528946	3.192734
-0.527309	-0.052417	0.529908	3.240671
-0.527139	-0.040706	0.528708	3.218660
-0.526020	-0.060908	0.529535	3.256870
-0.524176	-0.080083	0.530258	3.293200
-0.520702	-0.107520	0.531687	3.345221
-0.516282	-0.132191	0.532937	3.392252
-0.516320	-0.128236	0.532006	3.385033
-0.512586	-0.145923	0.532952	3.418937
-0.508337	-0.163137	0.533873	3.452132
-0.502109	-0.185933	0.535429	3.496240
-0.495358	-0.207060	0.536893	3.537519
-0.496969	-0.200039	0.535719	3.524268
-0.487577	-0.226311	0.537539	3.576155
-0.478470	-0.249582	0.539653	3.622390
-0.469020	-0.271064	0.541715	3.665631
-0.471646	-0.263685	0.540351	3.651376
-0.463896	-0.280455	0.542083	3.685361
-0.455749	-0.296821	0.543884	3.718867
-0.448024	-0.311372	0.545599	3.748948
-0.439979	-0.325682	0.547403	3.778806
-0.441297	-0.322171	0.546386	3.772207
-0.432437	-0.337514	0.548559	3.804326
-0.423270	-0.352541	0.550856	3.836074
-0.414812	-0.365720	0.553010	3.864178
-0.406096	-0.378654	0.555241	3.892036
-0.408006	-0.374735	0.553982	3.884511
-0.398904	-0.388069	0.556527	3.913224
-0.389553	-0.401167	0.559184	3.941677
-0.372133	-0.424292	0.564364	3.992389
-0.368123	-0.428679	0.565049	4.002845
-0.351574	-0.449497	0.570660	4.048628
-0.335441	-0.468826	0.576471	4.091342
-0.331050	-0.473272	0.577564	4.102004
-0.315508	-0.491301	0.583885	4.141525
-0.300212	-0.508529	0.590533	4.179092
-0.287570	-0.522257	0.596195	4.209063
-0.276205	-0.534777	0.601894	4.235639
-0.264809	-0.547174	0.607884	4.261658
-0.259130	-0.552856	0.610572	4.274084
-0.244287	-0.569195	0.619403	4.306983
-0.229069	-0.585786	0.628982	4.339625
-0.214360	-0.601807	0.638844	4.370206
-0.200954	-0.616432	0.648360	4.397257
-0.186993	-0.631490	0.658594	4.424501
-0.172839	-0.646436	0.669143	4.451128
-0.157743	-0.661682	0.680225	4.478359
-0.139128	-0.677218	0.691361	4.509768
-0.126199	-0.685274	0.696797	4.530271
-0.112926	-0.692992	0.702133	4.550854
-0.097985	-0.698156	0.704998	4.572951
-0.083058	-0.703032	0.707921	4.594791
-0.067295	-0.705842	0.709043	4.617336
-0.051134	-0.709050	0.710892	4.640398
-0.036334	-0.710098	0.711027	4.661266
-0.020242	-0.711385	0.711673	4.683942
0.006094	-0.710759	0.710785	4.720963
0.030609	-0.708230	0.708891	4.755581
0.055899	-0.702491	0.704712	4.791794
0.077290	-0.694293	0.698582	4.823254
0.088937	-0.687440	0.693169	4.841049
0.102532	-0.680159	0.687844	4.862010
0.110468	-0.673999	0.682991	4.874844
0.121245	-0.667305	0.678231	4.892122
0.127942	-0.661357	0.673619	4.903483
0.138269	-0.654740	0.669180	4.920513
0.143764	-0.649587	0.665306	4.930194
0.152849	-0.643676	0.661576	4.945534
0.163291	-0.635582	0.656223	4.963865
0.173951	-0.627799	0.651453	4.982689
0.183514	-0.620136	0.646720	5.000104
0.193912	-0.612582	0.642541	5.018958
0.198604	-0.607949	0.639566	5.028139
0.209009	-0.601476	0.636756	5.046829
0.213327	-0.597231	0.634187	5.055457
0.222123	-0.591383	0.631722	5.071685
0.226399	-0.587068	0.629210	5.080458
0.236411	-0.580647	0.626930	5.099044
0.249298	-0.570709	0.622782	5.124230
0.258655	-0.563156	0.619715	5.142946
0.269107	-0.555259	0.617035	5.163682
0.278164	-0.547785	0.614365	5.182255
0.288496	-0.539818	0.612073	5.203201
0.292595	-0.535636	0.610342	5.212354
0.302482	-0.528607	0.609033	5.232135
0.314939	-0.518196	0.606394	5.258496
0.320266	-0.513310	0.605027	5.270213
0.328466	-0.506838	0.603966	5.287406
0.340568	-0.496211	0.601840	5.313886
0.348788	-0.488545	0.600274	5.332405
0.358613	-0.479922	0.599106	5.354116
0.366346	-0.472341	0.597759	5.372072
0.375739	-0.463696	0.596820	5.393386
0.388384	-0.451425	0.595506	5.422862
0.399714	-0.439872	0.594355	5.449993
0.411795	-0.427266	0.593407	5.479351
0.422574	-0.415411	0.592566	5.506335
0.429588	-0.407126	0.591859	5.524626
0.438300	-0.397362	0.591611	5.546736
0.444495	-0.389467	0.590983	5.563677
0.452684	-0.379726	0.590859	5.585211
0.463704	-0.365742	0.590583	5.615348
0.473399	-0.352670	0.590324	5.642908
0.483662	-0.338329	0.590251	5.672785
0.492704	-0.324899	0.590183	5.700215
0.497587	-0.316824	0.589890	5.716201
0.504934	-0.305734	0.590281	5.738737
0.508855	-0.298474	0.589932	5.752706
0.515500	-0.287695	0.590346	5.774152
0.524603	-0.271529	0.590709	5.805565
0.532262	-0.256754	0.590953	5.833730
0.540422	-0.240269	0.591426	5.864835
0.547281	-0.225144	0.591783	5.892902
0.550239	-0.217407	0.591632	5.906899
0.555810	-0.204944	0.592391	5.929923
0.557235	-0.199601	0.591905	5.939226
0.562765	-0.186408	0.592834	5.963324
0.568818	-0.169323	0.593485	5.993863
0.573851	-0.153523	0.594033	6.021776
0.578910	-0.136289	0.594737	6.051972
0.583053	-0.120319	0.595338	6.079682
0.584274	-0.113293	0.595156	6.091659
0.587982	-0.098855	0.596234	6.116617
0.588469	-0.093472	0.595847	6.125662
0.591648	-0.079227	0.596929	6.150068
0.594661	-0.061059	0.597788	6.180865
0.596872	-0.044328	0.598516	6.209054
0.598811	-0.026295	0.599388	6.239301
0.600091	-0.009464	0.600166	6.267415
0.599943	-0.003163	0.599952	6.277914
0.601107	0.012536	0.601238	6.304036
0.600724	0.018315	0.601003	6.313664
0.601224	0.032545	0.602104	6.337263
0.600945	0.049231	0.602958	6.364925
0.600271	0.065398	0.603823	6.391704
0.599127	0.081872	0.604696	6.418996
0.597626	0.097847	0.605583	6.445472
0.596167	0.108678	0.605992	6.463501
0.594395	0.123163	0.607021	6.487501
0.592589	0.133122	0.607358	6.504162
0.590347	0.146772	0.608318	6.526864
0.587140	0.162682	0.609261	6.553481
0.583623	0.178260	0.610240	6.579622
0.579677	0.193649	0.611167	6.605593
0.575352	0.209138	0.612183	6.631832
0.572562	0.217203	0.612376	6.645767
0.567968	0.232501	0.613713	6.671730
0.565416	0.238474	0.613649	6.682315
0.560258	0.253767	0.615050	6.708488
0.554898	0.267234	0.615894	6.731997
0.548686	0.282339	0.617067	6.758423
0.542948	0.294851	0.617843	6.780681
0.536042	0.309645	0.619049	6.807009
0.530007	0.321308	0.619795	6.828175
0.522326	0.336077	0.621106	6.854924
0.516040	0.346895	0.621799	6.875027
0.507924	0.360876	0.623072	6.900918
0.501154	0.371438	0.623796	6.921008
0.492238	0.385370	0.625147	6.947409
0.485430	0.394926	0.625786	6.966140
0.476156	0.408087	0.627105	6.991755
0.468780	0.417614	0.627818	7.010924
0.458709	0.430706	0.629223	7.037108
0.451383	0.439289	0.629858	7.055007
0.441177	0.451406	0.631193	7.080043
0.433176	0.460073	0.631909	7.098685
0.422036	0.472230	0.633337	7.124654
0.415091	0.478934	0.633781	7.139873
0.403111	0.491038	0.635308	7.166604
0.393227	0.500116	0.636194	7.187668
0.379986	0.512191	0.637753	7.215695
0.370081	0.520415	0.638586	7.235827
0.356669	0.531510	0.640091	7.262951
0.345990	0.539598	0.640996	7.283818
0.331590	0.550406	0.642572	7.311765
0.320958	0.557654	0.643423	7.331734
0.306619	0.567362	0.644915	7.358516
0.297620	0.572793	0.645500	7.374781
0.281227	0.583030	0.647312	7.404550
0.272801	0.587549	0.647792	7.419297
0.256586	0.596696	0.649525	7.447874
0.247343	0.601213	0.650105	7.463681
0.230018	0.610016	0.651942	7.493399
0.220899	0.613970	0.652500	7.508613
0.204435	0.621397	0.654162	7.536143
0.191603	0.626520	0.655163	7.557193
0.174048	0.633382	0.656861	7.585809
0.162990	0.637075	0.657594	7.603513
0.144391	0.643406	0.659409	7.633222
0.132543	0.646788	0.660229	7.651855
0.112901	0.652442	0.662138	7.682635
0.102295	0.654845	0.662787	7.699022
0.082578	0.659532	0.664681	7.729423
0.070874	0.661715	0.665499	7.747283
0.051647	0.665318	0.667320	7.776510
0.040219	0.666896	0.668108	7.793746
0.022362	0.669367	0.669740	7.820586
0.009997	0.670557	0.670631	7.839074
-0.009039	0.672322	0.672383	7.867426
-0.038854	0.673710	0.674829	7.911590
-0.051759	0.673728	0.675714	7.930655
-0.074171	0.673730	0.677801	7.963629
-0.086699	0.673094	0.678654	7.982084
-0.107883	0.671984	0.680589	8.013168
-0.121096	0.670667	0.681512	8.032618
-0.143660	0.668321	0.683587	8.065717
-0.156589	0.666346	0.684498	8.084790
-0.177507	0.663037	0.686387	8.115565
-0.193508	0.659954	0.687739	8.139201
-0.209457	0.656483	0.689088	8.162832
-0.224383	0.652851	0.690335	8.185030
-0.239255	0.648877	0.691581	8.207237
-0.255014	0.644301	0.692933	8.230861
-0.270695	0.639339	0.694284	8.254494
-0.285327	0.634311	0.695530	8.276687
-0.299867	0.628949	0.696776	8.298878
-0.313860	0.623341	0.697899	8.320436
-0.334184	0.614872	0.699819	8.351823
-0.350285	0.607493	0.701247	8.377024
-0.366228	0.599688	0.702672	8.402229
-0.382800	0.591056	0.704189	8.428706
-0.399167	0.581963	0.705702	8.455180
-0.414476	0.572906	0.707115	8.480282
-0.429582	0.563443	0.708526	8.505386
-0.444177	0.553803	0.709923	8.529970
-0.458552	0.543786	0.711318	8.554549
-0.472006	0.533898	0.712626	8.577928
-0.485247	0.523675	0.713932	8.601310
-0.498984	0.512546	0.715324	8.625973
-0.512464	0.501056	0.716712	8.650636
-0.525027	0.489788	0.718014	8.674090
-0.537342	0.478203	0.719316	8.697548
-0.551433	0.464278	0.720855	8.724977
-0.565161	0.449932	0.722389	8.752411
-0.577948	0.435796	0.723838	8.778696
-0.590373	0.421298	0.725281	8.804973
-0.603032	0.405706	0.726805	8.832557
-0.615269	0.389741	0.728323	8.860127
-0.626543	0.374148	0.729755	8.886448
-0.637413	0.358232	0.731181	8.912761
-0.647073	0.343297	0.732500	8.936999
-0.656381	0.328101	0.733816	8.961240
-0.664982	0.313248	0.735068	8.984547
-0.673244	0.298173	0.736318	9.007853
-0.681447	0.282325	0.737616	9.032004
-0.689274	0.266255	0.738911	9.056151
-0.696470	0.250510	0.740153	9.079501
-0.703304	0.234573	0.741391	9.102850
-0.710864	0.215651	0.742854	9.130238
-0.717907	0.196491	0.744311	9.157621
-0.724141	0.177954	0.745686	9.183808
-0.729890	0.159231	0.747056	9.209985
-0.735370	0.139525	0.748489	9.237272
-0.740311	0.119641	0.749916	9.264554
-0.744528	0.100413	0.751268	9.290719
-0.748238	0.081050	0.752615	9.316878
-0.751331	0.062307	0.753910	9.342038
-0.753950	0.043461	0.755202	9.367198
-0.756024	0.025115	0.756441	9.391570
-0.757647	0.006695	0.757677	9.415942
-0.758850	-0.012404	0.758951	9.441122
-0.759566	-0.031556	0.760222	9.466299
-0.759787	-0.050191	0.761443	9.490742
-0.759545	-0.068852	0.762659	9.515180
-0.758710	-0.090112	0.764042	9.542994
-0.757273	-0.111363	0.765417	9.570789
-0.755306	-0.131860	0.766730	9.597615
-0.752780	-0.152323	0.768036	9.624430
-0.749585	-0.173422	0.769385	9.652135
-0.745795	-0.194448	0.770727	9.679826
-0.741570	-0.214634	0.772006	9.706511
-0.736793	-0.234726	0.773279	9.733190
-0.731863	-0.253298	0.774457	9.757974
-0.726462	-0.271761	0.775630	9.782749
-0.720661	-0.289900	0.776784	9.807240
-0.714404	-0.307913	0.777935	9.831725
-0.707642	-0.325905	0.779084	9.856371
-0.700425	-0.343745	0.780228	9.881012
-0.692833	-0.361246	0.781356	9.905402
-0.684802	-0.378576	0.782479	9.929787
-0.675672	-0.397019	0.783682	9.956023
-0.666047	-0.415228	0.784878	9.982242
-0.656121	-0.432860	0.786043	10.007961
-0.645729	-0.450246	0.787202	10.033668
-0.634696	-0.467644	0.788372	10.059777
-0.623197	-0.484760	0.789536	10.085872
-0.611437	-0.501305	0.790672	10.111524
-0.599239	-0.517557	0.791803	10.137166
-0.586206	-0.533996	0.792963	10.163602
-0.572725	-0.550097	0.794116	10.190026
-0.559025	-0.565598	0.795242	10.216021
-0.544909	-0.580749	0.796363	10.242005
-0.530109	-0.595804	0.797495	10.268458
-0.514898	-0.610471	0.798620	10.294898
-0.499486	-0.624555	0.799722	10.320987
-0.483694	-0.638240	0.800819	10.347064
-0.467951	-0.651174	0.801876	10.372456
-0.451870	-0.663707	0.802928	10.397833
-0.435622	-0.675715	0.803964	10.422946
-0.419065	-0.687314	0.804995	10.448043
-0.402165	-0.698519	0.806018	10.473185
-0.384975	-0.709296	0.807036	10.498310
-0.367593	-0.719590	0.808044	10.523295
-0.349945	-0.729449	0.809047	10.548267
-0.331969	-0.738899	0.810047	10.573323
-0.313747	-0.747898	0.811042	10.598367
-0.295241	-0.756462	0.812036	10.623465
-0.276510	-0.764561	0.813026	10.648551
-0.257745	-0.772110	0.813994	10.673387
-0.238783	-0.779192	0.814958	10.698211
-0.219558	-0.785827	0.815923	10.723125
-0.200158	-0.791982	0.816884	10.748028
-0.181482	-0.797395	0.817787	10.771793
-0.162670	-0.802362	0.818686	10.795547
-0.143289	-0.806984	0.819607	10.819845
-0.123790	-0.811132	0.820524	10.844129
-0.104783	-0.814687	0.821397	10.867659
-0.085686	-0.817791	0.822268	10.891178
-0.065912	-0.820524	0.823167	10.915417
-0.046068	-0.822773	0.824062	10.939642
-0.025485	-0.824581	0.824975	10.964677
-0.004856	-0.825869	0.825884	10.989694
0.015948	-0.826641	0.826794	11.014864
0.036771	-0.826883	0.827701	11.040014
0.057463	-0.826593	0.828588	11.064980
0.078147	-0.825782	0.829472	11.089927
0.098915	-0.824444	0.830357	11.114981
0.119649	-0.822581	0.831238	11.140017
0.139422	-0.820302	0.832066	11.163930
0.159145	-0.817545	0.832890	11.187832
0.179394	-0.814213	0.833741	11.212438
0.199564	-0.810378	0.834589	11.237030
0.218845	-0.806212	0.835387	11.260636
0.238033	-0.801587	0.836182	11.284232
0.257797	-0.796319	0.837009	11.308663
0.277435	-0.790564	0.837832	11.333080
0.296039	-0.784613	0.838604	11.356365
0.314505	-0.778224	0.839373	11.379638
0.333502	-0.771146	0.840172	11.403759
0.352329	-0.763606	0.840969	11.427869
0.370190	-0.755942	0.841718	11.450954
0.387876	-0.747862	0.842464	11.474027
0.406015	-0.739057	0.843240	11.497933
0.423943	-0.729816	0.844013	11.521823
0.440579	-0.720729	0.844725	11.544258
0.457014	-0.711265	0.845435	11.566685
0.473955	-0.700989	0.846179	11.590095
0.490654	-0.690313	0.846921	11.613492
0.506177	-0.679866	0.847605	11.635562
0.521471	-0.669072	0.848287	11.657624
0.537472	-0.657232	0.849017	11.681064
0.553195	-0.645013	0.849745	11.704492
0.568530	-0.632490	0.850453	11.727768
0.583574	-0.619607	0.851159	11.751033
0.598832	-0.605903	0.851891	11.775103
0.613756	-0.591830	0.852619	11.799158
0.627743	-0.577987	0.853305	11.822216
0.641410	-0.563818	0.853989	11.845264
0.655186	-0.548853	0.854697	11.869058
0.668603	-0.533558	0.855403	11.892838
0.680736	-0.519047	0.856044	11.914931
0.692548	-0.504265	0.856683	11.937014
0.704841	-0.488149	0.857374	11.960651
0.716750	-0.471742	0.858063	11.984275
0.727388	-0.456335	0.858682	12.006076
0.737689	-0.440692	0.859299	12.027868
0.748381	-0.423643	0.859969	12.051267
0.758671	-0.406342	0.860637	12.074653
0.767742	-0.390258	0.861236	12.096090
0.776467	-0.373976	0.861834	12.117520
0.785389	-0.356415	0.862478	12.140355
0.793908	-0.338652	0.863119	12.163177
0.801432	-0.321998	0.863699	12.184332
0.808604	-0.305182	0.864279	12.205481
0.815905	-0.286987	0.864906	12.228145
0.822790	-0.268627	0.865531	12.250798
0.828648	-0.251868	0.866081	12.271294
0.834163	-0.234986	0.866629	12.291784
0.839869	-0.216185	0.867246	12.314436
0.845147	-0.197256	0.867861	12.337076
0.849517	-0.180099	0.868398	12.357463
0.853537	-0.162848	0.868934	12.377844
0.857576	-0.143710	0.869533	12.400337
0.861181	-0.124481	0.870131	12.422818
0.864155	-0.106367	0.870677	12.443898
0.866745	-0.088189	0.871220	12.464972
0.869135	-0.068368	0.871820	12.487871
0.871068	-0.048492	0.872417	12.510758
0.872414	-0.030406	0.872944	12.531532
0.873383	-0.012290	0.873469	12.552300
0.874020	0.007525	0.874052	12.574980
0.874205	0.027353	0.874633	12.597649
0.873971	0.045310	0.875145	12.618168
0.873367	0.063264	0.875656	12.638681
0.872306	0.082665	0.876214	12.660854
0.870813	0.102041	0.876771	12.683017
0.869061	0.119704	0.877266	12.703249
0.866950	0.137334	0.877760	12.723475
0.864254	0.156470	0.878304	12.745476
0.861137	0.175545	0.878847	12.767468
0.857815	0.193420	0.879350	12.788142
0.854121	0.211227	0.879852	12.808809
0.850069	0.228903	0.880349	12.829408
0.845652	0.246497	0.880845	12.850000
0.840904	0.263878	0.881335	12.870441
0.835799	0.281162	0.881824	12.890878
0.830354	0.298295	0.882308	12.911252
0.824557	0.315319	0.882792	12.931622
0.818434	0.332162	0.883270	12.951911
0.811967	0.348882	0.883747	12.972194
0.805176	0.365427	0.884221	12.992419
0.798050	0.381836	0.884693	13.012639
0.790602	0.398067	0.885161	13.032813
0.782826	0.414150	0.885628	13.052983
0.774752	0.430018	0.886090	13.073074
0.766358	0.445725	0.886552	13.093162
0.757501	0.461515	0.887020	13.113570
0.748322	0.477124	0.887487	13.133974
0.738855	0.492490	0.887949	13.154298
0.729075	0.507664	0.888410	13.174617
0.719064	0.522521	0.888865	13.194771
0.708752	0.537177	0.889320	13.214921
0.698179	0.551575	0.889769	13.234996
0.687316	0.565762	0.890219	13.255067
0.676273	0.579596	0.890661	13.274940
0.664954	0.593213	0.891104	13.294810
0.653398	0.606562	0.891541	13.314613
0.641576	0.619683	0.891979	13.334412
0.629574	0.632481	0.892410	13.354072
0.617319	0.645045	0.892841	13.373729
0.604851	0.657331	0.893268	13.393324
0.592140	0.669374	0.893695	13.412916
0.579394	0.680986	0.894113	13.432199
0.566421	0.692353	0.894531	13.451480
0.553260	0.703442	0.894945	13.470709
0.539884	0.714278	0.895359	13.489935
0.526380	0.724792	0.895767	13.509040
0.512673	0.735048	0.896175	13.528142
0.498799	0.745019	0.896579	13.547197
0.484733	0.754727	0.896983	13.566250
0.470429	0.764196	0.897384	13.585365
0.455942	0.773392	0.897785	13.604477
0.441325	0.782281	0.898182	13.623524
0.426536	0.790892	0.898578	13.642568
0.411647	0.799183	0.898970	13.661525
0.396598	0.807193	0.899361	13.680479
0.381443	0.814892	0.899749	13.699371
0.366140	0.822305	0.900136	13.718261
0.350691	0.829431	0.900522	13.737154
0.335104	0.836266	0.900908	13.756044
0.319434	0.842786	0.901291	13.774876
0.303638	0.849012	0.901674	13.793705
0.287847	0.854894	0.902053	13.812385
0.271945	0.860482	0.902432	13.831062
0.255980	0.865758	0.902808	13.849686
0.239916	0.870736	0.903184	13.868306
0.223890	0.875378	0.903556	13.886771
0.207777	0.879723	0.903927	13.905233
0.191623	0.883760	0.904296	13.923645
0.175393	0.887500	0.904665	13.942055
0.159209	0.890916	0.905030	13.960331
0.142961	0.894037	0.905395	13.978604
0.126691	0.896853	0.905757	13.996834
0.110367	0.899373	0.906119	14.015062
0.094084	0.901583	0.906479	14.033189
0.077758	0.903499	0.906839	14.051315
0.061425	0.905114	0.907196	14.069407
0.045060	0.906434	0.907554	14.087496
0.028730	0.907453	0.907908	14.105517
0.012380	0.908178	0.908262	14.123536
-0.003941	0.908606	0.908614	14.141504
-0.020271	0.908740	0.908966	14.159470
-0.036693	0.908576	0.909316	14.177530
-0.053113	0.908114	0.909666	14.195588
-0.069483	0.907358	0.910014	14.213596
-0.085842	0.906306	0.910362	14.231602
-0.102076	0.904967	0.910706	14.249488
-0.118289	0.903338	0.911050	14.267372
-0.134435	0.901423	0.911392	14.285212
-0.150549	0.899218	0.911734	14.303051
-0.166312	0.896776	0.912068	14.320539
-0.182035	0.894058	0.912402	14.338027
-0.197678	0.891070	0.912734	14.355475
-0.213271	0.887808	0.913065	14.372922
-0.228710	0.884296	0.913394	14.390256
-0.244090	0.880516	0.913722	14.407589
-0.259374	0.876476	0.914048	14.424884
-0.274589	0.872171	0.914375	14.442177
-0.289637	0.867630	0.914698	14.459360
-0.304608	0.862830	0.915021	14.476542
-0.319471	0.857781	0.915342	14.493690
-0.334249	0.852476	0.915662	14.510838
-0.348856	0.846947	0.915980	14.527888
-0.363371	0.841168	0.916298	14.544937
-0.377766	0.835149	0.916614	14.561960
-0.392062	0.828884	0.916930	14.578982
-0.406329	0.822338	0.917248	14.596095
-0.420486	0.815547	0.917565	14.613207
-0.434500	0.808526	0.917881	14.630283
-0.448396	0.801264	0.918196	14.647359
-0.462183	0.793755	0.918510	14.664450
-0.475842	0.786009	0.918823	14.681540
-0.489342	0.778045	0.919135	14.698593
-0.502708	0.769849	0.919447	14.715645
-0.515926	0.761427	0.919756	14.732686
-0.529003	0.752779	0.920066	14.749725
-0.541908	0.743924	0.920373	14.766730
-0.554665	0.734848	0.920682	14.783735
-0.567208	0.725599	0.920988	14.800656
-0.579597	0.716137	0.921295	14.817576
-0.591807	0.706480	0.921602	14.834468
-0.603857	0.696614	0.921908	14.851359
-0.615367	0.686866	0.922205	14.867715
-0.626720	0.676928	0.922501	14.884071
-0.637891	0.666820	0.922797	14.900396
-0.648900	0.656529	0.923093	14.916721
-0.659695	0.646103	0.923388	14.932974
-0.670322	0.635499	0.923683	14.949226
-0.691030	0.613805	0.924272	14.981680
-0.710882	0.591612	0.924856	15.013881
-0.729999	0.568805	0.925439	15.046043
-0.748336	0.545443	0.926021	15.078120
-0.765909	0.521512	0.926602	15.110167
-0.774493	0.509211	0.926895	15.126350
-0.782879	0.496769	0.927189	15.142532
-0.799023	0.471518	0.927775	15.174842
-0.806836	0.458615	0.928069	15.191095
-0.814441	0.445583	0.928363	15.207347
-0.821824	0.432445	0.928656	15.223575
-0.828995	0.419184	0.928950	15.239803
-0.842611	0.392477	0.929533	15.272058
-0.855352	0.365360	0.930115	15.304276
-0.867171	0.337951	0.930696	15.336353
-0.878102	0.310183	0.931277	15.368403
-0.887869	0.282872	0.931842	15.399534
-0.896775	0.255291	0.932405	15.430623
-0.904811	0.227479	0.932968	15.461658
-0.911977	0.199442	0.933531	15.492661
-0.918216	0.171463	0.934087	15.523354
-0.923592	0.143304	0.934643	15.554031
-0.928109	0.114949	0.935200	15.584738
-0.931752	0.086474	0.935756	15.615420
-0.934531	0.057762	0.936314	15.646233
-0.936423	0.028988	0.936871	15.677017
-0.937432	-0.000091	0.937432	15.708060
-0.937538	-0.029184	0.937992	15.739082
-0.936748	-0.058085	0.938547	15.769891
-0.935068	-0.086958	0.939103	15.800693
-0.932501	-0.115762	0.939658	15.831473
-0.929047	-0.144475	0.940214	15.862237
-0.924833	-0.172370	0.940759	15.892229
-0.919790	-0.200113	0.941307	15.922189
-0.913915	-0.227727	0.941859	15.952167
-0.907217	-0.255151	0.942415	15.982127
-0.899810	-0.282004	0.942965	16.011671
-0.891609	-0.308643	0.943519	16.041217
-0.882564	-0.335212	0.944079	16.070950
-0.872734	-0.361506	0.944643	16.100670
-0.862146	-0.387454	0.945207	16.130324
-0.850794	-0.413085	0.945775	16.159968
-0.838554	-0.438642	0.946351	16.189915
-0.825547	-0.463843	0.946931	16.219868
-0.811913	-0.488439	0.947510	16.249552
-0.797534	-0.512660	0.948093	16.279265
-0.782398	-0.536519	0.948683	16.309052
-0.766551	-0.559932	0.949276	16.338838
-0.750302	-0.582482	0.949862	16.368104
-0.733404	-0.604545	0.950451	16.397347
-0.715750	-0.626252	0.951047	16.426770
-0.697456	-0.647443	0.951645	16.456191
-0.678796	-0.667830	0.952240	16.485218
-0.659526	-0.687695	0.952837	16.514267
-0.639714	-0.706967	0.953434	16.543260
-0.619333	-0.725677	0.954034	16.572262
-0.598296	-0.743892	0.954637	16.601416
-0.576716	-0.761505	0.955244	16.630580
-0.554640	-0.778478	0.955852	16.659715
-0.532038	-0.794833	0.956464	16.688887
-0.508978	-0.810519	0.957079	16.718031
-0.485395	-0.825577	0.957698	16.747250
-0.461341	-0.839967	0.958321	16.776502
-0.436817	-0.853680	0.958946	16.805806
-0.411968	-0.866639	0.959573	16.835015
-0.386766	-0.878857	0.960197	16.864187
-0.361305	-0.890304	0.960824	16.893244
-0.335526	-0.901015	0.961460	16.922282
-0.309628	-0.910919	0.962104	16.951104
-0.283427	-0.920092	0.962756	16.979941
-0.256976	-0.928513	0.963418	17.008757
-0.230239	-0.936194	0.964090	17.037614
-0.203293	-0.943109	0.964771	17.066452
-0.176136	-0.949262	0.965465	17.095295
-0.148825	-0.954639	0.966170	17.124108
-0.121300	-0.959252	0.966891	17.152974
-0.093642	-0.963084	0.967626	17.181833
-0.065729	-0.966146	0.968379	17.210832
-0.037562	-0.968424	0.969152	17.239993
-0.009075	-0.969901	0.969944	17.269404
0.019597	-0.970551	0.970749	17.298948
0.048277	-0.970351	0.971551	17.328471
0.076888	-0.969306	0.972351	17.357917
0.105475	-0.967416	0.973148	17.387358
0.133885	-0.964696	0.973942	17.416663
0.162253	-0.961135	0.974734	17.445997
0.190535	-0.956734	0.975523	17.475339
0.218807	-0.951474	0.976309	17.504796
0.246795	-0.945407	0.977089	17.534108
0.274558	-0.938531	0.977866	17.563359
0.302018	-0.930872	0.978640	17.592491
0.329209	-0.922426	0.979412	17.621563
0.356021	-0.913240	0.980183	17.650481
0.382590	-0.903321	0.981001	17.679390
0.409063	-0.892636	0.981902	17.708465
0.435957	-0.880937	0.982908	17.738302
0.449640	-0.874638	0.983447	17.753613
0.463233	-0.868127	0.983986	17.768925
0.476706	-0.861418	0.984525	17.784207
0.490081	-0.854500	0.985064	17.799488
0.503310	-0.847401	0.985602	17.814715
0.516437	-0.840098	0.986140	17.829943
0.529433	-0.832606	0.986677	17.845140
0.542320	-0.824913	0.987215	17.860338
0.567630	-0.809018	0.988288	17.890577
0.592427	-0.792380	0.989361	17.920758
0.616673	-0.775030	0.990432	17.950858
0.628728	-0.765975	0.990967	17.966068
0.640651	-0.756732	0.991502	17.981278
