time = 18.9999	Re = 1	40	80
0.148090	0.136670	0.201517	0.745315
0.159792	0.125297	0.203059	0.664987
0.172104	0.111072	0.204833	0.573122
0.183313	0.095414	0.206658	0.479909
0.192583	0.080226	0.208625	0.394717
0.200522	0.064388	0.210606	0.310701
0.206793	0.049609	0.212661	0.235447
0.211964	0.034278	0.214718	0.160329
0.215980	0.018966	0.216811	0.087587
0.218881	0.003264	0.218905	0.014912
0.220629	-0.012340	0.220974	-0.055871
0.221264	-0.028171	0.223050	-0.126639
0.220512	-0.054254	0.227089	-0.241246
0.217120	-0.079670	0.231276	-0.351687
0.213461	-0.099851	0.235660	-0.437535
0.208034	-0.119972	0.240149	-0.523104
0.203345	-0.136051	0.244661	-0.589662
0.197474	-0.152020	0.249211	-0.656067
0.187254	-0.178493	0.258697	-0.761449
0.183378	-0.195391	0.267965	-0.817105
0.179433	-0.211421	0.277299	-0.867057
0.192965	-0.221653	0.293880	-0.854478
0.221472	-0.213884	0.307890	-0.767972
0.238737	-0.203571	0.313746	-0.706059
0.256627	-0.190227	0.319443	-0.637883
0.275896	-0.170156	0.324148	-0.552637
0.293014	-0.148916	0.328684	-0.470204
0.301212	-0.136269	0.330603	-0.424850
0.308873	-0.123157	0.332521	-0.379410
0.316120	-0.108439	0.334202	-0.330453
0.322650	-0.093336	0.335879	-0.281591
0.328299	-0.077366	0.337292	-0.231434
0.333143	-0.061108	0.338701	-0.181411
0.336748	-0.045306	0.339782	-0.133737
0.339600	-0.029323	0.340863	-0.086131
0.341324	-0.012705	0.341560	-0.037204
0.342142	0.003897	0.342165	0.011389
0.341731	0.019522	0.342288	0.057065
0.340499	0.035040	0.342298	0.102548
0.338065	0.050443	0.341808	0.148119
0.334682	0.065420	0.341016	0.193036
0.330450	0.079428	0.339861	0.235887
0.325391	0.093043	0.338432	0.278511
0.319058	0.107363	0.336638	0.324599
0.311746	0.120776	0.334323	0.369613
0.303731	0.134154	0.332039	0.415919
0.294702	0.146789	0.329235	0.462121
0.283591	0.161852	0.326527	0.518616
0.271426	0.176370	0.323695	0.576227
0.256965	0.192858	0.321287	0.643836
0.241205	0.209669	0.319595	0.715568
0.222308	0.229627	0.319608	0.801591
0.202067	0.250090	0.321522	0.891210
0.191256	0.263439	0.325544	0.942837
0.179646	0.276643	0.329855	0.994858
0.168956	0.290348	0.335929	1.043787
0.157867	0.304245	0.342764	1.092157
0.146109	0.326658	0.357845	1.150203
0.136881	0.350281	0.376076	1.198269
0.132225	0.364514	0.387755	1.222815
0.126995	0.378799	0.399520	1.247316
0.123110	0.394347	0.413117	1.268196
0.118856	0.409888	0.426773	1.288565
0.116626	0.435985	0.451314	1.309416
0.115418	0.461808	0.476013	1.325886
0.111649	0.490481	0.503028	1.346979
0.104869	0.515474	0.526033	1.370094
0.101850	0.533035	0.542678	1.381996
0.098822	0.551795	0.560574	1.393583
0.097190	0.573654	0.581829	1.402967
0.096281	0.592507	0.600279	1.409706
0.097735	0.615491	0.623202	1.413319
0.099478	0.627967	0.635797	1.413689
0.101310	0.639654	0.647627	1.413719
0.102448	0.646847	0.654910	1.413720
0.098108	0.668051	0.675216	1.424981
0.085278	0.668962	0.674376	1.444002
0.062409	0.677999	0.680865	1.479006
0.089648	0.667291	0.673286	1.437250
0.082594	0.665034	0.670143	1.447234
0.065725	0.673067	0.676268	1.473456
0.047343	0.679937	0.681583	1.501280
0.074151	0.669113	0.673209	1.460427
0.092140	0.661888	0.668271	1.432477
0.084621	0.669318	0.674647	1.445035
0.099936	0.660105	0.667627	1.420544
0.091728	0.658213	0.664573	1.432329
0.069046	0.671060	0.674603	1.468266
0.051483	0.677034	0.678989	1.494900
0.029228	0.681434	0.682061	1.527931
0.046114	0.678076	0.679642	1.502894
0.061766	0.674104	0.676928	1.479425
0.086135	0.661741	0.667323	1.441359
0.096206	0.655266	0.662291	1.425018
0.090237	0.672285	0.678314	1.437370
0.090377	0.666864	0.672960	1.436092
0.076626	0.676616	0.680941	1.458028
0.093423	0.661533	0.668097	1.430502
0.097665	0.648055	0.655373	1.421218
0.093980	0.654847	0.661557	1.428256
0.088830	0.658505	0.664470	1.436709
0.076922	0.665940	0.670368	1.455797
0.062674	0.673966	0.676874	1.478071
0.035918	0.679536	0.680485	1.517988
0.009959	0.681698	0.681771	1.556188
0.030034	0.680114	0.680777	1.526665
0.051238	0.677268	0.679203	1.495286
0.074106	0.667841	0.671940	1.460285
0.088593	0.660024	0.665943	1.437367
0.096510	0.648954	0.656091	1.423162
0.099364	0.648194	0.655766	1.418687
0.096120	0.667361	0.674247	1.427750
0.085241	0.667034	0.672459	1.443694
0.062403	0.676931	0.679801	1.478871
0.083784	0.669828	0.675048	1.446359
0.071355	0.672531	0.676305	1.465092
0.050462	0.680142	0.682011	1.496738
0.075752	0.669504	0.673775	1.458129
0.091057	0.666075	0.672270	1.434931
0.088136	0.673186	0.678931	1.440613
0.095141	0.657080	0.663932	1.427003
0.097916	0.642721	0.650136	1.419612
0.096863	0.645124	0.652356	1.421763
0.094507	0.644822	0.651711	1.425269
0.093092	0.647193	0.653854	1.427937
0.087733	0.660763	0.666561	1.438793
0.063686	0.673138	0.676144	1.476466
0.047908	0.676925	0.678618	1.500141
0.029654	0.679957	0.680603	1.527212
0.012597	0.680772	0.680889	1.552295
-0.005408	0.681028	0.681050	1.578737
0.021841	0.680436	0.680787	1.538709
0.041537	0.678451	0.679721	1.509649
0.059630	0.675219	0.677847	1.482712
0.085280	0.660913	0.666392	1.442471
0.091175	0.654843	0.661160	1.432454
0.093824	0.649553	0.656295	1.427344
0.096561	0.647858	0.655015	1.422839
0.096876	0.642276	0.649541	1.421093
0.099882	0.644703	0.652394	1.417092
0.099672	0.658849	0.666345	1.420653
0.087546	0.665618	0.671351	1.440022
0.072723	0.673084	0.677002	1.463169
0.089973	0.669418	0.675438	1.437193
0.093270	0.661321	0.667865	1.430685
0.081118	0.665294	0.670221	1.449468
0.058456	0.676511	0.679032	1.484602
0.080566	0.666299	0.671152	1.450465
0.091342	0.666192	0.672424	1.434536
0.092953	0.659929	0.666444	1.430864
0.066825	0.672493	0.675805	1.471753
0.048875	0.678117	0.679876	1.498846
0.026947	0.682153	0.682685	1.531314
0.042693	0.679209	0.680549	1.508022
0.057995	0.675819	0.678303	1.485192
0.082435	0.664220	0.669316	1.447320
0.097670	0.659836	0.667026	1.423842
0.083339	0.670732	0.675889	1.447180
0.061658	0.677138	0.679939	1.479990
0.082932	0.667450	0.672582	1.447178
0.094592	0.667015	0.673688	1.429922
0.100043	0.651293	0.658931	1.418380
0.097286	0.638722	0.646088	1.419645
0.096361	0.639921	0.647136	1.421337
0.093476	0.637531	0.644347	1.425212
0.092937	0.638792	0.645518	1.426321
0.095952	0.651582	0.658609	1.424587
0.092449	0.653418	0.659925	1.430243
0.074826	0.668129	0.672306	1.459268
0.048074	0.677229	0.678933	1.499928
0.018750	0.680399	0.680658	1.543246
0.002912	0.680570	0.680576	1.566517
-0.020967	0.680129	0.680453	1.601614
-0.043468	0.675104	0.676502	1.635095
-0.025488	0.679872	0.680350	1.608269
-0.003034	0.680527	0.680534	1.575255
0.012312	0.680552	0.680663	1.552706
0.037633	0.678967	0.680009	1.515427
0.053237	0.675615	0.677709	1.492162
0.067714	0.671895	0.675298	1.470355
0.089757	0.656068	0.662180	1.434829
0.092823	0.650357	0.656948	1.429027
0.093689	0.646169	0.652926	1.426808
0.093757	0.642906	0.649706	1.425985
0.094113	0.640623	0.647499	1.424932
0.096619	0.641581	0.648816	1.421325
0.096217	0.637507	0.644727	1.421000
0.100037	0.642788	0.650526	1.416405
0.098683	0.657341	0.664707	1.421785
0.079117	0.676420	0.681032	1.454362
0.094249	0.660616	0.667305	1.429085
0.084459	0.666623	0.671952	1.444772
0.086988	0.673571	0.679165	1.442363
0.099271	0.658369	0.665811	1.421141
0.083264	0.663723	0.668925	1.445999
0.099643	0.662975	0.670421	1.421617
0.082565	0.670873	0.675934	1.448341
0.100126	0.657701	0.665279	1.419720
0.095882	0.653916	0.660908	1.425206
0.080718	0.665019	0.669900	1.450010
0.061849	0.673626	0.676459	1.479238
0.038140	0.679673	0.680742	1.514740
0.019759	0.681270	0.681557	1.541801
0.001798	0.682139	0.682142	1.568160
0.031143	0.680393	0.681105	1.525057
0.048600	0.677344	0.679085	1.499169
0.063898	0.673667	0.676691	1.476228
0.086151	0.660762	0.666355	1.441147
0.092396	0.655564	0.662043	1.430777
0.096277	0.653401	0.660456	1.424502
0.090404	0.672971	0.679017	1.437261
0.090409	0.665265	0.671380	1.435724
0.075959	0.668965	0.673264	1.457734
0.056771	0.677220	0.679595	1.487163
0.077755	0.667080	0.671596	1.454760
0.091402	0.661372	0.667658	1.433466
0.093772	0.667786	0.674338	1.431286
0.077353	0.671453	0.675894	1.456100
0.097185	0.659408	0.666531	1.424467
0.100849	0.647731	0.655535	1.416340
0.096703	0.635377	0.642694	1.419758
0.093377	0.630404	0.637282	1.423743
0.096207	0.637204	0.644426	1.420945
0.093870	0.635406	0.642302	1.424125
0.093643	0.637431	0.644273	1.424933
0.093995	0.640730	0.647588	1.425136
0.094472	0.644939	0.651822	1.425348
0.093489	0.650891	0.657571	1.428139
0.087330	0.659849	0.665602	1.439213
0.068526	0.670506	0.673998	1.468950
0.054110	0.674990	0.677155	1.490803
0.039040	0.679118	0.680240	1.513373
0.018344	0.680195	0.680442	1.543834
0.000823	0.680384	0.680385	1.569586
-0.022776	0.679882	0.680264	1.604284
-0.042685	0.675213	0.676561	1.633929
-0.046799	0.666769	0.668410	1.640869
-0.034138	0.668877	0.669748	1.621789
-0.034842	0.667656	0.668565	1.622935
-0.030256	0.671097	0.671778	1.615850
-0.045828	0.666157	0.667732	1.639483
-0.046083	0.672938	0.674514	1.639170
-0.027792	0.679646	0.680214	1.611665
-0.000032	0.680367	0.680367	1.570843
0.015205	0.680253	0.680423	1.548447
0.030641	0.679771	0.680461	1.525751
0.049144	0.676426	0.678209	1.498272
0.064939	0.672299	0.675428	1.474502
0.087543	0.660071	0.665851	1.438939
0.094352	0.649855	0.656669	1.426615
0.094879	0.643711	0.650666	1.424456
0.094281	0.639481	0.646393	1.424417
0.094287	0.636754	0.643697	1.423790
0.096260	0.637701	0.644925	1.420979
0.092876	0.629787	0.636599	1.424379
0.095883	0.633991	0.641201	1.420697
0.100978	0.643493	0.651368	1.415144
0.099306	0.658068	0.665518	1.421021
0.076836	0.676600	0.680949	1.457719
0.087665	0.668284	0.674009	1.440362
0.077990	0.668092	0.672629	1.454587
0.063992	0.674224	0.677254	1.476168
0.049614	0.679977	0.681785	1.497961
0.076657	0.668746	0.673125	1.456666
0.090163	0.666702	0.672771	1.436375
0.075659	0.675731	0.679953	1.459294
0.090029	0.670387	0.676405	1.437300
0.099699	0.647652	0.655281	1.418056
0.093028	0.663764	0.670251	1.431552
0.099734	0.651468	0.659058	1.418885
0.095929	0.648627	0.655682	1.423966
0.093924	0.652640	0.659364	1.427864
0.089414	0.658615	0.664656	1.435860
0.077392	0.666384	0.670863	1.455177
0.053319	0.677863	0.679956	1.492300
0.030407	0.680346	0.681025	1.526133
0.009733	0.681428	0.681498	1.556513
-0.006663	0.681315	0.681348	1.580576
-0.035572	0.679252	0.680182	1.623119
-0.015045	0.681105	0.681271	1.592882
0.003687	0.681402	0.681412	1.565386
0.028196	0.680552	0.681136	1.529389
0.046956	0.677338	0.678964	1.501583
0.063351	0.673234	0.676208	1.476974
0.087651	0.660439	0.666230	1.438851
0.096251	0.652688	0.659747	1.424383
0.100381	0.651701	0.659386	1.417967
0.093719	0.664110	0.670690	1.430603
0.074891	0.676881	0.681012	1.460603
0.090001	0.667924	0.673961	1.436856
0.094187	0.659148	0.665844	1.428865
0.074709	0.668390	0.672552	1.459483
0.057015	0.675706	0.678107	1.486618
0.034285	0.681156	0.682019	1.520505
0.051801	0.676872	0.678852	1.494415
0.067124	0.671916	0.675261	1.471227
0.089241	0.659976	0.665982	1.436393
0.097710	0.657643	0.664862	1.423299
0.080478	0.673653	0.678444	1.451895
0.091922	0.664131	0.670462	1.433260
0.102526	0.651100	0.659123	1.414613
0.097512	0.634884	0.642328	1.418397
0.096308	0.633699	0.640976	1.419973
0.093906	0.630774	0.637726	1.423007
0.094054	0.633082	0.640031	1.423310
0.094976	0.637382	0.644419	1.422875
0.092014	0.634878	0.641511	1.426867
0.096306	0.643965	0.651126	1.422345
0.093489	0.643493	0.650248	1.426522
0.092601	0.645794	0.652400	1.428376
0.085059	0.662294	0.667733	1.443065
0.064983	0.672224	0.675358	1.474427
0.036723	0.678716	0.679709	1.516743
0.006925	0.680407	0.680442	1.560619
-0.007021	0.680159	0.680195	1.581118
-0.022798	0.679083	0.679466	1.604355
-0.038376	0.676923	0.678010	1.627427
-0.048079	0.669353	0.671077	1.642502
-0.043677	0.666092	0.667522	1.636275
-0.033947	0.668328	0.669189	1.621547
-0.019712	0.676837	0.677124	1.599912
-0.018932	0.677716	0.677981	1.598725
-0.022313	0.678440	0.678807	1.603673
-0.021233	0.678805	0.679137	1.602067
-0.041768	0.668979	0.670281	1.633152
-0.020802	0.678198	0.678517	1.601459
-0.018107	0.676966	0.677208	1.597537
-0.020443	0.674939	0.675248	1.601076
-0.025128	0.672730	0.673199	1.608131
-0.043980	0.666147	0.667597	1.636722
-0.045284	0.669932	0.671461	1.638288
-0.037775	0.677313	0.678366	1.626511
-0.014591	0.680059	0.680215	1.592248
0.005764	0.680301	0.680325	1.562324
0.030006	0.679916	0.680578	1.526693
0.050037	0.676357	0.678206	1.496951
0.066399	0.671756	0.675030	1.472272
0.088930	0.658960	0.664933	1.436652
0.094517	0.649050	0.655896	1.426190
0.094716	0.643179	0.650116	1.424585
0.093945	0.638877	0.645747	1.424796
0.093351	0.635417	0.642237	1.424926
0.092901	0.632623	0.639408	1.424989
0.092574	0.630291	0.637053	1.424965
0.092448	0.628476	0.635239	1.424744
0.092904	0.627821	0.634658	1.423883
0.095968	0.632408	0.639649	1.420195
0.101904	0.645501	0.653495	1.414220
0.100585	0.661071	0.668680	1.419800
0.086939	0.668560	0.674189	1.441483
0.070278	0.677216	0.680853	1.467391
0.088175	0.667821	0.673617	1.439521
0.077608	0.668282	0.672773	1.455184
0.052644	0.679011	0.681049	1.493421
0.078560	0.667800	0.672405	1.453695
0.085239	0.669190	0.674597	1.444102
0.099258	0.660658	0.668073	1.421670
0.091349	0.658693	0.664997	1.432994
0.074167	0.668435	0.672537	1.460292
0.058703	0.674748	0.677296	1.484014
0.041173	0.680225	0.681470	1.510342
0.058764	0.674728	0.677282	1.483923
0.074261	0.668381	0.672493	1.460144
0.091356	0.658635	0.664941	1.432971
0.099050	0.660092	0.667482	1.421853
0.083406	0.670308	0.675478	1.447003
0.066313	0.673555	0.676812	1.472660
0.080996	0.667197	0.672096	1.449991
0.101186	0.663657	0.671326	1.419495
0.101681	0.647699	0.655632	1.415080
0.099466	0.661768	0.669202	1.421610
0.072771	0.674544	0.678458	1.463330
0.091254	0.666061	0.672283	1.434638
0.078399	0.667828	0.672414	1.453937
0.056599	0.677673	0.680032	1.487470
0.071931	0.670928	0.674773	1.463994
0.086615	0.664439	0.670061	1.441169
0.092461	0.669285	0.675642	1.433516
0.091990	0.659887	0.666268	1.432286
0.071854	0.669950	0.673792	1.463953
0.056266	0.675955	0.678293	1.487748
0.038066	0.681088	0.682151	1.514964
0.060839	0.674572	0.677310	1.480850
0.079845	0.665628	0.670400	1.451412
0.095558	0.659988	0.666870	1.427008
0.086035	0.670484	0.675981	1.443176
0.065350	0.676009	0.679160	1.474426
0.079803	0.670475	0.675208	1.452329
0.093930	0.665445	0.672042	1.430569
0.100676	0.656171	0.663850	1.418555
0.098415	0.641065	0.648575	1.418467
0.095898	0.638452	0.645614	1.421707
0.095498	0.640151	0.647235	1.422708
0.095954	0.644200	0.651307	1.422933
0.094527	0.652953	0.659760	1.427026
0.090122	0.656447	0.662604	1.434362
0.082392	0.662577	0.667680	1.447081
0.062509	0.673893	0.676786	1.478303
0.034449	0.679315	0.680188	1.520129
0.009291	0.681117	0.681181	1.557157
0.033606	0.679395	0.680226	1.521372
0.060851	0.674512	0.677251	1.480825
0.080510	0.663873	0.668737	1.450112
0.089242	0.657504	0.663533	1.435892
0.094218	0.653738	0.660493	1.427659
0.096019	0.644523	0.651636	1.422907
0.095746	0.640607	0.647723	1.422433
0.097080	0.640338	0.647655	1.420334
0.097042	0.654648	0.661801	1.423632
0.085609	0.674569	0.679980	1.444562
0.090754	0.667439	0.673580	1.435652
0.080930	0.666197	0.671095	1.449908
0.064131	0.674245	0.677288	1.475966
0.045738	0.680914	0.682449	1.503725
0.067800	0.672784	0.676192	1.470360
0.087255	0.663922	0.669631	1.440122
0.084398	0.670413	0.675705	1.445565
0.057463	0.679098	0.681525	1.486380
0.072986	0.673683	0.677625	1.462878
0.087319	0.669582	0.675252	1.441119
0.102566	0.665437	0.673295	1.417866
0.097884	0.647577	0.654933	1.420778
0.095037	0.650858	0.657760	1.425803
0.085774	0.661628	0.667165	1.441874
0.059955	0.674452	0.677112	1.482136
0.043047	0.677983	0.679348	1.507389
0.024758	0.680641	0.681091	1.534437
-0.002478	0.681068	0.681073	1.574434
-0.020703	0.680487	0.680801	1.601211
-0.038021	0.677996	0.679061	1.626815
-0.051133	0.667979	0.669934	1.647197
-0.040055	0.677233	0.678416	1.629873
-0.022946	0.680320	0.680707	1.604511
-0.004474	0.681030	0.681045	1.577366
0.019445	0.680886	0.681164	1.542246
0.044325	0.677963	0.679410	1.505510
0.066308	0.672212	0.675474	1.472473
0.086522	0.660140	0.665786	1.440473
0.092910	0.655887	0.662435	1.430078
0.097441	0.648790	0.656067	1.421721
0.099531	0.646417	0.654034	1.418023
0.099451	0.664281	0.671685	1.422188
0.083808	0.669128	0.674356	1.446196
0.063043	0.678737	0.681658	1.478179
0.085417	0.671277	0.676690	1.444230
0.087512	0.661275	0.667041	1.439222
0.099275	0.659715	0.667143	1.421435
0.090871	0.672124	0.678239	1.436411
0.079356	0.668903	0.673594	1.452713
0.097787	0.664054	0.671215	1.424590
0.080775	0.675594	0.680406	1.451800
0.096672	0.660824	0.667857	1.425537
0.101793	0.647571	0.655523	1.414880
0.096664	0.633088	0.640426	1.419280
0.093158	0.627333	0.634212	1.423375
0.092780	0.628206	0.635020	1.424165
0.093159	0.630677	0.637520	1.424144
0.093906	0.634099	0.641015	1.423772
0.094921	0.638650	0.645665	1.423249
0.096057	0.644950	0.652064	1.422946
0.093248	0.644459	0.651170	1.427102
0.089806	0.658863	0.664956	1.435326
0.075759	0.666858	0.671147	1.457675
0.049201	0.676916	0.678702	1.498240
0.030659	0.679097	0.679789	1.525681
0.012776	0.680364	0.680484	1.552021
0.001615	0.680215	0.680217	1.568423
-0.020006	0.679849	0.680143	1.600214
-0.039985	0.676391	0.677572	1.629843
-0.046952	0.667677	0.669326	1.641002
-0.031440	0.669782	0.670519	1.617703
-0.023522	0.673352	0.673762	1.605716
-0.019343	0.676311	0.676588	1.599390
-0.021623	0.677909	0.678254	1.602682
-0.033261	0.677628	0.678444	1.619841
-0.045002	0.671931	0.673437	1.637671
-0.027599	0.672230	0.672796	1.611830
-0.044495	0.668058	0.669538	1.637301
-0.045780	0.668413	0.669979	1.639181
-0.032411	0.678464	0.679238	1.618531
-0.003625	0.679354	0.679364	1.576132
0.015716	0.678583	0.678765	1.547640
0.010878	0.678436	0.678523	1.554764
0.003294	0.678182	0.678190	1.565939
-0.016459	0.674885	0.675086	1.595180
-0.032361	0.666905	0.667690	1.619282
-0.053611	0.652191	0.654391	1.652813
-0.065345	0.640967	0.644289	1.672392
-0.076298	0.630181	0.634783	1.691283
-0.095303	0.613092	0.620455	1.725009
-0.114252	0.596542	0.607385	1.760028
-0.131747	0.583347	0.598039	1.792916
-0.148917	0.570627	0.589738	1.826073
-0.133053	0.582471	0.597474	1.795371
-0.116297	0.594905	0.606166	1.763850
-0.099311	0.609647	0.617683	1.732277
-0.085399	0.622267	0.628100	1.707183
-0.073830	0.633325	0.637614	1.686847
-0.059564	0.646343	0.649081	1.662692
-0.042103	0.661722	0.663060	1.634337
-0.019209	0.672825	0.673099	1.599338
-0.002747	0.676878	0.676884	1.574855
0.009665	0.677884	0.677953	1.556540
0.015490	0.678328	0.678505	1.547964
-0.001801	0.679161	0.679163	1.573449
-0.024702	0.679234	0.679683	1.607148
-0.041979	0.671781	0.673091	1.633204
-0.030767	0.673541	0.674244	1.616444
-0.043546	0.667682	0.669100	1.635924
-0.043743	0.668061	0.669491	1.636181
-0.045417	0.669183	0.670723	1.638561
-0.036641	0.669155	0.670157	1.625499
-0.032208	0.677872	0.678637	1.618274
-0.019637	0.677192	0.677476	1.599786
-0.023413	0.673218	0.673625	1.605560
-0.038263	0.667069	0.668166	1.628093
-0.045829	0.666955	0.668528	1.639402
-0.045228	0.673253	0.674771	1.637874
-0.027883	0.679390	0.679962	1.611814
-0.002018	0.680121	0.680124	1.573764
0.017648	0.680171	0.680400	1.544856
0.034557	0.678599	0.679479	1.519916
0.051652	0.676331	0.678300	1.494574
0.070169	0.669276	0.672945	1.466335
0.085188	0.662062	0.667520	1.442829
0.092930	0.647804	0.654436	1.428314
0.095757	0.647330	0.654374	1.423936
0.095227	0.640574	0.647613	1.423219
0.094309	0.635821	0.642778	1.423543
0.093715	0.632384	0.639290	1.423674
0.093705	0.630359	0.637286	1.423223
0.095609	0.632245	0.639433	1.420712
0.092484	0.624182	0.630997	1.423698
0.096694	0.632187	0.639539	1.419021
0.102851	0.650906	0.658982	1.414080
0.087512	0.672597	0.678266	1.441412
0.068392	0.673904	0.677366	1.469656
0.087639	0.672798	0.678482	1.441265
0.093595	0.663735	0.670302	1.430707
0.100662	0.651583	0.659312	1.417519
0.081400	0.667798	0.672741	1.449502
0.064631	0.675068	0.678155	1.475348
0.046449	0.680974	0.682557	1.502692
0.071315	0.671707	0.675482	1.465023
0.089594	0.665536	0.671540	1.436981
0.077840	0.674395	0.678873	1.455883
0.096801	0.659200	0.666269	1.424992
0.100672	0.646266	0.654060	1.416263
0.097993	0.643932	0.651345	1.419777
0.096016	0.644801	0.651911	1.422975
0.094610	0.651510	0.658344	1.426589
0.077866	0.666325	0.670860	1.454464
0.051708	0.676551	0.678524	1.494516
0.035965	0.678846	0.679798	1.517867
0.020181	0.680672	0.680971	1.541156
0.005311	0.680805	0.680825	1.562996
-0.011027	0.680597	0.680687	1.586997
-0.028903	0.679216	0.679831	1.613324
-0.044418	0.674622	0.676082	1.636543
-0.049306	0.667395	0.669214	1.644540
-0.048113	0.663085	0.664828	1.643229
-0.046695	0.666313	0.667947	1.640761
-0.046300	0.673401	0.674991	1.639444
-0.028162	0.679943	0.680526	1.612191
-0.001750	0.680808	0.680810	1.573367
0.021674	0.680506	0.680851	1.538957
0.040401	0.678892	0.680093	1.511357
0.057730	0.676274	0.678733	1.485637
0.078575	0.665595	0.670217	1.453287
0.089034	0.658654	0.664644	1.436435
0.093252	0.652790	0.659417	1.428905
0.094649	0.647853	0.654730	1.425726
0.094868	0.644220	0.651168	1.424586
0.094629	0.641359	0.648302	1.424308
0.095012	0.639661	0.646679	1.423340
0.098724	0.643260	0.650792	1.418511
0.098532	0.656011	0.663370	1.421713
0.073833	0.672726	0.676766	1.461483
0.090174	0.669984	0.676026	1.437009
0.093857	0.660180	0.666818	1.429574
0.079655	0.665745	0.670494	1.451714
0.064149	0.673163	0.676212	1.475789
0.047441	0.679667	0.681321	1.501109
0.073587	0.669907	0.673937	1.461388
0.089951	0.665446	0.671498	1.436437
0.075023	0.668977	0.673170	1.459116
0.055226	0.677218	0.679466	1.489428
0.029121	0.682419	0.683040	1.528149
0.051383	0.677820	0.679764	1.495135
0.069064	0.671586	0.675128	1.468319
0.093754	0.660371	0.666993	1.429767
0.086467	0.669899	0.675456	1.442431
0.065547	0.677568	0.680731	1.474357
0.080891	0.670337	0.675200	1.450704
0.095361	0.664447	0.671255	1.428250
0.099040	0.650653	0.658148	1.419740
0.096778	0.638164	0.645460	1.420293
0.096103	0.639763	0.646941	1.421694
0.093444	0.637670	0.644481	1.425292
0.096691	0.648304	0.655475	1.422743
0.093011	0.654953	0.661525	1.429727
0.076033	0.667192	0.671510	1.457326
0.057307	0.674793	0.677222	1.486074
0.030886	0.679722	0.680423	1.525389
0.009818	0.680559	0.680630	1.556370
-0.005410	0.680559	0.680580	1.578746
-0.021106	0.680204	0.680532	1.601815
-0.002352	0.680583	0.680587	1.574252
0.012967	0.680519	0.680643	1.551744
0.028104	0.679709	0.680290	1.529472
0.043214	0.678551	0.679925	1.507197
0.068031	0.670524	0.673966	1.469683
0.085618	0.661004	0.666526	1.441986
0.092868	0.652545	0.659120	1.429429
0.094923	0.646800	0.653729	1.425079
0.096924	0.644978	0.652220	1.421638
0.093114	0.636160	0.642938	1.425459
0.095715	0.638338	0.645474	1.421961
0.095939	0.636283	0.643475	1.421143
0.099133	0.640849	0.648471	1.417323
0.098518	0.655471	0.662833	1.421612
0.086642	0.674978	0.680516	1.443132
0.084046	0.671900	0.677136	1.446355
0.085878	0.663158	0.668695	1.442014
0.083477	0.667556	0.672755	1.446393
0.100614	0.665778	0.673338	1.420808
0.095524	0.654730	0.661661	1.425920
0.082020	0.664145	0.669190	1.447922
0.057212	0.675761	0.678179	1.486335
0.041190	0.679017	0.680265	1.510209
0.024616	0.681695	0.682139	1.534702
0.045497	0.678265	0.679790	1.503818
0.063644	0.673439	0.676440	1.476570
0.089734	0.659262	0.665341	1.435516
0.096991	0.653192	0.660353	1.423386
0.094342	0.670846	0.677447	1.431081
0.080202	0.667619	0.672419	1.451238
0.058033	0.677639	0.680119	1.485365
0.075254	0.670237	0.674448	1.458985
0.090207	0.665374	0.671461	1.436044
0.085499	0.672865	0.678275	1.444407
0.099925	0.647130	0.654799	1.417593
0.097108	0.645683	0.652944	1.421519
0.095104	0.652190	0.659088	1.425995
0.091431	0.655303	0.661651	1.432167
0.083867	0.661504	0.666800	1.444686
0.065735	0.672675	0.675879	1.473384
0.051076	0.676311	0.678237	1.495417
0.035211	0.679538	0.680450	1.519027
0.007190	0.681561	0.681599	1.560248
0.031110	0.679928	0.680639	1.525074
0.058023	0.675644	0.678131	1.485128
0.075823	0.666719	0.671016	1.457557
0.087331	0.659631	0.665387	1.439169
0.093567	0.655309	0.661955	1.428973
0.096853	0.646496	0.653711	1.422090
0.099146	0.646176	0.653738	1.418549
0.092627	0.670385	0.676754	1.433496
0.088268	0.665960	0.671784	1.439022
0.073446	0.671703	0.675707	1.461885
0.057708	0.678275	0.680726	1.485920
0.085384	0.671088	0.676498	1.444244
0.096913	0.658272	0.665368	1.424623
0.089404	0.659742	0.665773	1.436103
0.074236	0.668289	0.672399	1.460167
0.049138	0.678890	0.680666	1.498542
0.041649	0.680610	0.681883	1.509679
0.061008	0.674400	0.677153	1.480579
0.077822	0.666768	0.671294	1.454607
0.094039	0.659778	0.666446	1.429218
0.089335	0.670354	0.676281	1.438312
0.075716	0.670872	0.675132	1.458410
0.099324	0.656642	0.664112	1.420673
0.099300	0.643733	0.651346	1.417747
0.095360	0.639466	0.646537	1.422763
0.094892	0.641060	0.648045	1.423840
0.095054	0.644040	0.651017	1.424264
0.094632	0.648250	0.655121	1.425840
0.092033	0.655153	0.661585	1.431233
0.080782	0.664362	0.669255	1.449798
0.062832	0.672826	0.675754	1.477681
0.041186	0.679369	0.680616	1.510247
0.011373	0.680868	0.680963	1.554095
-0.003689	0.680804	0.680814	1.576215
-0.019008	0.680400	0.680665	1.598726
-0.039291	0.676492	0.677632	1.628812
-0.049509	0.669750	0.671577	1.644584
-0.048282	0.665027	0.666777	1.643271
-0.037228	0.667706	0.668743	1.626493
-0.049909	0.660592	0.662475	1.646205
-0.047667	0.663396	0.665106	1.642526
-0.047598	0.666177	0.667875	1.642125
-0.043903	0.675028	0.676454	1.635743
-0.028709	0.678808	0.679415	1.613064
-0.012784	0.680588	0.680708	1.589578
0.006608	0.680987	0.681019	1.561093
0.023692	0.680110	0.680522	1.535975
0.041047	0.678615	0.679855	1.510383
0.067438	0.671113	0.674493	1.470646
0.086438	0.661497	0.667121	1.440863
0.094039	0.647165	0.653962	1.426497
0.096546	0.646897	0.654062	1.422644
0.098417	0.644501	0.651972	1.419264
0.093217	0.670385	0.676835	1.432632
0.087578	0.666324	0.672054	1.440110
0.071202	0.672669	0.676427	1.465339
0.052797	0.680204	0.682250	1.493333
0.076306	0.669881	0.674213	1.457376
0.091612	0.666292	0.672560	1.434157
0.082169	0.665108	0.670164	1.447877
0.066691	0.672462	0.675761	1.471945
0.050298	0.679147	0.681007	1.496870
0.066518	0.672541	0.675822	1.472211
0.081861	0.665269	0.670287	1.448363
0.091320	0.666363	0.672591	1.434602
0.082225	0.675400	0.680387	1.449650
0.100380	0.665677	0.673203	1.421129
0.094888	0.655547	0.662379	1.427049
0.084962	0.662120	0.667549	1.443175
0.065051	0.672251	0.675391	1.474331
0.038855	0.679743	0.680852	1.513697
0.012328	0.681656	0.681768	1.552713
-0.014469	0.681784	0.681938	1.592016
0.005652	0.681790	0.681814	1.562506
0.021774	0.681251	0.681599	1.538845
0.045805	0.678292	0.679837	1.503369
0.065690	0.672972	0.676170	1.473493
0.086757	0.660441	0.666115	1.440183
0.092903	0.655168	0.661722	1.429935
0.095854	0.651616	0.658628	1.424742
0.100250	0.656479	0.664090	1.419259
0.085246	0.666249	0.671681	1.443538
0.093352	0.659224	0.665801	1.430122
0.081740	0.669932	0.674900	1.449384
0.061087	0.678865	0.681608	1.481053
0.075287	0.673317	0.677513	1.459444
0.089245	0.667638	0.673577	1.437912
0.102102	0.660479	0.668324	1.417422
0.100355	0.642289	0.650082	1.415803
0.094956	0.626800	0.633952	1.420446
0.094397	0.627104	0.634169	1.421390
0.091090	0.621699	0.628336	1.425314
0.090539	0.621635	0.628193	1.426167
0.089766	0.621371	0.627822	1.427324
0.095940	0.634187	0.641403	1.420654
0.091749	0.628111	0.634776	1.425751
0.090541	0.627569	0.634067	1.427513
0.096330	0.639235	0.646452	1.421226
0.094127	0.638350	0.645252	1.424398
0.093402	0.640119	0.646898	1.425905
0.093195	0.642887	0.649607	1.426835
0.092939	0.646252	0.652900	1.427963
0.091849	0.650401	0.656854	1.430505
0.087222	0.656602	0.662370	1.438731
0.070105	0.670591	0.674246	1.466632
0.050161	0.676623	0.678479	1.496797
0.024992	0.679585	0.680045	1.534038
0.002748	0.680159	0.680164	1.566757
-0.022762	0.679727	0.680108	1.604271
-0.044053	0.674178	0.675616	1.636047
-0.045108	0.666636	0.668160	1.638358
-0.030726	0.669603	0.670307	1.616651
-0.025105	0.677213	0.677678	1.607850
-0.024923	0.677922	0.678380	1.607544
-0.032325	0.677723	0.678493	1.618456
-0.042237	0.673962	0.675284	1.633384
-0.045644	0.669753	0.671307	1.638841
-0.032880	0.669603	0.670410	1.619861
-0.027633	0.671770	0.672339	1.611908
-0.037804	0.670116	0.671182	1.627151
-0.023604	0.674388	0.674801	1.605782
-0.031217	0.669832	0.670559	1.617366
-0.033119	0.675694	0.676506	1.619772
-0.039286	0.674804	0.675946	1.628949
-0.030796	0.676983	0.677683	1.616255
-0.025206	0.674919	0.675390	1.608126
-0.044069	0.667032	0.668486	1.636768
-0.039846	0.676193	0.677366	1.629655
-0.012088	0.679724	0.679831	1.588578
0.009881	0.679600	0.679671	1.556257
0.003573	0.679460	0.679469	1.565538
0.016157	0.678355	0.678547	1.546982
0.004928	0.677972	0.677990	1.563528
0.000413	0.676740	0.676740	1.570186
-0.017439	0.673990	0.674216	1.596664
-0.035442	0.665037	0.665981	1.624039
-0.053747	0.651017	0.653232	1.653168
-0.075049	0.630445	0.634896	1.689280
-0.092744	0.615582	0.622530	1.720333
-0.105586	0.604095	0.613253	1.743831
-0.122650	0.589696	0.602316	1.775861
-0.135033	0.580766	0.596257	1.799245
-0.147000	0.571585	0.590186	1.822520
-0.164730	0.557883	0.581695	1.857915
-0.177496	0.548929	0.576913	1.883534
-0.189743	0.539700	0.572083	1.908870
-0.207354	0.527097	0.566416	1.945591
-0.224083	0.514744	0.561404	1.981384
-0.205907	0.528290	0.566999	1.942445
-0.184923	0.542999	0.573624	1.899036
-0.169271	0.554595	0.579852	1.867031
-0.151610	0.566947	0.586868	1.832097
-0.136312	0.578612	0.594452	1.802161
-0.120005	0.590806	0.602870	1.771191
-0.102216	0.606253	0.614810	1.737828
-0.087060	0.620042	0.626124	1.710294
-0.073242	0.633217	0.637439	1.685952
-0.062220	0.644834	0.647829	1.666989
-0.050048	0.657800	0.659701	1.646733
-0.027519	0.669176	0.669741	1.611896
-0.012806	0.674629	0.674751	1.589776
-0.000912	0.676814	0.676815	1.572144
0.010336	0.677624	0.677702	1.555545
0.018789	0.677845	0.678105	1.543084
0.022797	0.678085	0.678468	1.537190
0.004095	0.679275	0.679288	1.564768
-0.013304	0.679431	0.679561	1.590375
-0.031203	0.678745	0.679462	1.616736
-0.041526	0.668641	0.669929	1.632822
-0.033593	0.668974	0.669817	1.620970
-0.023698	0.676961	0.677376	1.605789
-0.023162	0.674718	0.675115	1.605112
-0.023278	0.675248	0.675649	1.605257
-0.024015	0.675917	0.676344	1.606311
-0.035686	0.668887	0.669838	1.624097
-0.045317	0.669459	0.670991	1.638386
-0.041765	0.674252	0.675544	1.632659
-0.038134	0.675835	0.676910	1.627161
-0.019321	0.676430	0.676706	1.599351
-0.031757	0.669215	0.669968	1.618214
-0.044860	0.666611	0.668119	1.637990
-0.044474	0.673855	0.675321	1.636700
-0.023075	0.679685	0.680077	1.604733
0.003036	0.680109	0.680115	1.566332
0.016424	0.680052	0.680250	1.546651
0.034399	0.678549	0.679420	1.520145
0.053040	0.676063	0.678140	1.492503
0.077948	0.665560	0.670109	1.454211
0.090043	0.658617	0.664743	1.434924
0.093074	0.643712	0.650406	1.427202
0.096304	0.644761	0.651914	1.422529
0.092298	0.635636	0.642302	1.426598
0.095713	0.638816	0.645946	1.422074
0.095906	0.635922	0.643113	1.421111
0.088673	0.622326	0.628612	1.429263
0.090223	0.623372	0.629868	1.427060
0.090950	0.623536	0.630134	1.425956
0.094208	0.628360	0.635383	1.421978
0.093154	0.624350	0.631261	1.422688
0.093034	0.622817	0.629727	1.422516
0.094312	0.624577	0.631658	1.420928
0.100191	0.641340	0.649118	1.415827
0.101215	0.666559	0.674199	1.420101
0.087829	0.668962	0.674703	1.440251
0.075372	0.670628	0.674850	1.458875
0.052350	0.680131	0.682143	1.493978
0.070080	0.673146	0.676784	1.467062
0.086240	0.666794	0.672348	1.442175
0.086442	0.662135	0.667754	1.440980
0.091704	0.664755	0.671051	1.433711
0.101388	0.656634	0.664415	1.417601
0.096506	0.648634	0.655774	1.423097
0.094596	0.651564	0.658395	1.426621
0.091381	0.656686	0.663013	1.432529
0.083885	0.662561	0.667850	1.444859
0.058304	0.676098	0.678607	1.484773
0.033966	0.680005	0.680853	1.520888
0.010389	0.681536	0.681615	1.555555
-0.006094	0.681460	0.681487	1.579738
-0.022350	0.680660	0.681027	1.603621
-0.038300	0.678581	0.679661	1.627178
-0.013666	0.681279	0.681416	1.590853
0.005531	0.681558	0.681580	1.562681
0.022025	0.680911	0.681268	1.538462
0.038696	0.679744	0.680845	1.513930
0.066654	0.671548	0.674847	1.471866
0.086442	0.660916	0.666545	1.440743
0.094112	0.652979	0.659726	1.427655
0.097880	0.650730	0.658050	1.421499
0.095669	0.663639	0.670499	1.427625
0.080890	0.668946	0.673819	1.450459
0.064238	0.677038	0.680078	1.476199
0.088656	0.669968	0.675809	1.439232
0.094956	0.659096	0.665901	1.427710
0.085590	0.662279	0.667786	1.442273
0.070615	0.670142	0.673852	1.465810
0.052894	0.678194	0.680254	1.492962
0.051499	0.678750	0.680701	1.495069
0.069816	0.670728	0.674352	1.467080
0.085608	0.662651	0.668158	1.442318
0.095982	0.660600	0.667537	1.426511
0.086545	0.670878	0.676437	1.442502
0.068977	0.674744	0.678261	1.468923
0.092688	0.664460	0.670894	1.432197
0.099955	0.656600	0.664164	1.419725
0.098610	0.642197	0.649723	1.418435
0.095576	0.639776	0.646875	1.422503
0.095865	0.643638	0.650738	1.422941
0.094774	0.652102	0.658953	1.426471
0.090801	0.655192	0.661454	1.433087
0.083631	0.661351	0.666618	1.445010
0.064812	0.672895	0.676009	1.474775
0.036841	0.678897	0.679896	1.516584
0.011331	0.680851	0.680946	1.554156
-0.001172	0.680626	0.680627	1.572519
-0.017221	0.680179	0.680397	1.596109
-0.033168	0.678989	0.679799	1.619607
-0.048679	0.670694	0.672458	1.643250
-0.041897	0.668771	0.670082	1.633362
-0.044590	0.664700	0.666194	1.637780
-0.043178	0.664067	0.665470	1.635726
-0.047116	0.661273	0.662949	1.641927
-0.035890	0.667121	0.668085	1.624543
-0.044942	0.664366	0.665885	1.638340
-0.047726	0.666100	0.667808	1.642323
-0.047371	0.671261	0.672931	1.641250
-0.026622	0.679941	0.680462	1.609930
0.000394	0.680647	0.680648	1.570218
0.014682	0.680686	0.680845	1.549231
0.030462	0.679594	0.680276	1.526002
0.046247	0.678060	0.679635	1.502696
0.065822	0.671651	0.674868	1.473107
0.082712	0.663929	0.669061	1.446856
0.093200	0.649760	0.656411	1.428331
0.094720	0.646400	0.653303	1.425297
0.095017	0.643694	0.650669	1.424242
0.094835	0.641280	0.648254	1.423977
0.094634	0.639069	0.646038	1.423784
0.094571	0.637231	0.644210	1.423462
0.095107	0.636487	0.643553	1.422469
0.099397	0.642475	0.650118	1.417303
0.102718	0.661006	0.668939	1.416633
0.090138	0.662619	0.668722	1.435593
0.079001	0.671249	0.675882	1.453643
0.100269	0.660487	0.668055	1.420136
0.093092	0.657272	0.663832	1.430098
0.074909	0.668096	0.672282	1.459140
0.056744	0.675684	0.678062	1.487012
0.032958	0.681194	0.681990	1.522451
0.045600	0.679289	0.680818	1.503767
0.064200	0.672558	0.675615	1.475629
0.080794	0.664556	0.669449	1.449815
0.092020	0.656592	0.663009	1.431555
0.095802	0.651459	0.658466	1.424786
0.099278	0.652393	0.659904	1.419779
0.093284	0.663635	0.670159	1.431147
0.071749	0.675803	0.679601	1.465025
0.086699	0.670429	0.676011	1.442192
0.062092	0.678885	0.681719	1.479588
0.083594	0.668502	0.673709	1.446396
0.098999	0.663174	0.670523	1.422610
0.097873	0.645972	0.653344	1.420427
0.095108	0.645050	0.652024	1.424408
0.094325	0.647942	0.654772	1.426236
0.092809	0.652282	0.658851	1.429462
0.088290	0.658154	0.664049	1.437445
0.067547	0.672038	0.675424	1.470622
0.041753	0.678731	0.680014	1.509357
0.015334	0.680910	0.681083	1.548281
0.000125	0.681022	0.681022	1.570613
-0.029171	0.680181	0.680806	1.613657
-0.010533	0.680946	0.681027	1.586264
0.006258	0.681145	0.681174	1.561608
0.029901	0.680376	0.681033	1.526877
0.055899	0.675445	0.677754	1.488226
0.074642	0.668005	0.672162	1.459519
0.092831	0.655608	0.662148	1.430137
0.097650	0.650970	0.658253	1.421899
0.081869	0.666987	0.671992	1.448663
0.067322	0.678869	0.682199	1.471951
0.091035	0.665885	0.672079	1.434926
0.099281	0.653916	0.661410	1.420122
0.096198	0.638948	0.646149	1.421361
0.095192	0.639274	0.646323	1.422977
0.095138	0.641499	0.648516	1.423564
0.095303	0.644788	0.651793	1.424053
0.094496	0.649859	0.656694	1.426398
0.089307	0.658634	0.664661	1.436024
0.068478	0.670876	0.674362	1.469077
0.052695	0.675984	0.678035	1.493001
0.033282	0.680189	0.681003	1.521905
0.004843	0.680874	0.680891	1.563683
-0.017358	0.680393	0.680614	1.596302
-0.043967	0.674906	0.676336	1.635850
-0.045609	0.669294	0.670846	1.638836
-0.046933	0.664844	0.666498	1.641272
-0.045520	0.663508	0.665067	1.639294
-0.023867	0.673693	0.674116	1.606209
-0.037023	0.666682	0.667709	1.626272
-0.050940	0.659177	0.661142	1.647921
-0.045244	0.663257	0.664799	1.638906
-0.045960	0.664435	0.666022	1.639858
-0.048403	0.671355	0.673098	1.642769
-0.029397	0.679755	0.680390	1.614015
0.000464	0.680766	0.680766	1.570114
0.017355	0.680883	0.681104	1.545313
0.041689	0.678292	0.679572	1.509412
0.064573	0.672903	0.675995	1.475127
0.086742	0.659759	0.665437	1.440071
0.092709	0.655656	0.662178	1.430329
0.095614	0.646000	0.653038	1.423853
0.095272	0.641340	0.648378	1.423323
0.095641	0.639203	0.646319	1.422273
0.100167	0.644760	0.652494	1.416673
0.101096	0.664670	0.672314	1.419853
0.088762	0.666874	0.672755	1.438472
0.063772	0.676788	0.679786	1.476847
0.088677	0.667308	0.673174	1.438682
0.100738	0.665753	0.673332	1.420621
0.096546	0.667604	0.674549	1.427176
0.090552	0.660547	0.666724	1.434559
0.077447	0.667256	0.671735	1.455245
0.063578	0.674047	0.677039	1.476751
0.046264	0.679009	0.680583	1.502767
0.026494	0.682887	0.683400	1.532019
0.042355	0.679922	0.681240	1.508582
0.057756	0.676513	0.678974	1.485630
0.083819	0.664215	0.669482	1.445267
0.088956	0.667568	0.673469	1.438323
0.075012	0.673246	0.677412	1.459836
0.060832	0.678768	0.681489	1.481414
0.088481	0.668010	0.673845	1.439109
0.102679	0.662495	0.670405	1.417031
0.101230	0.643245	0.651162	1.414703
0.094271	0.623854	0.630936	1.420820
0.092918	0.621771	0.628676	1.422454
0.092746	0.622508	0.629379	1.422896
0.093390	0.625265	0.632201	1.422531
0.090443	0.620758	0.627312	1.426117
0.094715	0.630297	0.637373	1.421641
0.092308	0.627332	0.634086	1.424701
0.091603	0.627670	0.634319	1.425878
0.091373	0.628857	0.635461	1.426505
0.091325	0.630338	0.636919	1.426915
0.091412	0.631974	0.638551	1.427148
0.091237	0.633380	0.639917	1.427732
0.097149	0.646084	0.653347	1.421548
0.094821	0.648317	0.655214	1.425569
0.091849	0.654231	0.660647	1.431316
0.083946	0.661847	0.667150	1.444634
0.068782	0.669767	0.673290	1.468460
0.049629	0.677090	0.678906	1.497630
0.027933	0.679306	0.679880	1.529700
0.009255	0.680114	0.680177	1.557188
-0.008506	0.680057	0.680110	1.583303
-0.031373	0.678983	0.679707	1.616970
-0.044211	0.671735	0.673189	1.636518
-0.043806	0.667067	0.668504	1.636371
-0.036344	0.667825	0.668813	1.625164
-0.023783	0.673122	0.673542	1.606114
-0.019412	0.676548	0.676826	1.599481
-0.041053	0.673948	0.675197	1.631635
-0.041146	0.674459	0.675713	1.631726
-0.045158	0.669846	0.671367	1.638110
-0.026026	0.673504	0.674007	1.609420
-0.024929	0.674045	0.674506	1.607763
-0.024617	0.676482	0.676930	1.607170
-0.034097	0.670801	0.671667	1.621583
-0.037315	0.675566	0.676596	1.625975
-0.037003	0.675796	0.676808	1.625496
-0.029655	0.677623	0.678272	1.614531
-0.033130	0.671976	0.672793	1.620059
-0.027534	0.675885	0.676446	1.611512
-0.032326	0.672019	0.672796	1.618862
-0.021983	0.676583	0.676940	1.603276
-0.034791	0.670736	0.671638	1.622619
-0.027888	0.672919	0.673497	1.612216
-0.027035	0.676024	0.676564	1.610767
-0.039769	0.668890	0.670071	1.630181
-0.041384	0.669955	0.671232	1.632490
-0.037959	0.674409	0.675476	1.627021
-0.023156	0.674023	0.674420	1.605138
-0.037402	0.667775	0.668822	1.626748
-0.047023	0.668564	0.670215	1.641016
-0.034722	0.678081	0.678969	1.621958
-0.014076	0.679764	0.679910	1.591501
0.005175	0.679842	0.679861	1.563185
0.021819	0.678975	0.679326	1.538672
0.038738	0.677466	0.678572	1.513678
0.028473	0.678367	0.678965	1.528848
0.041657	0.676409	0.677691	1.509289
0.024405	0.678167	0.678606	1.534825
0.007493	0.679216	0.679257	1.559764
0.009537	0.678304	0.678371	1.556738
0.011008	0.677291	0.677380	1.554545
-0.015347	0.674844	0.675019	1.593534
-0.040184	0.663078	0.664295	1.631325
-0.060607	0.643080	0.645929	1.664764
-0.081390	0.623240	0.628532	1.700653
-0.102376	0.605351	0.613947	1.738330
-0.116548	0.592618	0.603970	1.764985
-0.129869	0.583047	0.597336	1.789960
-0.142175	0.573364	0.590728	1.813860
-0.161801	0.558549	0.581512	1.852760
-0.175098	0.549276	0.576510	1.879391
-0.187689	0.539779	0.571479	1.905433
-0.201409	0.530118	0.567090	1.933884
-0.214799	0.520349	0.562941	1.962287
-0.227142	0.511377	0.559553	1.988797
-0.239133	0.502133	0.556167	2.015250
-0.252446	0.492130	0.553101	2.044762
-0.265211	0.481997	0.550144	2.073819
-0.286581	0.464026	0.545389	2.124055
-0.302221	0.450506	0.542488	2.161689
-0.316276	0.437394	0.539763	2.196852
-0.330800	0.423826	0.537640	2.233539
-0.344190	0.410460	0.535672	2.268603
-0.355974	0.398255	0.534158	2.300195
-0.367056	0.386020	0.532674	2.331019
-0.351616	0.402818	0.534693	2.288431
-0.334151	0.420411	0.537031	2.242371
-0.322713	0.431635	0.538936	2.212793
-0.310633	0.442753	0.540855	2.182592
-0.296996	0.454963	0.543321	2.149132
-0.282386	0.467239	0.545944	2.114424
-0.270131	0.477573	0.548677	2.085563
-0.257328	0.487726	0.551448	2.056285
-0.243068	0.498855	0.554922	2.024193
-0.228020	0.510007	0.558659	1.991229
-0.214886	0.519973	0.562626	1.962685
-0.201299	0.529807	0.566760	1.933897
-0.184746	0.542029	0.572649	1.899289
-0.166668	0.554501	0.579008	1.862778
-0.143748	0.571657	0.589453	1.817148
-0.125839	0.585484	0.598854	1.782508
-0.114159	0.595159	0.606009	1.760306
-0.102092	0.604760	0.613317	1.738034
-0.087217	0.618362	0.624482	1.710917
-0.073668	0.631101	0.635386	1.686999
-0.062815	0.641983	0.645049	1.668331
-0.051236	0.653239	0.655245	1.649070
-0.038484	0.661753	0.662871	1.628886
-0.025089	0.669834	0.670304	1.608235
-0.007792	0.675244	0.675289	1.582335
0.007218	0.676981	0.677020	1.560135
0.017312	0.677532	0.677754	1.545250
0.009635	0.678862	0.678931	1.556604
0.025389	0.677683	0.678158	1.533349
0.041140	0.676037	0.677288	1.510016
0.029839	0.677989	0.678645	1.526814
0.043150	0.676609	0.677983	1.507108
0.027914	0.678321	0.678895	1.529668
0.012630	0.679649	0.679766	1.552215
-0.010619	0.679816	0.679899	1.586415
-0.030262	0.678468	0.679143	1.615371
-0.045256	0.673008	0.674528	1.637940
-0.037570	0.667693	0.668749	1.627006
-0.022080	0.675765	0.676125	1.603459
-0.028364	0.677827	0.678421	1.612618
-0.022219	0.676823	0.677187	1.603613
-0.030850	0.673225	0.673931	1.616589
-0.029804	0.676433	0.677090	1.614829
-0.040295	0.672935	0.674140	1.630604
-0.033994	0.675369	0.676224	1.621088
-0.029353	0.673576	0.674216	1.614347
-0.043891	0.671744	0.673176	1.636042
-0.038860	0.675000	0.676118	1.628303
-0.027121	0.677355	0.677897	1.610815
-0.026788	0.674981	0.675512	1.610463
-0.039319	0.667141	0.668299	1.629664
-0.047355	0.668922	0.670596	1.641472
-0.033686	0.678365	0.679201	1.620413
-0.013824	0.679776	0.679917	1.591130
0.004850	0.679854	0.679872	1.563662
0.027588	0.678755	0.679316	1.530174
0.050237	0.675492	0.677357	1.496561
0.027550	0.678389	0.678948	1.530207
0.007768	0.679580	0.679624	1.559366
0.009512	0.679011	0.679077	1.556788
0.020176	0.677575	0.677876	1.541029
0.011521	0.677229	0.677327	1.553786
-0.001993	0.676180	0.676183	1.573744
-0.016854	0.672956	0.673167	1.595836
-0.033897	0.665383	0.666246	1.621696
-0.050789	0.654551	0.656519	1.648235
-0.064219	0.640889	0.644099	1.670666
-0.075840	0.629281	0.633834	1.690737
-0.089776	0.616247	0.622752	1.715460
-0.104981	0.602314	0.611394	1.743358
-0.125553	0.585625	0.598933	1.781991
-0.142793	0.572264	0.589811	1.815326
-0.163759	0.557173	0.580740	1.856657
-0.184229	0.542574	0.572999	1.898128
-0.198003	0.532703	0.568311	1.926667
-0.211246	0.522735	0.563805	1.954847
-0.188743	0.539240	0.571318	1.907486
-0.164535	0.556287	0.580109	1.858371
-0.152104	0.565818	0.585906	1.833409
-0.139372	0.575163	0.591808	1.808531
-0.118431	0.591684	0.603420	1.768345
-0.100965	0.607393	0.615727	1.735516
-0.084546	0.622599	0.628314	1.705766
-0.066596	0.639335	0.642794	1.674587
-0.050064	0.655827	0.657735	1.646985
-0.025880	0.670702	0.671201	1.609364
-0.006472	0.677208	0.677239	1.580353
0.001750	0.678084	0.678086	1.568216
0.010518	0.678349	0.678431	1.555292
0.019861	0.678172	0.678463	1.541518
0.028665	0.677727	0.678333	1.528526
0.037685	0.676951	0.677999	1.515185
0.047166	0.675752	0.677396	1.501112
0.048481	0.675796	0.677533	1.499180
0.030772	0.678074	0.678771	1.525446
0.013424	0.679537	0.679669	1.551044
-0.007539	0.679806	0.679848	1.581885
-0.025543	0.678915	0.679395	1.608402
-0.041874	0.675224	0.676521	1.632733
-0.040656	0.666999	0.668237	1.631675
-0.047321	0.670550	0.672217	1.641249
-0.027734	0.679369	0.679935	1.611597
-0.010912	0.679838	0.679925	1.586846
0.005288	0.679874	0.679894	1.563019
0.023102	0.679274	0.679667	1.536799
0.006793	0.679838	0.679872	1.560804
-0.009952	0.679856	0.679929	1.585434
-0.028029	0.679370	0.679948	1.612030
-0.046027	0.669259	0.670840	1.639461
-0.040391	0.667267	0.668489	1.631255
-0.027867	0.671153	0.671731	1.612294
-0.021003	0.675789	0.676116	1.601865
-0.038434	0.673691	0.674787	1.627785
-0.043282	0.670435	0.671831	1.635265
-0.035769	0.669629	0.670584	1.624161
-0.028468	0.672162	0.672765	1.613123
-0.031400	0.672080	0.672813	1.617483
-0.041187	0.674113	0.675370	1.631818
-0.024347	0.677637	0.678074	1.606710
-0.023288	0.673715	0.674117	1.605349
-0.041260	0.666757	0.668032	1.632599
-0.045903	0.672541	0.674105	1.638944
-0.019948	0.679685	0.679977	1.600136
0.007335	0.679910	0.679950	1.560009
0.025880	0.679003	0.679496	1.532700
0.046443	0.676834	0.678425	1.502286
0.060377	0.673700	0.676400	1.481416
0.047768	0.676337	0.678022	1.500287
0.029779	0.678506	0.679159	1.526936
0.050160	0.675414	0.677274	1.496667
0.026743	0.678394	0.678921	1.531396
0.006738	0.679548	0.679582	1.560881
0.005763	0.678945	0.678970	1.562308
0.010594	0.677722	0.677804	1.555165
-0.006002	0.676280	0.676306	1.579671
-0.034045	0.666450	0.667319	1.621835
-0.049972	0.653694	0.655601	1.647094
-0.063060	0.640308	0.643406	1.668963
-0.077540	0.627648	0.632419	1.693715
-0.089314	0.616830	0.623262	1.714593
-0.103046	0.604137	0.612862	1.739738
-0.122003	0.588454	0.600968	1.775229
-0.138758	0.575429	0.591923	1.807417
-0.156419	0.562702	0.584038	1.841929
-0.172743	0.550679	0.577137	1.874766
-0.195562	0.533789	0.568486	1.921976
-0.211048	0.522614	0.563619	1.954602
-0.225423	0.511584	0.559047	1.985836
-0.245432	0.496480	0.553831	2.029909
-0.263443	0.482044	0.549335	2.070959
-0.282344	0.466830	0.545572	2.114746
-0.299158	0.452290	0.542275	2.155166
-0.315225	0.438019	0.539655	2.194596
-0.329569	0.424271	0.537235	2.231223
-0.346325	0.407730	0.534962	2.274940
-0.361262	0.391825	0.532952	2.315633
-0.373749	0.377852	0.531470	2.350735
-0.385279	0.364039	0.530061	2.384533
-0.397578	0.349073	0.529075	2.421066
-0.408855	0.334324	0.528143	2.456147
-0.417943	0.321730	0.527434	2.485543
-0.426590	0.308951	0.526716	2.514787
-0.414976	0.325827	0.527606	2.475961
-0.401773	0.343460	0.528570	2.434283
-0.386927	0.362120	0.529947	2.389301
-0.369974	0.381720	0.531593	2.340570
-0.352439	0.401032	0.533892	2.291791
-0.342011	0.411794	0.535300	2.263883
-0.331255	0.422286	0.536708	2.235973
-0.318254	0.435037	0.539020	2.202388
-0.304226	0.447940	0.541482	2.167403
-0.284948	0.464822	0.545211	2.120739
-0.263254	0.482549	0.549687	2.070215
-0.285761	0.464092	0.545015	2.122710
-0.305778	0.446470	0.541143	2.171302
-0.319366	0.433899	0.538761	2.205301
-0.331911	0.421464	0.536467	2.237882
-0.350705	0.402629	0.533951	2.287378
-0.366760	0.385091	0.531797	2.331817
-0.380904	0.368851	0.530225	2.372269
-0.393452	0.353267	0.528774	2.409958
-0.405731	0.337624	0.527833	2.447560
-0.416901	0.322291	0.526951	2.483494
-0.425595	0.309551	0.526263	2.512754
-0.433827	0.296667	0.525563	2.541797
-0.442631	0.282727	0.525220	2.573173
-0.450820	0.268761	0.524853	2.604001
-0.463976	0.244082	0.524261	2.657309
-0.453341	0.263976	0.524596	2.614296
-0.440717	0.285218	0.524958	2.567210
-0.451369	0.267281	0.524569	2.606961
-0.460737	0.249978	0.524183	2.644479
-0.468061	0.235345	0.523897	2.675701
-0.474715	0.220827	0.523563	2.706189
-0.484186	0.199333	0.523612	2.751052
-0.491895	0.179363	0.523576	2.791938
-0.498140	0.161559	0.523684	2.827971
-0.503354	0.144519	0.523689	2.862001
-0.498733	0.159322	0.523563	2.832387
-0.493627	0.174056	0.523415	2.802598
-0.487340	0.190622	0.523295	2.768742
-0.480173	0.207566	0.523116	2.733579
-0.487373	0.190153	0.523154	2.769597
-0.493533	0.173400	0.523108	2.803720
-0.498372	0.158904	0.523092	2.832938
-0.502755	0.144321	0.523059	2.862049
-0.508713	0.123193	0.523417	2.904001
-0.513422	0.103186	0.523688	2.943258
-0.516870	0.085884	0.523956	2.976936
-0.519576	0.069050	0.524144	3.009470
-0.514696	0.094612	0.523320	2.959801
-0.519020	0.070327	0.523763	3.006913
-0.521870	0.048093	0.524082	3.049698
-0.524402	0.021112	0.524827	3.101356
-0.525410	-0.003326	0.525420	3.147922
-0.524859	-0.011105	0.524976	3.162747
-0.524563	-0.033227	0.525615	3.204851
-0.523374	-0.053594	0.526111	3.243639
-0.520652	-0.083395	0.527289	3.300419
-0.516827	-0.109142	0.528225	3.349712
-0.516928	-0.104187	0.527323	3.340479
-0.513217	-0.124992	0.528219	3.380488
-0.508951	-0.144208	0.528987	3.417699
-0.501845	-0.172146	0.530549	3.472041
-0.494065	-0.197319	0.532011	3.521563
-0.497393	-0.184595	0.530542	3.496962
-0.490868	-0.204578	0.531793	3.536471
-0.483960	-0.223244	0.532968	3.573792
-0.473115	-0.250141	0.535172	3.627945
-0.462238	-0.273790	0.537238	3.676342
-0.463797	-0.268907	0.536114	3.667022
-0.455513	-0.285732	0.537712	3.701826
-0.446951	-0.301862	0.539338	3.735603
-0.434945	-0.323369	0.541982	3.780902
-0.423073	-0.342917	0.544594	3.822726
-0.426921	-0.335447	0.542942	3.807575
-0.411467	-0.359382	0.546316	3.859525
-0.397019	-0.380745	0.550082	3.906069
-0.382916	-0.400206	0.553886	3.949066
-0.387719	-0.392602	0.551781	3.933248
-0.376441	-0.407779	0.554970	3.966930
-0.365013	-0.422501	0.558338	3.999861
-0.354499	-0.435554	0.561584	4.029228
-0.343912	-0.448319	0.565036	4.058025
-0.346479	-0.444323	0.563445	4.050093
-0.334896	-0.458178	0.567523	4.081204
-0.323264	-0.471742	0.571875	4.111626
-0.312842	-0.483642	0.576003	4.138235
-0.302330	-0.495319	0.580297	4.164376
-0.305538	-0.490836	0.578164	4.155600
-0.294563	-0.503104	0.582993	4.182707
-0.283676	-0.515176	0.588114	4.209056
-0.263828	-0.536813	0.598141	4.255587
-0.260026	-0.540281	0.599598	4.263830
-0.241441	-0.560854	0.610615	4.305879
-0.223365	-0.580734	0.622209	4.345207
-0.219264	-0.584705	0.624465	4.353619
-0.201515	-0.604817	0.637505	4.390773
-0.183102	-0.625462	0.651713	4.427600
-0.167121	-0.643101	0.664461	4.458145
-0.149711	-0.661409	0.678141	4.489788
-0.137643	-0.672089	0.686038	4.510384
-0.124590	-0.682067	0.693353	4.531715
-0.110117	-0.689584	0.698320	4.554040
-0.084006	-0.698767	0.703799	4.592743
-0.058696	-0.703972	0.706415	4.629202
-0.031083	-0.707065	0.707748	4.668456
-0.005113	-0.707494	0.707512	4.705162
0.020477	-0.705524	0.705821	4.741405
0.043755	-0.701608	0.702971	4.774672
0.064317	-0.694932	0.697902	4.804678
0.082243	-0.686478	0.691387	4.831625
0.096157	-0.677315	0.684107	4.853414
0.108969	-0.668570	0.677392	4.873956
0.117698	-0.661214	0.671608	4.888547
0.127873	-0.653793	0.666181	4.905537
0.134120	-0.647775	0.661514	4.916552
0.145010	-0.640494	0.656704	4.935038
0.149378	-0.635702	0.653017	4.943183
0.159566	-0.629049	0.648971	4.960811
0.164531	-0.624022	0.645348	4.970185
0.175442	-0.616933	0.641394	4.989453
0.179069	-0.612717	0.638348	4.996725
0.189115	-0.606196	0.635011	5.014791
0.192949	-0.601988	0.632154	5.022563
0.203725	-0.595160	0.629062	5.042190
0.207179	-0.591327	0.626571	5.049387
0.216716	-0.585028	0.623878	5.067153
0.227638	-0.576432	0.619752	5.088498
0.238584	-0.568137	0.616199	5.109967
0.249278	-0.559637	0.612644	5.131435
0.260048	-0.551303	0.609557	5.153138
0.263869	-0.547148	0.607452	5.161747
0.275822	-0.539043	0.605512	5.185344
0.278411	-0.535650	0.603683	5.191722
0.289241	-0.528046	0.602074	5.213509
0.292233	-0.524382	0.600314	5.220812
0.304136	-0.515923	0.598895	5.245050
0.306958	-0.512451	0.597352	5.252073
0.316997	-0.504897	0.596161	5.273031
0.325953	-0.496816	0.594198	5.293028
0.336501	-0.487798	0.592604	5.316261
0.345069	-0.479694	0.590914	5.335985
0.355458	-0.470409	0.589606	5.359487
0.358157	-0.466708	0.588297	5.366940
0.370071	-0.456713	0.587826	5.393374
0.372744	-0.453076	0.586699	5.400818
0.382326	-0.444443	0.586262	5.422795
0.384944	-0.440681	0.585134	5.430380
0.395946	-0.430579	0.584954	5.455909
0.407674	-0.417896	0.583811	5.485405
0.415810	-0.408513	0.582907	5.506639
0.425536	-0.397651	0.582415	5.531648
0.433141	-0.388246	0.581675	5.552391
0.442441	-0.377134	0.581364	5.577302
0.445019	-0.372870	0.580581	5.585772
0.454578	-0.361727	0.580937	5.611045
0.464869	-0.347725	0.580531	5.640962
0.468812	-0.341715	0.580133	5.653328
0.475950	-0.332090	0.580355	5.673976
0.485428	-0.317742	0.580173	5.703610
0.491450	-0.307833	0.579900	5.723596
0.499144	-0.295637	0.580126	5.748455
0.504514	-0.285931	0.579906	5.767577
0.511547	-0.273783	0.580204	5.791772
0.520490	-0.257032	0.580495	5.824489
0.528083	-0.241578	0.580717	5.854142
0.535997	-0.224550	0.581133	5.886460
0.542636	-0.208887	0.581453	5.915720
0.546582	-0.198436	0.581488	5.934934
0.551854	-0.185103	0.582071	5.959558
0.554994	-0.175408	0.582053	5.977066
0.559596	-0.162287	0.582653	6.000921
0.565252	-0.144040	0.583316	6.033672
0.569781	-0.127362	0.583842	6.063273
0.574293	-0.109027	0.584551	6.095572
0.577828	-0.092198	0.585138	6.124960
0.579323	-0.082744	0.585202	6.141316
0.582072	-0.068324	0.586068	6.166339
0.582897	-0.060217	0.585999	6.180243
0.584977	-0.046441	0.586818	6.203962
0.587128	-0.026620	0.587731	6.237876
0.588362	-0.008996	0.588431	6.267896
0.589272	0.010744	0.589370	6.301416
0.589435	0.028422	0.590120	6.331367
0.589015	0.036682	0.590156	6.345382
0.588932	0.051943	0.591218	6.371156
0.588112	0.056736	0.590843	6.379358
0.587575	0.072882	0.592077	6.406594
0.585862	0.092361	0.593098	6.439547
0.583700	0.109998	0.593974	6.469451
0.580838	0.129181	0.595030	6.502027
0.577636	0.146604	0.595949	6.531737
0.575841	0.153294	0.595896	6.543361
0.572614	0.169838	0.597270	6.571521
0.570939	0.174375	0.596974	6.579606
0.567218	0.190487	0.598349	6.607178
0.561686	0.209738	0.599567	6.640560
0.556039	0.227101	0.600628	6.670935
0.549415	0.245727	0.601862	6.703752
0.542697	0.262800	0.602980	6.734152
0.539955	0.268166	0.602880	6.744146
0.533170	0.284870	0.604501	6.773891
0.530453	0.289627	0.604371	6.782951
0.523747	0.304394	0.605778	6.809655
0.515363	0.320664	0.606980	6.839775
0.506766	0.336269	0.608185	6.869032
0.497522	0.351920	0.609406	6.898824
0.488086	0.366944	0.610635	6.927839
0.481433	0.376663	0.611271	6.947089
0.472144	0.390366	0.612622	6.974053
0.465573	0.399022	0.613169	6.991762
0.456175	0.411627	0.614437	7.017294
0.444786	0.425787	0.615735	7.046763
0.433128	0.439516	0.617069	7.075904
0.421148	0.452757	0.618349	7.104737
0.408587	0.465960	0.619727	7.134093
0.401979	0.472161	0.620099	7.148698
0.388713	0.485336	0.621811	7.178683
0.383635	0.489441	0.621875	7.189183
0.369653	0.502297	0.623655	7.219550
0.357085	0.512733	0.624824	7.245653
0.342408	0.524497	0.626371	7.275619
0.329950	0.533696	0.627454	7.300262
0.314613	0.544704	0.629034	7.330206
0.302254	0.552843	0.630073	7.353655
0.285927	0.563362	0.631768	7.384323
0.273741	0.570462	0.632740	7.406577
0.257318	0.579860	0.634390	7.436330
0.244678	0.586396	0.635396	7.458688
0.227278	0.595220	0.637136	7.489228
0.215170	0.600663	0.638039	7.510003
0.197762	0.608405	0.639739	7.539704
0.184949	0.613454	0.640727	7.561160
0.166575	0.620558	0.642525	7.591736
0.154364	0.624624	0.643415	7.611704
0.136400	0.630539	0.645124	7.640941
0.123346	0.634223	0.646106	7.661896
0.104282	0.639474	0.647921	7.692330
0.093686	0.641775	0.648577	7.709025
0.073662	0.646318	0.650502	7.740499
0.058307	0.649076	0.651690	7.764391
0.037036	0.652612	0.653662	7.797292
0.022178	0.654405	0.654780	7.820105
0.001326	0.656681	0.656682	7.851962
-0.014320	0.657729	0.657885	7.875750
-0.036077	0.658884	0.659871	7.908681
-0.051137	0.659025	0.661006	7.931422
-0.072097	0.658956	0.662888	7.962960
-0.084194	0.658338	0.663700	7.981180
-0.107893	0.657147	0.665945	8.016714
-0.118766	0.655963	0.666628	8.033097
-0.141525	0.653625	0.668771	8.067213
-0.153293	0.651784	0.669568	8.084974
-0.176986	0.648095	0.671826	8.120568
-0.188255	0.645708	0.672591	8.137667
-0.210010	0.641118	0.674638	8.170536
-0.225985	0.637030	0.675927	8.194880
-0.248331	0.630903	0.678017	8.228969
-0.261373	0.626665	0.678988	8.249129
-0.284407	0.618992	0.681204	8.284682
-0.298032	0.613734	0.682270	8.306047
-0.321574	0.604354	0.684583	8.342975
-0.333167	0.599026	0.685444	8.361558
-0.355996	0.588420	0.687729	8.398072
-0.368592	0.581850	0.688774	8.418657
-0.390026	0.570357	0.690961	8.453771
-0.401868	0.563310	0.691965	8.473648
-0.420968	0.551653	0.693927	8.505816
-0.433414	0.543360	0.695045	8.527292
-0.453036	0.529866	0.697137	8.561372
-0.467716	0.518957	0.698623	8.587494
-0.482132	0.507639	0.700107	8.613615
-0.493985	0.497676	0.701215	8.635658
-0.515181	0.479315	0.703672	8.675428
-0.526078	0.468928	0.704735	8.696754
-0.544983	0.450384	0.707002	8.734135
-0.555885	0.438689	0.708136	8.756675
-0.574871	0.417618	0.710550	8.796517
-0.584883	0.405432	0.711662	8.818641
-0.601309	0.384731	0.713856	8.855591
-0.613239	0.368502	0.715441	8.883689
-0.624725	0.351905	0.717020	8.911784
-0.635064	0.336014	0.718479	8.938120
-0.644999	0.319818	0.719935	8.964461
-0.655152	0.302231	0.721504	8.992555
-0.664819	0.284323	0.723066	9.020648
-0.673406	0.267268	0.724505	9.046956
-0.681548	0.249962	0.725940	9.073254
-0.688887	0.233070	0.727246	9.098538
-0.699239	0.207602	0.729406	9.136171
-0.706695	0.187037	0.731027	9.166047
-0.713539	0.166209	0.732641	9.195923
-0.720087	0.144027	0.734349	9.227369
-0.725932	0.121605	0.736047	9.258803
-0.730800	0.100173	0.737634	9.288553
-0.735026	0.078561	0.739213	9.318301
-0.738557	0.057203	0.740769	9.347480
-0.741457	0.035717	0.742316	9.376644
-0.743610	0.015214	0.743765	9.404321
-0.745187	-0.005371	0.745207	9.431985
-0.746238	-0.027188	0.746733	9.461196
-0.746641	-0.049056	0.748251	9.490386
-0.746410	-0.069847	0.749671	9.518083
-0.745594	-0.090655	0.751085	9.545772
-0.743907	-0.115033	0.752748	9.578196
-0.741412	-0.139385	0.754400	9.610608
-0.738258	-0.162626	0.755958	9.641599
-0.734369	-0.185785	0.757505	9.672565
-0.729502	-0.210024	0.759133	9.705097
-0.723830	-0.234113	0.760749	9.737595
-0.717664	-0.256928	0.762269	9.768567
-0.710776	-0.279560	0.763778	9.799510
-0.703797	-0.300250	0.765166	9.828015
-0.696212	-0.320752	0.766547	9.856503
-0.688358	-0.340247	0.767857	9.883845
-0.679958	-0.359535	0.769161	9.911168
-0.670682	-0.379300	0.770508	9.939477
-0.660831	-0.398811	0.771847	9.967766
-0.650770	-0.417404	0.773128	9.995084
-0.640184	-0.435732	0.774402	10.022389
-0.627103	-0.456906	0.775900	10.054440
-0.613325	-0.477663	0.777387	10.086464
-0.599517	-0.497082	0.778788	10.117035
-0.585103	-0.516078	0.780181	10.147575
-0.569431	-0.535438	0.781630	10.179419
-0.553127	-0.554297	0.783068	10.211233
-0.536920	-0.571877	0.784428	10.241693
-0.520169	-0.588957	0.785777	10.272117
-0.503548	-0.604912	0.787070	10.301369
-0.486448	-0.620380	0.788354	10.330596
-0.469449	-0.634870	0.789584	10.358866
-0.452027	-0.648880	0.790806	10.387115
-0.433597	-0.662838	0.792061	10.416286
-0.414747	-0.676256	0.793308	10.445434
-0.396070	-0.688742	0.794504	10.473693
-0.377030	-0.700697	0.795693	10.501929
-0.354929	-0.713652	0.797040	10.534055
-0.332414	-0.725882	0.798375	10.566133
-0.310314	-0.736981	0.799648	10.597045
-0.287866	-0.747389	0.800910	10.627924
-0.264314	-0.757415	0.802209	10.659818
-0.240444	-0.766677	0.803497	10.691671
-0.217170	-0.774864	0.804722	10.722317
-0.193645	-0.782328	0.805938	10.752928
-0.171581	-0.788609	0.807059	10.781339
-0.149340	-0.794254	0.808172	10.809719
-0.127194	-0.799207	0.809265	10.837748
-0.104907	-0.803531	0.810351	10.865751
-0.082357	-0.807242	0.811432	10.893904
-0.059700	-0.810310	0.812507	10.922032
-0.037183	-0.812712	0.813563	10.949854
-0.014598	-0.814481	0.814612	10.977654
0.009759	-0.815674	0.815732	11.007538
0.034140	-0.816130	0.816844	11.037382
0.058067	-0.815860	0.817924	11.066627
0.081980	-0.814884	0.818997	11.095841
0.106235	-0.813166	0.820077	11.125482
0.130429	-0.810724	0.821148	11.155088
0.154138	-0.807615	0.822192	11.184162
0.177748	-0.803811	0.823229	11.213203
0.201967	-0.799163	0.824289	11.243115
0.226035	-0.793786	0.825341	11.272988
0.249547	-0.787787	0.826367	11.302344
0.272870	-0.781094	0.827385	11.331664
0.296401	-0.773570	0.828410	11.361480
0.319693	-0.765341	0.829428	11.391257
0.342425	-0.756536	0.830423	11.420606
0.364886	-0.747061	0.831410	11.449921
0.386477	-0.737197	0.832360	11.478435
0.407773	-0.726717	0.833304	11.506912
0.428550	-0.715742	0.834231	11.535074
0.449006	-0.704182	0.835152	11.563202
0.469158	-0.692022	0.836064	11.591349
0.488953	-0.679297	0.836970	11.619461
0.508282	-0.666084	0.837865	11.647400
0.527230	-0.652333	0.838754	11.675309
0.545846	-0.638000	0.839638	11.703287
0.564051	-0.623149	0.840516	11.731234
0.581878	-0.607749	0.841392	11.759228
0.599262	-0.591854	0.842263	11.787191
0.616015	-0.575644	0.843113	11.814837
0.632309	-0.558974	0.843959	11.842454
0.648198	-0.541787	0.844804	11.870158
0.663601	-0.524163	0.845644	11.897832
0.677822	-0.506957	0.846433	11.924202
0.691581	-0.489380	0.847217	11.950545
0.705181	-0.471017	0.848019	11.977489
0.718275	-0.452294	0.848816	12.004402
0.730458	-0.433831	0.849575	12.030436
0.742152	-0.415057	0.850330	12.056445
0.753699	-0.395377	0.851108	12.083252
0.764709	-0.375396	0.851881	12.110029
0.775508	-0.354448	0.852670	12.137667
0.785716	-0.333214	0.853453	12.165271
0.795391	-0.311564	0.854236	12.193030
0.804454	-0.289660	0.855014	12.220753
0.812834	-0.267681	0.855776	12.248239
0.820600	-0.245486	0.856533	12.275691
0.827784	-0.222977	0.857289	12.303250
0.834337	-0.200287	0.858041	12.330774
0.839998	-0.178464	0.858747	12.357026
0.845080	-0.156503	0.859449	12.383252
0.849711	-0.133746	0.860172	12.410250
0.853721	-0.110877	0.860891	12.437218
0.856976	-0.088847	0.861569	12.463065
0.859657	-0.066742	0.862244	12.488888
0.861833	-0.043771	0.862944	12.515626
0.863391	-0.020755	0.863640	12.542337
0.864293	0.001213	0.864294	12.567774
0.864633	0.023192	0.864944	12.593187
0.864397	0.045993	0.865620	12.619529
0.863557	0.068776	0.866292	12.645845
0.862182	0.090545	0.866923	12.671005
0.860258	0.112268	0.867552	12.696142
0.857687	0.134735	0.868205	12.722188
0.854530	0.157120	0.868854	12.748207
0.851029	0.178039	0.869453	12.772601
0.847016	0.198866	0.870048	12.796978
0.842284	0.220515	0.870672	12.822429
0.837001	0.242031	0.871292	12.847857
0.831512	0.262174	0.871865	12.871803
0.825540	0.282181	0.872435	12.895733
0.818668	0.303298	0.873044	12.921170
0.811259	0.324228	0.873651	12.946585
0.803370	0.344810	0.874241	12.971797
0.794964	0.365182	0.874829	12.996989
0.785723	0.386042	0.875437	13.023051
0.775943	0.406647	0.876041	13.049087
0.766064	0.426137	0.876611	13.074013
0.755703	0.445371	0.877178	13.098919
0.744499	0.464964	0.877764	13.124634
0.732796	0.484257	0.878347	13.150325
0.721484	0.501884	0.878878	13.174156
0.709754	0.519234	0.879406	13.197971
0.696733	0.537513	0.879976	13.223475
0.683252	0.555448	0.880542	13.248957
0.670415	0.571664	0.881054	13.272431
0.657200	0.587573	0.881563	13.295892
0.642586	0.604326	0.882115	13.321095
0.627557	0.620701	0.882665	13.346277
0.613427	0.635357	0.883160	13.369328
0.598962	0.649681	0.883652	13.392366
0.583177	0.664591	0.884181	13.416924
0.567033	0.679104	0.884708	13.441463
0.551763	0.692180	0.885186	13.464174
0.536198	0.704904	0.885663	13.486874
0.519186	0.718161	0.886177	13.511211
0.501860	0.730997	0.886690	13.535530
0.485932	0.742220	0.887142	13.557495
0.469759	0.753091	0.887592	13.579449
0.451586	0.764714	0.888097	13.603740
0.433138	0.775888	0.888601	13.628013
0.416316	0.785541	0.889041	13.649829
0.399286	0.794825	0.889480	13.671636
0.380240	0.804652	0.889971	13.695718
0.360965	0.814016	0.890459	13.719784
0.342709	0.822352	0.890905	13.742311
0.324270	0.830274	0.891350	13.764827
0.304015	0.838422	0.891839	13.789308
0.283571	0.846069	0.892326	13.813771
0.264876	0.852558	0.892757	13.835938
0.246040	0.858630	0.893186	13.858095
0.225300	0.864794	0.893661	13.882308
0.204420	0.870452	0.894133	13.906503
0.185425	0.875122	0.894551	13.928371
0.166332	0.879375	0.894967	13.950228
0.145574	0.883509	0.895421	13.973866
0.124728	0.887149	0.895874	13.997489
0.105646	0.890029	0.896277	14.019020
0.086506	0.892496	0.896679	14.040543
0.065609	0.894718	0.897121	14.063968
0.044670	0.896449	0.897561	14.087378
0.024959	0.897622	0.897969	14.109368
0.005227	0.898361	0.898376	14.131348
-0.014449	0.898663	0.898779	14.153244
-0.034128	0.898533	0.899181	14.175131
-0.053655	0.897975	0.899577	14.196847
-0.073166	0.896992	0.899971	14.218555
-0.092592	0.895588	0.900362	14.240187
-0.111983	0.893764	0.900752	14.261811
-0.131252	0.891528	0.901138	14.283339
-0.150470	0.888877	0.901523	14.304858
-0.169570	0.885821	0.901905	14.326306
-0.188600	0.882355	0.902286	14.347744
-0.207507	0.878488	0.902663	14.369125
-0.226328	0.874218	0.903040	14.390497
-0.244981	0.869563	0.903414	14.411778
-0.263532	0.864512	0.903786	14.433052
-0.282267	0.858974	0.904163	14.454660
-0.300878	0.853033	0.904540	14.476259
-0.319285	0.846714	0.904913	14.497766
-0.337552	0.840000	0.905285	14.519265
-0.355525	0.832952	0.905652	14.540582
-0.373343	0.825521	0.906019	14.561892
-0.390934	0.817740	0.906382	14.583114
-0.408357	0.809587	0.906745	14.604330
-0.425434	0.801149	0.907102	14.625329
-0.442332	0.792354	0.907459	14.646323
-0.458985	0.783235	0.907813	14.667238
-0.475444	0.773769	0.908166	14.688145
-0.491587	0.764029	0.908514	14.708899
-0.507526	0.753955	0.908862	14.729645
-0.523203	0.743584	0.909207	14.750321
-0.538663	0.732889	0.909552	14.770989
-0.553663	0.722051	0.909890	14.791328
-0.568440	0.710908	0.910227	14.811663
-0.582948	0.699496	0.910562	14.831935
-0.597223	0.687790	0.910896	14.852202
-0.611170	0.675873	0.911226	14.872335
-0.624875	0.663675	0.911556	14.892463
-0.638299	0.651233	0.911882	14.912536
-0.651472	0.638521	0.912209	14.932604
-0.664425	0.625505	0.912533	14.952729
-0.677115	0.612228	0.912857	14.972848
-0.689494	0.598743	0.913179	14.992894
-0.701600	0.585011	0.913499	15.012935
-0.713374	0.571103	0.913817	15.032878
-0.724869	0.556960	0.914133	15.052816
-0.736044	0.542636	0.914447	15.072683
-0.746933	0.528090	0.914761	15.092547
-0.757533	0.513326	0.915073	15.112410
-0.767839	0.498351	0.915385	15.132270
-0.777814	0.483221	0.915694	15.152061
-0.787488	0.467893	0.916003	15.171850
-0.796785	0.452498	0.916308	15.191477
-0.805778	0.436922	0.916613	15.211100
-0.814438	0.421216	0.916915	15.230661
-0.822790	0.405343	0.917217	15.250218
-0.830764	0.389441	0.917514	15.269607
-0.838428	0.373385	0.917812	15.288992
-0.845760	0.357226	0.918107	15.308320
-0.852778	0.340926	0.918401	15.327645
-0.859431	0.324612	0.918692	15.346823
-0.865771	0.308171	0.918982	15.365998
-0.871779	0.291650	0.919271	15.385122
-0.877471	0.275014	0.919558	15.404243
-0.882815	0.258361	0.919844	15.423257
-0.887842	0.241607	0.920129	15.442268
-0.892540	0.224792	0.920412	15.461238
-0.896919	0.207888	0.920696	15.480205
-0.900961	0.190967	0.920977	15.499095
-0.904683	0.173971	0.921259	15.517982
-0.908074	0.156954	0.921539	15.536811
-0.911145	0.139874	0.921818	15.555638
-0.913904	0.122652	0.922097	15.574554
-0.916337	0.105378	0.922376	15.593467
-0.918437	0.088108	0.922654	15.612323
-0.920212	0.070799	0.922931	15.631177
-0.921650	0.053573	0.923206	15.649901
-0.922767	0.036321	0.923481	15.668623
-0.923557	0.019093	0.923754	15.687293
-0.924026	0.001850	0.924028	15.705961
-0.924173	-0.015061	0.924296	15.724259
-0.924010	-0.031975	0.924563	15.742554
-0.923538	-0.048847	0.924829	15.760805
-0.922759	-0.065710	0.925095	15.779054
-0.921679	-0.082449	0.925359	15.797181
-0.920296	-0.099168	0.925623	15.815306
-0.918613	-0.115824	0.925886	15.833387
-0.916629	-0.132449	0.926148	15.851465
-0.914359	-0.148931	0.926408	15.869425
-0.911793	-0.165372	0.926669	15.887383
-0.908938	-0.181735	0.926928	15.905303
-0.905789	-0.198046	0.927187	15.923221
-0.902367	-0.214209	0.927444	15.941034
-0.898658	-0.230311	0.927701	15.958846
-0.894668	-0.246320	0.927957	15.976627
-0.890393	-0.262259	0.928213	15.994406
-0.885809	-0.278208	0.928470	16.012280
-0.880940	-0.294075	0.928728	16.030151
-0.875798	-0.309822	0.928984	16.047983
-0.870375	-0.325477	0.929240	16.065814
-0.864667	-0.341048	0.929496	16.083657
-0.858681	-0.356518	0.929751	16.101497
-0.852432	-0.371847	0.930006	16.119297
-0.845910	-0.387065	0.930260	16.137096
-0.839122	-0.402154	0.930513	16.154878
-0.832065	-0.417123	0.930765	16.172659
-0.824756	-0.431937	0.931017	16.190403
-0.817184	-0.446623	0.931269	16.208146
-0.809389	-0.461104	0.931519	16.225801
-0.801338	-0.475448	0.931769	16.243455
-0.793047	-0.489626	0.932018	16.261078
-0.784506	-0.503660	0.932268	16.278700
-0.775999	-0.517105	0.932509	16.295762
-0.767262	-0.530406	0.932749	16.312824
-0.758314	-0.543534	0.932989	16.329853
-0.749142	-0.556510	0.933229	16.346881
-0.739790	-0.569275	0.933468	16.363834
-0.730220	-0.581882	0.933706	16.380785
-0.720452	-0.594307	0.933944	16.397709
-0.710472	-0.606568	0.934182	16.414633
-0.700364	-0.618567	0.934417	16.431423
-0.690054	-0.630397	0.934652	16.448213
-0.679557	-0.642040	0.934887	16.464982
-0.668864	-0.653508	0.935121	16.481750
-0.658006	-0.664768	0.935355	16.498473
-0.646959	-0.675847	0.935588	16.515196
-0.635737	-0.686732	0.935821	16.531903
-0.624331	-0.697429	0.936054	16.548609
-0.612630	-0.708041	0.936289	16.565480
-0.600748	-0.718455	0.936524	16.582351
-0.588711	-0.728653	0.936758	16.599193
-0.576501	-0.738648	0.936992	16.616034
-0.564047	-0.748494	0.937226	16.632974
-0.551425	-0.758130	0.937460	16.649913
-0.538659	-0.767539	0.937694	16.666827
-0.525732	-0.776732	0.937927	16.683739
-0.512730	-0.785652	0.938158	16.700547
-0.499577	-0.794354	0.938390	16.717354
-0.486291	-0.802826	0.938620	16.734141
-0.472863	-0.811075	0.938851	16.750928
-0.459355	-0.819064	0.939081	16.767641
-0.445712	-0.826829	0.939311	16.784353
-0.431950	-0.834359	0.939540	16.801050
-0.418061	-0.841659	0.939769	16.817747
-0.404454	-0.848528	0.939991	16.833963
-0.390735	-0.855177	0.940214	16.850178
-0.376926	-0.861595	0.940436	16.866370
-0.363013	-0.867791	0.940659	16.882562
-0.349023	-0.873752	0.940882	16.898725
-0.334935	-0.879488	0.941106	16.914887
-0.320770	-0.884991	0.941330	16.931032
-0.306514	-0.890266	0.941554	16.947176
-0.292317	-0.895262	0.941776	16.963157
-0.278039	-0.900031	0.941999	16.979139
-0.263692	-0.904571	0.942222	16.995109
-0.249271	-0.908882	0.942445	17.011080
-0.234766	-0.912968	0.942669	17.027066
-0.220195	-0.916822	0.942893	17.043052
-0.205573	-0.920441	0.943118	17.059024
-0.190892	-0.923827	0.943343	17.074996
-0.176093	-0.926992	0.943570	17.091034
-0.161242	-0.929920	0.943796	17.107073
-0.146357	-0.932609	0.944023	17.123096
-0.131428	-0.935059	0.944251	17.139119
-0.116333	-0.937288	0.944480	17.155275
-0.101200	-0.939274	0.944710	17.171431
-0.086043	-0.941015	0.944940	17.187577
-0.070856	-0.942511	0.945171	17.203722
-0.055749	-0.943755	0.945400	17.219757
-0.040620	-0.944757	0.945630	17.235791
-0.025475	-0.945518	0.945861	17.251823
-0.010316	-0.946035	0.946091	17.267855
0.004843	-0.946311	0.946323	17.283877
0.020008	-0.946344	0.946555	17.299899
0.035169	-0.946135	0.946788	17.315914
0.050329	-0.945683	0.947021	17.331929
0.079874	-0.944106	0.947478	17.363161
0.109340	-0.941609	0.947936	17.394362
0.138752	-0.938194	0.948398	17.425588
0.168041	-0.933863	0.948862	17.456796
0.196795	-0.928699	0.949321	17.487574
0.225393	-0.922649	0.949781	17.518356
0.253990	-0.915674	0.950247	17.549338
0.282365	-0.907816	0.950715	17.580312
0.310436	-0.899098	0.951182	17.611219
0.338237	-0.889515	0.951652	17.642124
0.366027	-0.878960	0.952128	17.673351
0.393502	-0.867534	0.952607	17.704593
0.420387	-0.855361	0.953083	17.735562
0.446929	-0.842340	0.953563	17.766571
0.473143	-0.828458	0.954048	17.797668
0.498932	-0.813757	0.954534	17.828772
0.523837	-0.798528	0.955015	17.859343
0.548262	-0.782548	0.955496	17.889895
0.572350	-0.765714	0.955983	17.920641
0.595919	-0.748142	0.956470	17.951383
0.618651	-0.730092	0.956955	17.981719
0.640853	-0.711337	0.957441	18.012079
0.662444	-0.691947	0.957926	18.042377
0.683456	-0.671895	0.958413	18.072687
0.703964	-0.651097	0.958902	18.103152
0.723849	-0.629665	0.959393	18.133630
0.743062	-0.607648	0.959885	18.164078
0.761633	-0.585018	0.960380	18.194565
0.779507	-0.561843	0.960885	18.225028
0.796730	-0.538061	0.961400	18.255575
0.813259	-0.513721	0.961925	18.286166
0.829082	-0.488827	0.962460	18.316818
0.844113	-0.463519	0.963004	18.347389
0.858363	-0.437777	0.963554	18.377930
0.871789	-0.411691	0.964108	18.408365
0.884425	-0.385202	0.964670	18.438792
0.896189	-0.358511	0.965238	18.469015
0.907163	-0.331436	0.965813	18.499268
0.917324	-0.304035	0.966396	18.529514
0.926682	-0.276270	0.966987	18.559817
0.935205	-0.248223	0.967586	18.590117
0.942895	-0.219892	0.968196	18.620442
0.949733	-0.191334	0.968815	18.650756
0.955732	-0.162491	0.969447	18.681149
0.960869	-0.133444	0.970091	18.711560
0.965157	-0.104059	0.970750	18.742155
0.968579	-0.074323	0.971426	18.772972
0.969963	-0.059260	0.971772	18.788537
0.971114	-0.044172	0.972118	18.804101
0.972037	-0.028978	0.972469	18.819753
0.972723	-0.013766	0.972821	18.835405
0.973170	0.001445	0.973171	18.851041
0.973378	0.016666	0.973521	18.866676
0.973349	0.031851	0.973870	18.882267
0.973082	0.047039	0.974218	18.897858
0.972577	0.062218	0.974565	18.913441
0.971836	0.077393	0.974913	18.929024
0.970863	0.092488	0.975258	18.944533
0.969655	0.107571	0.975604	18.960041
0.968211	0.122648	0.975948	18.975559
0.966532	0.137705	0.976293	18.991077
0.964618	0.152738	0.976635	19.006592
0.962470	0.167744	0.976978	19.022108
0.960077	0.182771	0.977320	19.037676
0.957450	0.197763	0.977661	19.053243
0.954604	0.212639	0.978000	19.068729
0.951526	0.227474	0.978338	19.084214
0.948224	0.242231	0.978675	19.099664
0.944694	0.256940	0.979013	19.115114
0.940952	0.271535	0.979348	19.130498
0.936985	0.286076	0.979684	19.145883
0.932804	0.300528	0.980021	19.161233
0.928402	0.314920	0.980359	19.176583
0.923817	0.329201	0.980720	19.191875
0.919013	0.343415	0.981080	19.207167
0.913998	0.357625	0.981472	19.222519
0.908763	0.371762	0.981864	19.237870
0.903280	0.385990	0.982295	19.253390
0.897575	0.400136	0.982725	19.268909
0.891490	0.414658	0.983207	19.284920
0.885171	0.429086	0.983688	19.300929
0.878441	0.443845	0.984203	19.317406
0.871465	0.458496	0.984719	19.333881
0.864261	0.473009	0.985233	19.350323
0.856816	0.487408	0.985748	19.366763
0.849160	0.501639	0.986263	19.383144
0.841268	0.515748	0.986777	19.399524
0.833159	0.529706	0.987290	19.415870
0.824819	0.543535	0.987804	19.432214
0.816295	0.557165	0.988316	19.448476
0.807546	0.570659	0.988829	19.464736
0.798594	0.583990	0.989341	19.480964
0.789422	0.597180	0.989854	19.497190
0.780048	0.610204	0.990365	19.513389
0.770436	0.623108	0.990876	19.529624
0.760509	0.635983	0.991387	19.546019
0.750368	0.648697	0.991898	19.562411
