time = 19.9999	Re = 1	40	80
0.148503	0.136160	0.201477	0.742065
0.160635	0.124107	0.202993	0.657812
0.173379	0.108924	0.204755	0.560927
0.184898	0.092132	0.206580	0.462274
0.194344	0.075662	0.208553	0.371266
0.202237	0.058560	0.210545	0.281854
0.208276	0.042708	0.212610	0.202250
0.213060	0.026319	0.214680	0.122906
0.216557	0.009970	0.216786	0.046004
0.218795	-0.006744	0.218898	-0.030813
0.219757	-0.023307	0.220989	-0.105665
0.219473	-0.040050	0.223097	-0.180499
0.216874	-0.067765	0.227215	-0.302852
0.211360	-0.094474	0.231513	-0.420340
0.205816	-0.115524	0.236022	-0.511475
0.198311	-0.136354	0.240665	-0.602339
0.191708	-0.153129	0.245358	-0.673985
0.183788	-0.169643	0.250114	-0.745397
0.170485	-0.196374	0.260054	-0.855852
0.164340	-0.213891	0.269735	-0.915665
0.158962	-0.229905	0.279509	-0.965848
0.172453	-0.241232	0.296534	-0.950149
0.187813	-0.238484	0.303559	-0.903708
0.203222	-0.234812	0.310541	-0.857391
0.222296	-0.224964	0.316266	-0.791362
0.242112	-0.211962	0.321786	-0.719096
0.263464	-0.192327	0.326195	-0.630573
0.282547	-0.171338	0.330438	-0.545115
0.291823	-0.158716	0.332192	-0.498130
0.300560	-0.145539	0.333943	-0.450949
0.308898	-0.130778	0.335441	-0.400487
0.316490	-0.115584	0.336936	-0.350155
0.323178	-0.099538	0.338159	-0.298776
0.329032	-0.083161	0.339379	-0.247559
0.333564	-0.067262	0.340278	-0.198980
0.337320	-0.051148	0.341176	-0.150485
0.339945	-0.034447	0.341686	-0.100987
0.341644	-0.017748	0.342104	-0.051902
0.342049	-0.002093	0.342055	-0.006117
0.341626	0.013462	0.341892	0.039386
0.340004	0.028830	0.341224	0.084590
0.337416	0.043740	0.340239	0.128913
0.333947	0.057641	0.338885	0.170922
0.329649	0.071133	0.337236	0.212524
0.324138	0.085315	0.335178	0.257369
0.317641	0.098543	0.332576	0.300819
0.310436	0.111804	0.329956	0.345689
0.302148	0.124466	0.326780	0.390754
0.291787	0.139788	0.323543	0.446769
0.280260	0.154650	0.320097	0.504231
0.266312	0.171716	0.316873	0.572706
0.250776	0.189304	0.314205	0.646610
0.231583	0.210338	0.312846	0.737360
0.221261	0.221392	0.313003	0.785693
0.210383	0.231967	0.313160	0.834153
0.198643	0.245890	0.316103	0.891285
0.185970	0.259636	0.319368	0.949233
0.174146	0.273787	0.324478	1.004279
0.161754	0.288121	0.330422	1.059235
0.148292	0.310797	0.344362	1.125608
0.137734	0.334795	0.362020	1.180502
0.132327	0.349096	0.373334	1.208476
0.126653	0.364052	0.385454	1.235996
0.122390	0.380099	0.399318	1.259284
0.117762	0.396119	0.413253	1.281829
0.115200	0.423150	0.438551	1.304994
0.113959	0.450411	0.464603	1.322986
0.112320	0.465680	0.479034	1.334121
0.110315	0.481000	0.493488	1.345350
0.103399	0.507571	0.517996	1.369833
0.100424	0.527101	0.536582	1.382531
0.097608	0.548597	0.557213	1.394716
0.096186	0.572655	0.580677	1.404384
0.095711	0.592514	0.600195	1.410646
0.097642	0.615568	0.623264	1.413485
0.099469	0.627977	0.635806	1.413706
0.101309	0.639655	0.647628	1.413720
0.102448	0.646847	0.654910	1.413720
0.098481	0.667717	0.674940	1.424362
0.085292	0.668993	0.674408	1.443987
0.062729	0.677960	0.680856	1.478533
0.089625	0.667259	0.673251	1.437276
0.082038	0.665314	0.670353	1.448108
0.065510	0.673168	0.676348	1.473786
0.047571	0.679910	0.681572	1.500944
0.073755	0.669338	0.673389	1.461049
0.091830	0.661975	0.668314	1.432954
0.084655	0.669353	0.674685	1.444992
0.099811	0.660009	0.667513	1.420707
0.091506	0.658389	0.664717	1.432697
0.068714	0.671216	0.674724	1.468780
0.051360	0.677055	0.679000	1.495084
0.029534	0.681418	0.682058	1.527482
0.046068	0.678082	0.679645	1.502962
0.061541	0.674184	0.676987	1.479767
0.085716	0.662003	0.667529	1.442033
0.096091	0.655388	0.662395	1.425216
0.090841	0.672008	0.678120	1.436433
0.090330	0.666829	0.672919	1.436153
0.077225	0.676532	0.680926	1.457139
0.093165	0.661586	0.668113	1.430895
0.097645	0.648153	0.655467	1.421269
0.093880	0.654992	0.661686	1.428436
0.088629	0.658692	0.664628	1.437047
0.076129	0.666317	0.670652	1.457036
0.062663	0.673967	0.676874	1.478086
0.036168	0.679510	0.680472	1.517620
0.010301	0.681702	0.681780	1.555686
0.030249	0.680098	0.680770	1.526349
0.051251	0.677261	0.679198	1.495266
0.073619	0.668079	0.672123	1.461044
0.088282	0.660243	0.666119	1.437874
0.096471	0.649096	0.656226	1.423253
0.099336	0.648252	0.655819	1.418742
0.096406	0.667067	0.673997	1.427268
0.084996	0.667165	0.672558	1.444080
0.062571	0.676938	0.679824	1.478626
0.083860	0.669853	0.675081	1.446253
0.071389	0.672552	0.676331	1.465046
0.050708	0.680101	0.681989	1.496374
0.075589	0.669626	0.673879	1.458390
0.090988	0.666060	0.672246	1.435030
0.088543	0.673029	0.678829	1.439989
0.095035	0.657160	0.663996	1.427177
0.097930	0.642772	0.650190	1.419604
0.096849	0.645102	0.652331	1.421779
0.094515	0.644807	0.651697	1.425254
0.092813	0.647065	0.653687	1.428332
0.088812	0.660014	0.665962	1.437038
0.065485	0.672379	0.675560	1.473710
0.049753	0.676531	0.678358	1.497387
0.030886	0.679862	0.680563	1.525397
0.013375	0.680760	0.680891	1.551151
-0.004661	0.681053	0.681069	1.577639
0.022529	0.680402	0.680775	1.537697
0.042431	0.678312	0.679637	1.508324
0.060341	0.674957	0.677648	1.481634
0.085295	0.660870	0.666351	1.442441
0.091158	0.654843	0.661158	1.432480
0.093774	0.649617	0.656350	1.427435
0.096528	0.647950	0.655101	1.422909
0.096871	0.642357	0.649620	1.421118
0.099822	0.644652	0.652335	1.417170
0.099474	0.658643	0.666113	1.420900
0.087427	0.665642	0.671359	1.440202
0.072639	0.673321	0.677227	1.463331
0.090326	0.669212	0.675280	1.436633
0.092846	0.661365	0.667850	1.431323
0.080063	0.665820	0.670616	1.451124
0.057538	0.676894	0.679335	1.485997
0.080432	0.666327	0.671164	1.450668
0.091212	0.666220	0.672435	1.434733
0.093527	0.659801	0.666397	1.429984
0.068205	0.671843	0.675296	1.469624
0.050114	0.677840	0.679690	1.496999
0.027466	0.682098	0.682650	1.530551
0.043312	0.679068	0.680448	1.507101
0.058635	0.675579	0.678118	1.484222
0.083272	0.663766	0.668969	1.445994
0.097796	0.659912	0.667119	1.423672
0.083257	0.670721	0.675869	1.447297
0.061581	0.677152	0.679946	1.480105
0.082946	0.667419	0.672553	1.447152
0.094505	0.667069	0.673730	1.430061
0.100087	0.651385	0.659029	1.418336
0.097312	0.638749	0.646119	1.419611
0.096247	0.639570	0.646771	1.421429
0.093513	0.637245	0.644070	1.425090
0.092294	0.637752	0.644396	1.427076
0.096723	0.648749	0.655919	1.422796
0.091024	0.657786	0.664054	1.433290
0.081466	0.663495	0.668477	1.448625
0.064549	0.672785	0.675874	1.475147
0.045776	0.677342	0.678887	1.503317
0.023819	0.680190	0.680607	1.535792
0.005421	0.680591	0.680613	1.562831
-0.014934	0.680338	0.680502	1.592744
-0.038278	0.677494	0.678574	1.627236
-0.019701	0.680165	0.680451	1.599753
0.000055	0.680561	0.680561	1.570715
0.014856	0.680500	0.680662	1.548968
0.030024	0.679420	0.680083	1.526635
0.045153	0.677983	0.679485	1.504296
0.063995	0.672233	0.675272	1.475885
0.080284	0.665187	0.670014	1.450683
0.092597	0.648707	0.655282	1.429014
0.093611	0.645222	0.651978	1.426718
0.093534	0.642277	0.649051	1.426184
0.093900	0.640238	0.647087	1.425171
0.096543	0.641491	0.648715	1.421419
0.096157	0.637511	0.644722	1.421093
0.099734	0.642289	0.649986	1.416747
0.098212	0.656808	0.664110	1.422366
0.083774	0.675630	0.680804	1.447433
0.087990	0.670852	0.676598	1.440380
0.091979	0.661000	0.667369	1.432533
0.083695	0.667064	0.672294	1.445981
0.090668	0.672272	0.678358	1.436738
0.098082	0.655654	0.662949	1.422304
0.094075	0.655973	0.662684	1.428355
0.088205	0.660150	0.666016	1.437969
0.064877	0.673423	0.676541	1.474754
0.087023	0.661284	0.666985	1.439951
0.093994	0.657356	0.664042	1.428770
0.099709	0.660930	0.668409	1.421063
0.082845	0.670621	0.675719	1.447885
0.102297	0.663246	0.671088	1.417766
0.092576	0.657427	0.663913	1.430901
0.082390	0.663469	0.668565	1.447248
0.067355	0.670924	0.674296	1.470740
0.050720	0.677814	0.679709	1.496107
0.025733	0.680822	0.681308	1.533017
0.003291	0.682084	0.682092	1.565971
0.019888	0.681179	0.681469	1.541609
0.036577	0.679746	0.680729	1.517039
0.057426	0.675019	0.677457	1.485928
0.073407	0.669053	0.673068	1.461515
0.093732	0.653374	0.660063	1.428309
0.096981	0.651968	0.659142	1.423128
0.084631	0.674984	0.680269	1.446065
0.091534	0.665222	0.671490	1.434055
0.077998	0.667585	0.672126	1.454488
0.055873	0.677505	0.679805	1.488513
0.079829	0.665793	0.670562	1.451465
0.092581	0.660837	0.667291	1.431606
0.093036	0.668533	0.674976	1.432521
0.077809	0.670669	0.675168	1.455296
0.097687	0.659640	0.666834	1.423774
0.101037	0.647983	0.655812	1.416116
0.096770	0.635333	0.642661	1.419645
0.095690	0.635465	0.642629	1.421337
0.092645	0.631865	0.638621	1.425212
0.091999	0.632341	0.638999	1.426321
0.097314	0.644017	0.651328	1.420827
0.094139	0.642167	0.649031	1.425237
0.095217	0.652150	0.659065	1.425816
0.090806	0.655394	0.661655	1.433121
0.084538	0.661045	0.666428	1.443602
0.061358	0.674204	0.676990	1.480039
0.035829	0.678763	0.679708	1.518059
0.013067	0.680400	0.680526	1.551594
-0.001827	0.680331	0.680334	1.573482
-0.024551	0.679726	0.680170	1.606900
-0.042874	0.675099	0.676459	1.634220
-0.047586	0.667397	0.669091	1.641977
-0.042198	0.665497	0.666834	1.634120
-0.046275	0.666552	0.668156	1.640110
-0.046602	0.671605	0.673219	1.640074
-0.021984	0.679890	0.680245	1.603120
0.006941	0.680428	0.680464	1.560595
0.022240	0.679885	0.680248	1.538097
0.037531	0.678975	0.680012	1.515577
0.060791	0.673469	0.676207	1.480775
0.078234	0.665975	0.670555	1.453860
0.093281	0.656387	0.662982	1.429628
0.092815	0.642243	0.648915	1.427274
0.093045	0.639964	0.646692	1.426417
0.092765	0.637513	0.644226	1.426300
0.092665	0.635421	0.642142	1.425985
0.093179	0.634269	0.641077	1.424932
0.095901	0.636817	0.643997	1.421325
0.095637	0.633663	0.640839	1.421000
0.099752	0.640880	0.648597	1.416388
0.099004	0.668590	0.675881	1.423786
0.087438	0.669151	0.674840	1.440863
0.077431	0.668985	0.673451	1.455566
0.050372	0.680360	0.682222	1.496893
0.074975	0.670181	0.674362	1.459387
0.090190	0.666655	0.672728	1.436325
0.092143	0.671836	0.678125	1.434496
0.091475	0.669520	0.675741	1.435009
0.082724	0.667814	0.672918	1.447551
0.061651	0.677009	0.679810	1.479983
0.085866	0.669012	0.674499	1.443147
0.088369	0.674244	0.680010	1.440476
0.096937	0.651447	0.658620	1.423077
0.090779	0.663054	0.669240	1.434732
0.072023	0.676170	0.679995	1.464681
0.092426	0.665007	0.671399	1.432695
0.089701	0.673920	0.679863	1.438470
0.098238	0.646042	0.653468	1.419891
0.096413	0.651502	0.658597	1.423878
0.089796	0.658659	0.664752	1.435300
0.067375	0.671477	0.674849	1.470793
0.050885	0.676409	0.678320	1.495709
0.030327	0.680202	0.680878	1.526240
0.006535	0.681137	0.681168	1.561203
-0.010191	0.680994	0.681070	1.585761
-0.028721	0.680314	0.680920	1.612988
-0.012619	0.680934	0.681051	1.589326
0.003229	0.681120	0.681128	1.566056
0.020464	0.680783	0.681090	1.540746
0.040947	0.678507	0.679741	1.510521
0.060117	0.674778	0.677451	1.481940
0.079462	0.665037	0.669768	1.451875
0.089856	0.659420	0.665514	1.435365
0.094557	0.646089	0.652972	1.425476
0.095626	0.644314	0.651372	1.423456
0.098379	0.645924	0.653373	1.419651
0.096230	0.667882	0.674779	1.427698
0.086380	0.666475	0.672049	1.441907
0.071945	0.672710	0.676546	1.464253
0.057015	0.679034	0.681424	1.487029
0.084427	0.671489	0.676776	1.445722
0.097680	0.658760	0.665963	1.423591
0.091542	0.658469	0.664802	1.432660
0.082257	0.663905	0.668981	1.447526
0.058193	0.676245	0.678744	1.484955
0.072730	0.668882	0.672825	1.462487
0.085788	0.661685	0.667223	1.441865
0.092831	0.656727	0.663256	1.430372
0.097046	0.654864	0.662015	1.423675
0.098483	0.667704	0.674928	1.424358
0.078508	0.669824	0.674409	1.454121
0.096797	0.662973	0.670002	1.425816
0.089235	0.673525	0.679410	1.439074
0.095481	0.659667	0.666541	1.427054
0.101154	0.645844	0.653718	1.415435
0.096256	0.632444	0.639727	1.419758
0.092810	0.626579	0.633415	1.423743
0.095638	0.633440	0.640619	1.420945
0.093167	0.630649	0.637494	1.424125
0.092831	0.631904	0.638687	1.424933
0.093045	0.634254	0.641042	1.425136
0.093485	0.637297	0.644117	1.425146
0.094074	0.641026	0.647892	1.425081
0.094575	0.645594	0.652484	1.425339
0.093132	0.652370	0.658984	1.428994
0.084158	0.662243	0.667569	1.444394
0.064146	0.672339	0.675392	1.475677
0.036444	0.679329	0.680305	1.517201
0.014517	0.680202	0.680357	1.549458
-0.003779	0.680205	0.680215	1.576351
-0.027060	0.679457	0.679996	1.610601
-0.044331	0.674025	0.675482	1.636472
-0.046756	0.667197	0.668833	1.640760
-0.040311	0.666390	0.667608	1.631214
-0.025054	0.672120	0.672587	1.608056
-0.026307	0.677598	0.678108	1.609600
-0.017199	0.677418	0.677636	1.596181
-0.036236	0.675538	0.676509	1.624386
-0.022847	0.673320	0.673707	1.604716
-0.037927	0.667007	0.668084	1.627597
-0.045349	0.666435	0.667976	1.638739
-0.047150	0.671509	0.673162	1.640896
-0.033147	0.678508	0.679317	1.619610
-0.006557	0.680167	0.680199	1.580436
0.011654	0.680221	0.680321	1.553666
0.026112	0.679979	0.680481	1.532413
0.050727	0.676316	0.678216	1.495932
0.069783	0.670366	0.673989	1.467073
0.092137	0.655825	0.662266	1.431220
0.095230	0.646414	0.653391	1.424528
0.094649	0.640987	0.647938	1.424195
0.093878	0.636798	0.643680	1.424428
0.093423	0.633658	0.640508	1.424417
0.093561	0.631855	0.638744	1.423790
0.095676	0.633831	0.641012	1.420979
0.092295	0.625842	0.632611	1.424379
0.095408	0.630853	0.638026	1.420697
0.100888	0.642464	0.650337	1.415036
0.098154	0.656984	0.664276	1.422492
0.090428	0.673471	0.679515	1.437322
0.086961	0.668942	0.674570	1.441523
0.075974	0.669753	0.674049	1.457843
0.050676	0.680124	0.682010	1.496424
0.072473	0.671746	0.675644	1.463324
0.086858	0.668164	0.673786	1.441526
0.098979	0.660853	0.668224	1.422126
0.087555	0.661284	0.667055	1.439160
0.062543	0.674008	0.676903	1.478268
0.046649	0.678229	0.679832	1.502124
0.029208	0.681748	0.682373	1.527979
0.045868	0.678378	0.679927	1.503284
0.061437	0.674423	0.677216	1.479952
0.086243	0.662013	0.667607	1.441252
0.098176	0.659653	0.666919	1.423051
0.084191	0.670006	0.675275	1.445794
0.059008	0.677238	0.679804	1.483885
0.081307	0.667198	0.672133	1.449531
0.099756	0.656996	0.664526	1.420110
0.100050	0.644551	0.652270	1.416802
0.095829	0.657328	0.664276	1.426030
0.081629	0.673211	0.678142	1.450132
0.093921	0.659988	0.666638	1.429438
0.100827	0.647806	0.655605	1.416391
0.096052	0.641502	0.648653	1.422170
0.095485	0.642922	0.649974	1.423356
0.095410	0.645748	0.652759	1.424107
0.094697	0.649675	0.656540	1.426055
0.092287	0.655408	0.661874	1.430908
0.085241	0.661751	0.667218	1.442690
0.071122	0.669605	0.673371	1.464978
0.053750	0.677753	0.679881	1.491655
0.037149	0.679499	0.680514	1.516179
0.020550	0.680694	0.681004	1.540615
-0.002121	0.680920	0.680923	1.573912
-0.025428	0.680181	0.680656	1.608163
-0.043930	0.675084	0.676512	1.635778
-0.047705	0.667209	0.668913	1.642175
-0.049167	0.663344	0.665164	1.644781
-0.049976	0.668461	0.670326	1.645420
-0.042097	0.675945	0.677255	1.632995
-0.027060	0.678784	0.679324	1.610641
-0.011868	0.680654	0.680757	1.588231
0.017557	0.680826	0.681052	1.545014
0.039108	0.678601	0.679727	1.513230
0.060295	0.674513	0.677203	1.481644
0.082439	0.662940	0.668046	1.447077
0.090805	0.657946	0.664183	1.433650
0.096012	0.647566	0.654645	1.423602
0.098072	0.645263	0.652674	1.419964
0.101366	0.648685	0.656557	1.415786
0.094185	0.660317	0.667000	1.429117
0.080539	0.672925	0.677727	1.451678
0.089408	0.664706	0.670692	1.437091
0.071380	0.671570	0.675353	1.464906
0.049630	0.680277	0.682085	1.497969
0.068403	0.673929	0.677392	1.469644
0.084015	0.668703	0.673960	1.445813
0.102612	0.662616	0.670514	1.417159
0.095582	0.653220	0.660176	1.425502
0.090737	0.656963	0.663200	1.433549
0.075364	0.667894	0.672133	1.458434
0.061210	0.673161	0.675939	1.480117
0.046707	0.678089	0.679695	1.502024
0.030744	0.680163	0.680857	1.525626
0.014753	0.681775	0.681935	1.549160
0.040292	0.679042	0.680236	1.511530
0.064257	0.673269	0.676328	1.475645
0.086889	0.660173	0.665866	1.439932
0.093046	0.656035	0.662601	1.429905
0.097295	0.649001	0.656253	1.421990
0.100854	0.666803	0.674387	1.420685
0.083228	0.665231	0.670417	1.446332
0.082936	0.672750	0.677843	1.448136
0.102757	0.650461	0.658527	1.414116
0.097163	0.632614	0.640033	1.418397
0.095882	0.630895	0.638139	1.419973
0.093367	0.627151	0.634063	1.423007
0.093452	0.629034	0.635938	1.423310
0.094283	0.632732	0.639718	1.422875
0.091188	0.629178	0.635751	1.426867
0.095493	0.638185	0.645290	1.422267
0.092342	0.635576	0.642249	1.426518
0.091474	0.636372	0.642913	1.428031
0.096116	0.648972	0.656051	1.423760
0.092175	0.655608	0.662056	1.431117
0.079248	0.665176	0.669880	1.452217
0.062113	0.672663	0.675524	1.478719
0.040153	0.678364	0.679551	1.511674
0.021177	0.679736	0.680065	1.539651
0.003504	0.680273	0.680282	1.565645
-0.014480	0.680020	0.680174	1.592086
-0.033207	0.678620	0.679432	1.619690
-0.045640	0.668171	0.669728	1.638997
-0.040545	0.666794	0.668026	1.631527
-0.029720	0.669986	0.670645	1.615127
-0.020334	0.675163	0.675470	1.600905
-0.020459	0.677580	0.677888	1.600982
-0.042989	0.673233	0.674605	1.634565
-0.044674	0.672084	0.673567	1.637170
-0.045445	0.669042	0.670584	1.638617
-0.046126	0.668999	0.670588	1.639636
-0.027049	0.676307	0.676848	1.610770
-0.045730	0.669990	0.671549	1.638945
-0.040980	0.674784	0.676028	1.631452
-0.033063	0.677594	0.678400	1.619553
-0.032813	0.677308	0.678102	1.619205
-0.020598	0.674994	0.675309	1.601302
-0.024808	0.674357	0.674813	1.607568
-0.041820	0.666330	0.667641	1.633476
-0.047561	0.670958	0.672641	1.641563
-0.028201	0.679494	0.680079	1.612275
-0.012377	0.680048	0.680160	1.588994
0.003272	0.680197	0.680204	1.565986
0.024385	0.680151	0.680588	1.534959
0.050074	0.676535	0.678386	1.496915
0.070387	0.670130	0.673816	1.466146
0.092762	0.655009	0.661545	1.430112
0.095288	0.645821	0.652813	1.424307
0.094527	0.640480	0.647418	1.424266
0.093707	0.636323	0.643186	1.424584
0.093087	0.633045	0.639853	1.424796
0.092606	0.630342	0.637108	1.424926
0.092225	0.628024	0.634759	1.424989
0.091954	0.626075	0.632792	1.424965
0.091881	0.624618	0.631340	1.424744
0.092387	0.624327	0.631125	1.423883
0.095549	0.629647	0.636855	1.420195
0.101935	0.645137	0.653141	1.414087
0.100051	0.660095	0.667634	1.420370
0.087367	0.668433	0.674119	1.440828
0.073185	0.676998	0.680943	1.463112
0.087685	0.667817	0.673549	1.440242
0.075298	0.669697	0.673916	1.458831
0.050069	0.679855	0.681696	1.497283
0.076768	0.668891	0.673282	1.456527
0.086357	0.668689	0.674242	1.442364
0.098746	0.660477	0.667818	1.422388
0.090026	0.659640	0.665755	1.435156
0.070773	0.670174	0.673900	1.465583
0.056030	0.675574	0.677894	1.488049
0.039884	0.680446	0.681614	1.512249
0.056728	0.675398	0.677776	1.487001
0.071758	0.669701	0.673535	1.464055
0.090605	0.659327	0.665524	1.434231
0.099324	0.661433	0.668849	1.421745
0.089609	0.667016	0.673008	1.437252
0.076879	0.676305	0.680660	1.457607
0.092758	0.661914	0.668381	1.431567
0.097870	0.648854	0.656194	1.421090
0.095030	0.652194	0.659081	1.426106
0.085162	0.662112	0.667567	1.442877
0.059832	0.674683	0.677331	1.482346
0.043330	0.678341	0.679723	1.507006
0.025607	0.681229	0.681710	1.533224
0.043395	0.678329	0.679716	1.506910
0.059929	0.674650	0.677306	1.482199
0.085287	0.662031	0.667502	1.442676
0.095035	0.652133	0.659021	1.426085
0.097794	0.648694	0.656024	1.421168
0.092194	0.661876	0.668266	1.432395
0.079382	0.676093	0.680738	1.453919
0.091549	0.665680	0.671945	1.434127
0.090315	0.659856	0.666008	1.434770
0.097388	0.666759	0.673834	1.425759
0.083063	0.671437	0.676556	1.447712
0.067889	0.677390	0.680784	1.470909
0.085698	0.669146	0.674612	1.443419
0.100788	0.663170	0.670785	1.419971
0.101868	0.646716	0.654689	1.414565
0.099153	0.661007	0.668402	1.421903
0.073842	0.676376	0.680395	1.462054
0.088704	0.667900	0.673765	1.438759
0.079011	0.666812	0.671477	1.452856
0.083006	0.670751	0.675867	1.447671
0.099167	0.661040	0.668437	1.421889
0.092281	0.658386	0.664821	1.431541
0.082117	0.664078	0.669136	1.447765
0.068289	0.671138	0.674603	1.469394
0.053855	0.677923	0.680059	1.491521
0.074179	0.668369	0.672473	1.460264
0.088160	0.660612	0.666468	1.438129
0.095434	0.657663	0.664551	1.426692
0.092739	0.670355	0.676740	1.433326
0.077724	0.669625	0.674120	1.455243
0.101198	0.658618	0.666347	1.418336
0.094985	0.654590	0.661446	1.426695
0.072656	0.669351	0.673283	1.462672
0.046698	0.678189	0.679795	1.502047
0.031653	0.680264	0.681000	1.524300
0.016540	0.681990	0.682191	1.546549
0.035837	0.679779	0.680723	1.518127
0.055344	0.676471	0.678731	1.489165
0.072221	0.668835	0.672723	1.463233
0.085966	0.661853	0.667413	1.441633
0.096769	0.652774	0.659908	1.423625
0.091554	0.672316	0.678521	1.435451
0.088336	0.665682	0.671517	1.438867
0.065915	0.673399	0.676617	1.473223
0.086009	0.664423	0.669967	1.442064
0.095798	0.665152	0.672015	1.427756
0.079711	0.671566	0.676280	1.452655
0.099144	0.668880	0.676188	1.423644
0.099203	0.652857	0.660351	1.419998
0.097946	0.638005	0.645480	1.418467
0.095244	0.634100	0.641213	1.421707
0.094724	0.634965	0.641992	1.422708
0.095105	0.638043	0.645092	1.422828
0.096357	0.643776	0.650948	1.422225
0.093663	0.643080	0.649865	1.426166
0.092757	0.645265	0.651898	1.428024
0.089073	0.659723	0.665709	1.436593
0.066727	0.671764	0.675070	1.471790
0.051365	0.675985	0.677934	1.494956
0.032509	0.679441	0.680218	1.522985
0.016250	0.680326	0.680520	1.546915
0.000135	0.680742	0.680742	1.570598
0.015703	0.680338	0.680519	1.547719
0.031298	0.679536	0.680257	1.524771
0.048214	0.676608	0.678324	1.499658
0.063375	0.673136	0.676113	1.476925
0.086335	0.661593	0.667203	1.441034
0.092900	0.646060	0.652705	1.427980
0.093736	0.643624	0.650414	1.426176
0.096419	0.644167	0.651344	1.422219
0.095204	0.638336	0.645396	1.422743
0.094977	0.635459	0.642517	1.422433
0.096473	0.636331	0.643603	1.420334
0.099691	0.648279	0.655900	1.418214
0.091751	0.669724	0.675979	1.434646
0.085829	0.666163	0.671669	1.442661
0.071484	0.672461	0.676250	1.464892
0.056684	0.678762	0.681125	1.487480
0.083194	0.669269	0.674419	1.447125
0.100029	0.661728	0.669245	1.420769
0.087416	0.661403	0.667155	1.439390
0.074331	0.668134	0.672256	1.460000
0.057863	0.676003	0.678475	1.485409
0.039168	0.679806	0.680933	1.513243
0.019515	0.682527	0.682806	1.542211
0.043066	0.679155	0.680519	1.507471
0.063700	0.673744	0.676749	1.476530
0.083517	0.663241	0.668478	1.445533
0.092393	0.658590	0.665039	1.431417
0.094481	0.669643	0.676275	1.430630
0.090330	0.665647	0.671748	1.435917
0.072572	0.670391	0.674308	1.462964
0.056702	0.676402	0.678775	1.487163
0.037806	0.681367	0.682415	1.515368
0.066181	0.672920	0.676166	1.472763
0.088836	0.662198	0.668130	1.437439
0.086953	0.666747	0.672393	1.441115
0.060057	0.679820	0.682468	1.482682
0.086633	0.667955	0.673550	1.441817
0.100895	0.661366	0.669018	1.419407
0.098035	0.642597	0.650032	1.419402
0.095917	0.642498	0.649618	1.422602
0.095712	0.647967	0.654998	1.424145
0.092826	0.649507	0.656106	1.428840
0.086766	0.661111	0.666781	1.440299
0.072022	0.668610	0.672478	1.463491
0.052046	0.676610	0.678609	1.494025
0.033159	0.679190	0.679999	1.522013
0.014878	0.680784	0.680946	1.548945
0.000967	0.680698	0.680699	1.569375
-0.028277	0.679843	0.680431	1.612365
-0.044777	0.672961	0.674450	1.637236
-0.048344	0.666950	0.668700	1.643155
-0.046346	0.664315	0.665930	1.640449
-0.046241	0.662436	0.664048	1.640488
-0.046147	0.664153	0.665755	1.640167
-0.047757	0.666497	0.668206	1.642328
-0.035305	0.678462	0.679380	1.622786
-0.007215	0.680605	0.680644	1.581396
0.009470	0.680834	0.680900	1.556887
0.029894	0.679547	0.680204	1.526833
0.052646	0.676651	0.678696	1.493150
0.069549	0.669516	0.673118	1.467288
0.083749	0.662232	0.667507	1.444999
0.092636	0.656368	0.662873	1.430588
0.093965	0.645153	0.651960	1.426166
0.096486	0.645297	0.652470	1.422374
0.097917	0.643161	0.650572	1.419713
0.099635	0.643342	0.651011	1.417147
0.099385	0.657708	0.665174	1.420823
0.088559	0.665990	0.671852	1.438598
0.070701	0.675886	0.679574	1.466570
0.091378	0.666952	0.673183	1.434636
0.080805	0.665861	0.670746	1.450032
0.061475	0.675051	0.677844	1.479980
0.039000	0.681678	0.682793	1.513646
0.066486	0.673647	0.676920	1.472419
0.088943	0.664766	0.670690	1.437791
0.097469	0.650349	0.657612	1.422032
0.090116	0.663097	0.669192	1.435722
0.080436	0.676071	0.680839	1.452377
0.079797	0.670362	0.675095	1.452318
0.061671	0.677375	0.680177	1.480002
0.084881	0.666915	0.672295	1.444203
0.097267	0.666024	0.673089	1.425781
0.074520	0.674336	0.678441	1.460734
0.056044	0.678656	0.680966	1.488402
0.072092	0.672536	0.676389	1.464010
0.086950	0.667418	0.673058	1.441248
0.082392	0.675125	0.680134	1.449357
0.096879	0.660060	0.667132	1.425064
0.101951	0.646731	0.654718	1.414443
0.096290	0.630635	0.637944	1.419280
0.092673	0.624062	0.630905	1.423375
0.092243	0.624568	0.631343	1.424165
0.092568	0.626676	0.633476	1.424144
0.093257	0.629718	0.636586	1.423772
0.094163	0.633550	0.640509	1.423249
0.095293	0.638686	0.645756	1.422688
0.092078	0.635997	0.642628	1.427017
0.096246	0.646821	0.653942	1.423082
0.093575	0.648543	0.655258	1.427501
0.091103	0.652961	0.659286	1.432168
0.086312	0.658932	0.664561	1.440550
0.064465	0.672949	0.676030	1.475293
0.049739	0.676193	0.678020	1.497371
0.032857	0.678951	0.679745	1.522440
0.008814	0.680290	0.680348	1.557842
0.000009	0.680126	0.680126	1.570783
-0.021359	0.679692	0.680027	1.602210
-0.040236	0.676213	0.677409	1.630229
-0.047391	0.668154	0.669832	1.641606
-0.040637	0.666560	0.667798	1.631686
-0.025065	0.672360	0.672827	1.608058
-0.028482	0.677692	0.678290	1.612800
-0.031099	0.677813	0.678526	1.616645
-0.040169	0.675038	0.676232	1.630232
-0.045299	0.669975	0.671505	1.638306
-0.038861	0.668299	0.669428	1.628880
-0.027505	0.671911	0.672474	1.611709
-0.037769	0.675128	0.676184	1.626681
-0.023005	0.675205	0.675596	1.604854
-0.023451	0.674283	0.674691	1.605561
-0.041932	0.667085	0.668402	1.633572
-0.046588	0.670539	0.672155	1.640163
-0.034677	0.677754	0.678640	1.621917
-0.006391	0.679761	0.679791	1.580197
0.010502	0.679340	0.679422	1.555338
0.026082	0.678488	0.678989	1.532374
0.022398	0.678587	0.678956	1.537801
0.015873	0.678812	0.678997	1.547418
-0.008246	0.678669	0.678720	1.582946
-0.001392	0.677046	0.677047	1.572852
-0.016768	0.673554	0.673763	1.595687
-0.040035	0.662815	0.664023	1.631125
-0.058485	0.646576	0.649216	1.661004
-0.070618	0.635562	0.639473	1.681453
-0.081693	0.624959	0.630275	1.700777
-0.095122	0.612622	0.619963	1.724837
-0.117246	0.593174	0.604650	1.765940
-0.129622	0.583953	0.598166	1.789228
-0.141439	0.574482	0.591637	1.812199
-0.163279	0.558727	0.582096	1.855112
-0.184819	0.543420	0.573989	1.898627
-0.164948	0.557603	0.581489	1.858411
-0.144016	0.572600	0.590433	1.817197
-0.122408	0.589073	0.601657	1.775679
-0.105711	0.603508	0.612696	1.744198
-0.092704	0.615467	0.622409	1.720296
-0.072014	0.633343	0.637424	1.684014
-0.061295	0.644248	0.647157	1.665652
-0.050001	0.655403	0.657307	1.646939
-0.029400	0.667975	0.668621	1.614782
-0.015268	0.674644	0.674816	1.593423
0.005209	0.677873	0.677893	1.563112
0.017589	0.678152	0.678380	1.544866
0.025729	0.678005	0.678493	1.532866
0.028160	0.678150	0.678734	1.529295
0.002870	0.679664	0.679670	1.566574
-0.022168	0.679417	0.679778	1.603412
-0.042699	0.674545	0.675895	1.634012
-0.045050	0.667574	0.669092	1.638178
-0.028084	0.673617	0.674203	1.612464
-0.037586	0.672815	0.673864	1.626602
-0.022658	0.675651	0.676031	1.604319
-0.023293	0.675631	0.676032	1.605258
-0.024122	0.674625	0.675056	1.606538
-0.030861	0.676702	0.677405	1.616369
-0.039610	0.668189	0.669362	1.630006
-0.043915	0.672524	0.673956	1.636002
-0.028714	0.678178	0.678785	1.613111
-0.020005	0.676999	0.677295	1.600337
-0.022875	0.673671	0.674060	1.604738
-0.036135	0.667832	0.668808	1.624852
-0.044536	0.666822	0.668308	1.637486
-0.046637	0.671565	0.673182	1.640130
-0.033460	0.678075	0.678900	1.620101
-0.010881	0.679976	0.680063	1.586797
0.014207	0.680171	0.680320	1.549912
0.040543	0.678013	0.679224	1.511070
0.055813	0.674349	0.676655	1.488219
0.070257	0.670321	0.673993	1.466367
0.089680	0.654409	0.660525	1.434605
0.092636	0.649740	0.656311	1.429177
0.095788	0.648355	0.655393	1.424117
0.092267	0.638067	0.644703	1.427188
0.095429	0.640266	0.647338	1.422840
0.094405	0.635043	0.642022	1.423219
0.093626	0.631217	0.638122	1.423543
0.093109	0.628298	0.635160	1.423674
0.093164	0.626718	0.633605	1.423223
0.095163	0.629297	0.636451	1.420712
0.092052	0.621267	0.628050	1.423698
0.096346	0.629915	0.637240	1.419021
0.102944	0.650648	0.658741	1.413879
0.088278	0.672599	0.678368	1.440293
0.071366	0.672342	0.676119	1.465046
0.088639	0.661458	0.667370	1.437585
0.068360	0.673906	0.677365	1.469703
0.080878	0.673288	0.678128	1.451246
0.094239	0.660649	0.667336	1.429106
0.101553	0.648881	0.656780	1.415552
0.094791	0.667989	0.674682	1.429832
0.078949	0.666287	0.670948	1.452855
0.052572	0.677770	0.679806	1.493385
0.035776	0.680507	0.681447	1.518272
0.018979	0.682672	0.682936	1.543002
0.045066	0.678938	0.680432	1.504517
0.067048	0.672368	0.675703	1.471405
0.086775	0.662035	0.667698	1.440466
0.094755	0.658617	0.665398	1.427907
0.085376	0.671143	0.676552	1.444267
0.075134	0.669462	0.673665	1.459033
0.091270	0.667611	0.673821	1.434927
0.092448	0.672138	0.678466	1.434110
0.100810	0.644433	0.652270	1.415622
0.097426	0.639728	0.647104	1.419665
0.095228	0.638537	0.645599	1.422753
0.095720	0.642631	0.649720	1.422934
0.095283	0.650520	0.657461	1.425358
0.091851	0.652726	0.659157	1.430995
0.086405	0.658669	0.664312	1.440360
0.067770	0.671583	0.674994	1.470226
0.053270	0.675269	0.677367	1.492073
0.038294	0.678623	0.679703	1.514427
0.011747	0.680675	0.680776	1.553540
-0.001041	0.680492	0.680492	1.572326
-0.028907	0.679626	0.680240	1.613304
-0.046517	0.672766	0.674372	1.639829
-0.043955	0.666865	0.668312	1.636614
-0.042354	0.665323	0.666669	1.634370
-0.037707	0.666371	0.667437	1.627322
-0.036112	0.666550	0.667528	1.624921
-0.024992	0.672046	0.672511	1.607967
-0.041950	0.665282	0.666603	1.633768
-0.046449	0.665814	0.667432	1.640446
-0.048221	0.670175	0.671908	1.642626
-0.036212	0.676280	0.677249	1.624291
-0.021124	0.680052	0.680380	1.601848
-0.000544	0.680537	0.680537	1.571595
0.014144	0.680562	0.680709	1.550016
0.039375	0.678983	0.680124	1.512870
0.068048	0.671843	0.675280	1.469856
0.086420	0.659670	0.665306	1.440534
0.092607	0.653422	0.659952	1.430009
0.094433	0.648781	0.655617	1.426257
0.094984	0.645339	0.652291	1.424661
0.094754	0.642400	0.649351	1.424352
0.094280	0.639638	0.646549	1.424454
0.093879	0.637130	0.644010	1.424502
0.093707	0.635108	0.641983	1.424308
0.094213	0.634285	0.641244	1.423340
0.098237	0.639923	0.647419	1.418472
0.102832	0.658663	0.666641	1.415924
0.095541	0.668775	0.675565	1.428897
0.093235	0.661040	0.667582	1.430677
0.082803	0.666733	0.671855	1.447237
0.097597	0.668757	0.675841	1.425882
0.096780	0.652911	0.660044	1.423640
0.091065	0.658036	0.664308	1.433280
0.070253	0.670339	0.674010	1.466375
0.053661	0.676310	0.678435	1.491619
0.032415	0.681001	0.681772	1.523233
0.061590	0.674057	0.676865	1.479677
0.084195	0.662945	0.668270	1.444471
0.096293	0.657208	0.664225	1.425313
0.084950	0.671266	0.676620	1.444914
0.096789	0.656708	0.663802	1.424465
0.091365	0.657792	0.664107	1.432783
0.082911	0.663305	0.668467	1.446445
0.059077	0.675777	0.678355	1.483597
0.044264	0.678467	0.679909	1.505648
0.029254	0.680815	0.681443	1.527853
0.002067	0.682386	0.682389	1.567768
0.026580	0.680978	0.681496	1.531784
0.054727	0.677166	0.679374	1.490155
0.073042	0.668539	0.672517	1.461972
0.086516	0.660907	0.666546	1.440631
0.093927	0.656571	0.663256	1.428703
0.096425	0.669511	0.676419	1.427757
0.087929	0.666349	0.672125	1.439598
0.071869	0.671281	0.675118	1.464140
0.050003	0.679557	0.681394	1.497347
0.067210	0.672455	0.675805	1.471179
0.083320	0.664654	0.669856	1.446088
0.094547	0.665412	0.672095	1.429653
0.078166	0.672802	0.677327	1.455135
0.095847	0.658445	0.665385	1.426245
0.100069	0.646387	0.654088	1.417203
0.096228	0.634540	0.641795	1.420293
0.095411	0.635158	0.642284	1.421694
0.092604	0.631937	0.638686	1.425292
0.096849	0.641994	0.649258	1.421068
0.095851	0.644220	0.651311	1.423094
0.094738	0.650388	0.657252	1.426149
0.085070	0.661985	0.667429	1.442990
0.060353	0.674056	0.676753	1.481497
0.044230	0.677340	0.678783	1.505589
0.026710	0.679921	0.680445	1.531532
0.004835	0.680402	0.680420	1.563690
-0.013082	0.680198	0.680323	1.590026
-0.032457	0.678961	0.679736	1.618563
-0.047704	0.667240	0.668943	1.642170
-0.044635	0.673420	0.674898	1.636980
-0.019986	0.679982	0.680276	1.600180
0.007724	0.680413	0.680456	1.559445
0.025318	0.679820	0.680291	1.533571
0.044201	0.678421	0.679860	1.505736
0.069413	0.669905	0.673491	1.467549
0.086392	0.660346	0.665974	1.440707
0.092828	0.651948	0.658523	1.429361
0.094262	0.645918	0.652760	1.425884
0.094158	0.641824	0.648694	1.425132
0.094315	0.639064	0.645986	1.424270
0.096297	0.639514	0.646723	1.421341
0.092318	0.630716	0.637437	1.425459
0.095048	0.633891	0.640977	1.421961
0.095383	0.632599	0.639750	1.421143
0.098770	0.638501	0.646095	1.417323
0.102004	0.654775	0.662673	1.416254
0.088210	0.669861	0.675644	1.439865
0.079598	0.668160	0.672885	1.452225
0.065661	0.674573	0.677761	1.473764
0.051367	0.680600	0.682536	1.495466
0.072477	0.671356	0.675257	1.463257
0.090443	0.663999	0.670130	1.435420
0.099836	0.658248	0.665776	1.420274
0.092319	0.668497	0.674841	1.433564
0.064096	0.678095	0.681117	1.476553
0.083690	0.668540	0.673758	1.446261
0.098741	0.662924	0.670237	1.422936
0.098344	0.646626	0.654061	1.419866
0.096036	0.650174	0.657228	1.424148
0.093170	0.652173	0.658794	1.428896
0.074556	0.668364	0.672510	1.459706
0.058636	0.674424	0.676968	1.484071
0.038249	0.679277	0.680353	1.514547
0.022050	0.680699	0.681056	1.538415
0.005883	0.681650	0.681676	1.562166
0.026403	0.680395	0.680907	1.532010
0.048443	0.677826	0.679555	1.499449
0.062552	0.672421	0.675324	1.478038
0.076424	0.666716	0.671082	1.456667
0.090437	0.658660	0.664840	1.434345
0.096747	0.647706	0.654892	1.422524
0.098963	0.646460	0.653991	1.418891
0.097451	0.666854	0.673937	1.425688
0.085101	0.667402	0.672806	1.443970
0.059585	0.678524	0.681135	1.483205
0.085250	0.667119	0.672544	1.443696
0.098210	0.665888	0.673092	1.424365
0.092512	0.659244	0.665704	1.431376
0.081156	0.664754	0.669690	1.449313
0.067521	0.671581	0.674966	1.470593
0.053545	0.678110	0.680221	1.491998
0.075185	0.667986	0.672204	1.458713
0.089306	0.660477	0.666487	1.436397
0.097464	0.660540	0.667691	1.424301
0.084645	0.671362	0.676677	1.445378
0.077120	0.668921	0.673352	1.456013
0.102237	0.662578	0.670419	1.417702
0.100183	0.644354	0.652096	1.416552
0.096627	0.640249	0.647500	1.421005
0.096639	0.643693	0.650907	1.421777
0.094228	0.643021	0.649889	1.425292
0.092702	0.644682	0.651313	1.427981
0.092093	0.657356	0.663775	1.431606
0.070656	0.670071	0.673786	1.465740
0.053782	0.675755	0.677892	1.491376
0.030570	0.679830	0.680517	1.525859
0.012482	0.680694	0.680809	1.552461
-0.006988	0.680887	0.680922	1.581059
0.009586	0.680733	0.680801	1.556715
0.024835	0.680208	0.680661	1.534301
0.054042	0.676214	0.678370	1.491047
0.075599	0.667825	0.672091	1.458074
0.090534	0.652677	0.658926	1.432964
0.093315	0.648131	0.654814	1.427804
0.094222	0.645128	0.651973	1.425771
0.096738	0.645235	0.652446	1.421978
0.096503	0.640656	0.647884	1.421289
0.099148	0.642737	0.650339	1.417744
0.100690	0.658079	0.665737	1.418968
0.093065	0.664705	0.671188	1.431691
0.069617	0.673916	0.677502	1.467859
0.086914	0.670593	0.676202	1.441908
0.095469	0.660208	0.667074	1.427188
0.083644	0.663623	0.668874	1.445415
0.066493	0.672193	0.675474	1.472198
0.047168	0.679627	0.681262	1.501505
0.070764	0.671340	0.675060	1.465777
0.089014	0.664974	0.670905	1.437727
0.099523	0.667837	0.675211	1.422862
0.097103	0.648539	0.655768	1.422175
0.094831	0.651662	0.658525	1.426289
0.089798	0.658449	0.664544	1.435254
0.072671	0.668896	0.672832	1.462578
0.057749	0.674628	0.677095	1.485404
0.041221	0.679749	0.680997	1.510229
0.021914	0.681764	0.682116	1.538665
0.041237	0.678984	0.680235	1.510138
0.059296	0.675119	0.677718	1.483190
0.074076	0.667921	0.672016	1.460342
0.086949	0.661165	0.666858	1.440038
0.096385	0.653001	0.660076	1.424251
0.100053	0.666819	0.674283	1.421862
0.083905	0.666193	0.671456	1.445509
0.097274	0.661720	0.668832	1.424840
0.101389	0.666636	0.674302	1.419862
0.098933	0.640878	0.648469	1.417635
0.094605	0.634405	0.641420	1.422763
0.094011	0.635111	0.642031	1.423840
0.094081	0.637162	0.644070	1.424200
0.094384	0.639939	0.646862	1.424363
0.094850	0.643454	0.650408	1.424443
0.094604	0.648261	0.655128	1.425884
0.091208	0.656460	0.662766	1.432742
0.073683	0.668322	0.672372	1.460989
0.056845	0.674881	0.677270	1.486766
0.034447	0.679916	0.680788	1.520176
0.018974	0.680461	0.680726	1.542919
0.003704	0.680633	0.680643	1.565355
-0.012496	0.680378	0.680493	1.589160
-0.029145	0.679631	0.680255	1.613654
-0.048397	0.667723	0.669475	1.643150
-0.039687	0.667040	0.668220	1.630223
-0.039726	0.665764	0.666948	1.630395
-0.034744	0.667372	0.668276	1.622810
-0.022330	0.677228	0.677596	1.603756
-0.024143	0.672886	0.673319	1.606661
-0.045530	0.661775	0.663339	1.639488
-0.033415	0.667746	0.668581	1.620796
-0.029089	0.669854	0.670485	1.614195
-0.043189	0.665017	0.666418	1.635650
-0.042767	0.667519	0.668888	1.634778
-0.048082	0.671168	0.672888	1.642314
-0.032191	0.679159	0.679921	1.618158
-0.016758	0.680143	0.680349	1.595430
-0.001287	0.680613	0.680614	1.572688
0.018928	0.680205	0.680468	1.542977
0.042893	0.678390	0.679744	1.507653
0.066755	0.670998	0.674310	1.471637
0.084520	0.661845	0.667220	1.443780
0.093014	0.653587	0.660173	1.429433
0.096387	0.648797	0.655918	1.423313
0.093379	0.638550	0.645341	1.425589
0.096242	0.640682	0.647870	1.421693
0.097976	0.640599	0.648048	1.419028
0.100025	0.654287	0.661889	1.419095
0.095036	0.664735	0.671494	1.428790
0.081083	0.670151	0.675038	1.450390
0.066936	0.675321	0.678630	1.472001
0.087650	0.670163	0.675871	1.440746
0.093190	0.659909	0.666456	1.430508
0.067296	0.672346	0.675706	1.471037
0.049042	0.678272	0.680043	1.498618
0.026681	0.682499	0.683020	1.531723
0.042008	0.679603	0.680900	1.509062
0.057062	0.676320	0.678723	1.486624
0.081028	0.665088	0.670006	1.449564
0.098202	0.661631	0.668879	1.423448
0.082456	0.670535	0.675586	1.448440
0.099331	0.658755	0.666202	1.421137
0.092570	0.657276	0.663763	1.430878
0.076882	0.666904	0.671321	1.456021
0.059513	0.674491	0.677111	1.482791
0.038335	0.680405	0.681485	1.514514
0.059261	0.674569	0.677167	1.483171
0.076441	0.667148	0.671513	1.456716
0.092442	0.657390	0.663858	1.431092
0.099280	0.658767	0.666206	1.421216
0.082812	0.670441	0.675536	1.447901
0.055909	0.678799	0.681097	1.488617
0.065016	0.677750	0.680862	1.475160
0.083429	0.668616	0.673801	1.446659
0.098192	0.662683	0.669919	1.423694
0.098282	0.647072	0.654494	1.420061
0.095587	0.648126	0.655137	1.424370
0.092191	0.655736	0.662185	1.431120
0.073451	0.668576	0.672599	1.461374
0.055116	0.675589	0.677833	1.489394
0.029849	0.680357	0.681011	1.526952
0.014083	0.680943	0.681089	1.550118
-0.001730	0.681119	0.681122	1.573336
-0.019936	0.680574	0.680866	1.600082
-0.037348	0.678252	0.679280	1.625806
-0.051233	0.667515	0.669478	1.647398
-0.044500	0.675101	0.676566	1.636618
-0.029266	0.679112	0.679742	1.613863
-0.013005	0.680856	0.680981	1.589895
0.007937	0.681198	0.681245	1.559146
0.027362	0.680130	0.680680	1.530587
0.048098	0.677950	0.679654	1.499969
0.063894	0.672059	0.675090	1.476009
0.078725	0.665522	0.670162	1.453053
0.091668	0.658127	0.664481	1.432400
0.094810	0.646174	0.653092	1.425111
0.095891	0.644359	0.651455	1.423065
0.097220	0.643949	0.651246	1.420953
0.098691	0.669131	0.676370	1.424361
0.090644	0.669976	0.676080	1.436318
0.101733	0.659500	0.667300	1.417745
0.093646	0.665918	0.672470	1.431086
0.080247	0.665991	0.670808	1.450882
0.061133	0.675020	0.677782	1.480477
0.038715	0.681556	0.682655	1.514054
0.053603	0.677107	0.679226	1.491796
0.067949	0.672304	0.675729	1.470069
0.090454	0.662081	0.668231	1.435016
0.085059	0.668959	0.674345	1.444323
0.071650	0.677787	0.681564	1.465476
0.090571	0.666351	0.672478	1.435703
0.100495	0.655708	0.663365	1.418718
0.100125	0.640815	0.648590	1.415803
0.094607	0.624497	0.631622	1.420446
0.094000	0.624471	0.631506	1.421390
0.090663	0.618786	0.625393	1.425314
0.090090	0.618552	0.625079	1.426167
0.089294	0.618101	0.624518	1.427324
0.095464	0.631040	0.638220	1.420654
0.091150	0.624010	0.630632	1.425751
0.089891	0.623065	0.629516	1.427513
0.095687	0.634964	0.642133	1.421226
0.093312	0.632823	0.639665	1.424398
0.092432	0.633470	0.640178	1.425905
0.092052	0.635001	0.641638	1.426835
0.091926	0.636953	0.643552	1.427465
0.091917	0.639122	0.645698	1.427959
0.090140	0.640422	0.646734	1.430965
0.094261	0.654553	0.661306	1.427771
0.089307	0.657363	0.663402	1.435766
0.067420	0.671634	0.675009	1.470750
0.048074	0.676761	0.678467	1.499880
0.024574	0.679599	0.680043	1.534653
0.001518	0.680097	0.680098	1.568564
-0.021834	0.679706	0.680056	1.602909
-0.041945	0.675374	0.676675	1.632824
-0.046462	0.667417	0.669032	1.640298
-0.037866	0.667255	0.668329	1.627485
-0.021888	0.674294	0.674649	1.603245
-0.023350	0.677852	0.678254	1.605230
-0.043255	0.669640	0.671036	1.635301
-0.043720	0.668946	0.670374	1.636060
-0.039130	0.668391	0.669536	1.629273
-0.030351	0.670688	0.671374	1.616019
-0.024617	0.674150	0.674600	1.607296
-0.030581	0.677245	0.677935	1.615920
-0.035003	0.676408	0.677313	1.622499
-0.030910	0.675631	0.676338	1.616514
-0.039616	0.674701	0.675863	1.629445
-0.028281	0.677727	0.678317	1.612501
-0.036682	0.670533	0.671535	1.625448
-0.031602	0.670830	0.671574	1.617871
-0.039043	0.669415	0.670553	1.629054
-0.041957	0.672154	0.673462	1.633138
-0.021620	0.675200	0.675546	1.602805
-0.038983	0.667266	0.668403	1.629151
-0.041985	0.669891	0.671205	1.633388
-0.043581	0.674265	0.675672	1.635341
-0.027826	0.678731	0.679302	1.611771
-0.009653	0.679847	0.679916	1.584994
0.012272	0.679701	0.679812	1.552743
0.007087	0.679714	0.679751	1.560370
0.028587	0.678144	0.678747	1.528666
0.019414	0.678501	0.678779	1.542191
0.023368	0.677611	0.678013	1.536324
-0.000518	0.678344	0.678344	1.571560
-0.003413	0.676598	0.676607	1.575841
-0.022539	0.671379	0.671757	1.604355
-0.043608	0.659950	0.661389	1.636778
-0.058736	0.645281	0.647949	1.661570
-0.080151	0.625629	0.630742	1.698216
-0.093273	0.613536	0.620585	1.721666
-0.114235	0.595919	0.606769	1.760194
-0.130428	0.582866	0.597281	1.790939
-0.151794	0.566723	0.586700	1.832499
-0.167287	0.555742	0.580375	1.863185
-0.182193	0.544925	0.574576	1.893458
-0.203565	0.528847	0.566673	1.938237
-0.218922	0.517737	0.562120	1.970839
-0.233196	0.506690	0.557777	2.002129
-0.253914	0.490924	0.552701	2.048123
-0.272642	0.475735	0.548323	2.091199
-0.252318	0.492296	0.553191	2.044420
-0.240030	0.501700	0.556163	2.017041
-0.227417	0.510908	0.559236	1.989587
-0.208993	0.524851	0.564930	1.949745
-0.187364	0.540230	0.571798	1.904638
-0.168270	0.554080	0.579068	1.865637
-0.148040	0.568709	0.587661	1.825453
-0.125709	0.585834	0.599169	1.782172
-0.107265	0.601495	0.610984	1.747271
-0.091686	0.615825	0.622613	1.718593
-0.077134	0.629626	0.634333	1.692697
-0.064170	0.642746	0.645941	1.670303
-0.047265	0.660472	0.662161	1.642237
-0.032953	0.667112	0.667925	1.620153
-0.019106	0.673063	0.673334	1.599175
-0.008687	0.676032	0.676088	1.583645
0.002372	0.677361	0.677365	1.567294
0.012427	0.677834	0.677948	1.552465
0.020901	0.677861	0.678183	1.539972
0.028811	0.677580	0.678192	1.528301
0.036241	0.677070	0.678039	1.517321
0.037706	0.677207	0.678256	1.515175
0.008888	0.679593	0.679651	1.557718
-0.017072	0.679619	0.679833	1.595911
-0.044190	0.673712	0.675160	1.636294
-0.042610	0.667007	0.668367	1.634593
-0.026500	0.676474	0.676993	1.609949
-0.025950	0.677644	0.678140	1.609071
-0.043900	0.670284	0.671720	1.636197
-0.040219	0.674409	0.675608	1.630362
-0.041984	0.673068	0.674377	1.633093
-0.043053	0.671442	0.672821	1.634828
-0.028926	0.677273	0.677890	1.613481
-0.024403	0.674607	0.675048	1.606954
-0.030878	0.670476	0.671186	1.616818
-0.033685	0.669682	0.670529	1.621054
-0.040746	0.674732	0.675961	1.631112
-0.022681	0.677779	0.678159	1.604247
-0.021642	0.674502	0.674849	1.602871
-0.037226	0.667471	0.668509	1.626510
-0.046307	0.667389	0.668994	1.640070
-0.041670	0.675496	0.676780	1.632406
-0.021078	0.679718	0.680045	1.601796
0.002169	0.680066	0.680070	1.567607
0.014286	0.680048	0.680198	1.549793
0.041063	0.677889	0.679132	1.510296
0.058252	0.673761	0.676274	1.484552
0.072856	0.669036	0.672991	1.462327
0.091364	0.650780	0.657162	1.431316
0.093317	0.647397	0.654088	1.427640
0.096189	0.646598	0.653714	1.423118
0.091879	0.635401	0.642010	1.427192
0.095554	0.638769	0.645877	1.422307
0.091461	0.629869	0.636475	1.426598
0.095024	0.634218	0.641297	1.422074
0.095362	0.632316	0.639466	1.421111
0.088124	0.618475	0.624722	1.429263
0.089703	0.619780	0.626238	1.427060
0.090459	0.620168	0.626731	1.425956
0.093763	0.625394	0.632383	1.421978
0.092755	0.621676	0.628558	1.422688
0.092671	0.620385	0.627268	1.422516
0.093977	0.622358	0.629414	1.420928
0.099967	0.639902	0.647663	1.415827
0.101717	0.655678	0.663521	1.416891
0.091132	0.667786	0.673975	1.435165
0.076355	0.672564	0.676885	1.457753
0.059847	0.679554	0.682185	1.482955
0.086469	0.667451	0.673029	1.441963
0.097336	0.661170	0.668296	1.424628
0.077367	0.667142	0.671613	1.455345
0.055868	0.676646	0.678949	1.488417
0.027485	0.682333	0.682887	1.530537
0.048100	0.678370	0.680073	1.500010
0.065501	0.673114	0.676294	1.473792
0.091771	0.660199	0.666546	1.432676
0.089163	0.669557	0.675468	1.438409
0.097895	0.651993	0.659301	1.421762
0.082943	0.672112	0.677211	1.448011
0.092289	0.673057	0.679355	1.434528
0.095852	0.656991	0.663946	1.425923
0.096746	0.642084	0.649332	1.421247
0.095730	0.642663	0.649753	1.422925
0.095485	0.644756	0.651788	1.423769
0.094973	0.647627	0.654554	1.425186
0.093610	0.651513	0.658204	1.428092
0.089593	0.657088	0.663168	1.435283
0.069807	0.670990	0.674611	1.467133
0.050899	0.677045	0.678955	1.495759
0.025408	0.680440	0.680915	1.533474
-0.002478	0.680994	0.680998	1.574435
-0.025495	0.680240	0.680717	1.608259
-0.043881	0.675210	0.676635	1.635694
-0.048708	0.666132	0.667911	1.643788
-0.050195	0.662502	0.664401	1.646418
-0.050213	0.668955	0.670836	1.645717
-0.040782	0.676701	0.677929	1.630989
-0.025483	0.679317	0.679795	1.608292
-0.009979	0.680803	0.680876	1.585453
0.010916	0.680935	0.681023	1.554767
0.029783	0.680348	0.681000	1.527049
0.056948	0.675120	0.677517	1.486643
0.076587	0.666898	0.671281	1.456456
0.092833	0.654490	0.661041	1.429896
0.095244	0.646940	0.653914	1.424624
0.095892	0.643392	0.650499	1.422844
0.099008	0.645250	0.652802	1.418543
0.095529	0.657895	0.664794	1.426600
0.078100	0.673635	0.678147	1.455374
0.094972	0.666817	0.673547	1.429321
0.089765	0.661992	0.668050	1.436020
0.074794	0.668760	0.672929	1.459420
0.055223	0.677911	0.680156	1.489516
0.070532	0.672062	0.675753	1.466231
0.085225	0.666392	0.671820	1.443596
0.101327	0.665666	0.673333	1.419737
0.096887	0.650166	0.657345	1.422866
0.094223	0.653505	0.660263	1.427602
0.088809	0.659343	0.665297	1.436908
0.074358	0.668042	0.672167	1.459945
0.049694	0.678615	0.680432	1.497699
0.042954	0.679743	0.681098	1.507689
0.067800	0.671237	0.674652	1.470131
0.086340	0.661284	0.666896	1.440966
0.094166	0.654694	0.661431	1.427945
0.097911	0.652563	0.659868	1.421867
0.085667	0.674352	0.679771	1.444437
0.087648	0.665273	0.671021	1.439803
0.079892	0.666034	0.670808	1.451416
0.081764	0.672490	0.677443	1.449806
0.099081	0.668782	0.676082	1.423715
0.098122	0.639018	0.646507	1.418435
0.094828	0.634771	0.641815	1.422503
0.094983	0.637570	0.644607	1.422907
0.096216	0.643293	0.650448	1.422329
0.093348	0.642279	0.649027	1.426469
0.092034	0.644033	0.650576	1.428855
0.091605	0.657544	0.663895	1.432373
0.074267	0.668052	0.672167	1.460082
0.058535	0.673974	0.676512	1.484163
0.038056	0.678779	0.679845	1.514789
0.020740	0.680002	0.680319	1.540306
0.003803	0.680621	0.680632	1.565209
-0.015730	0.680128	0.680310	1.593920
-0.040450	0.675865	0.677075	1.630574
-0.048368	0.668934	0.670680	1.642977
-0.044876	0.665645	0.667156	1.638112
-0.038489	0.666436	0.667547	1.628485
-0.026520	0.676364	0.676883	1.609985
-0.020576	0.674029	0.674343	1.601313
-0.018135	0.674823	0.675066	1.597664
-0.033234	0.667579	0.668406	1.620538
-0.016092	0.677245	0.677436	1.594553
-0.021244	0.673552	0.673887	1.602326
-0.029955	0.669474	0.670144	1.615511
-0.033819	0.668504	0.669359	1.621342
-0.046379	0.666197	0.667809	1.640302
-0.047528	0.671467	0.673147	1.641461
-0.034148	0.678276	0.679135	1.621099
-0.009642	0.680275	0.680343	1.584969
0.007712	0.680567	0.680610	1.559465
0.027735	0.679727	0.680293	1.530016
0.051507	0.677220	0.679176	1.494886
0.070993	0.669048	0.672804	1.465082
0.085431	0.660984	0.666482	1.442260
0.092482	0.654204	0.660709	1.430362
0.096587	0.650956	0.658083	1.423493
0.093244	0.639827	0.646585	1.426083
0.093991	0.638574	0.645454	1.424656
0.094033	0.636899	0.643803	1.424214
0.093937	0.635210	0.642118	1.423977
0.093828	0.633631	0.640540	1.423784
0.093849	0.632364	0.639290	1.423462
0.094466	0.632196	0.639215	1.422469
0.099013	0.639986	0.647599	1.417302
0.100307	0.654840	0.662478	1.418800
0.091228	0.666126	0.672344	1.434689
0.069268	0.678256	0.681784	1.469023
0.093251	0.670670	0.677122	1.432640
0.096430	0.664171	0.671134	1.426615
0.075290	0.676777	0.680952	1.460004
0.094218	0.661532	0.668208	1.429323
0.098029	0.647972	0.655346	1.420649
0.095252	0.652174	0.659093	1.425769
0.090860	0.656051	0.662313	1.433177
0.075783	0.667637	0.671924	1.457770
0.061353	0.673104	0.675895	1.479898
0.046189	0.678124	0.679695	1.502788
0.030071	0.680163	0.680827	1.526614
0.013940	0.681721	0.681863	1.550352
0.036293	0.680152	0.681120	1.517487
0.058510	0.674557	0.677090	1.484274
0.075892	0.667241	0.671544	1.457543
0.091776	0.656247	0.662634	1.431847
0.095157	0.649126	0.656063	1.425240
0.096136	0.645336	0.652457	1.422914
0.097095	0.643763	0.651044	1.421100
0.100663	0.648117	0.655888	1.416711
0.093625	0.660265	0.666869	1.429936
0.081346	0.673361	0.678257	1.450573
0.091520	0.665208	0.671474	1.434074
0.077304	0.669787	0.674233	1.455889
0.062482	0.675443	0.678327	1.478553
0.087540	0.665781	0.671511	1.440062
0.065909	0.674060	0.677274	1.473327
0.037915	0.681788	0.682841	1.515242
0.063575	0.674191	0.677181	1.476776
0.085549	0.663585	0.669076	1.442584
0.091837	0.667569	0.673856	1.434086
0.073061	0.675602	0.679541	1.463073
0.088705	0.664622	0.670515	1.438113
0.097957	0.654592	0.661881	1.422253
0.097588	0.641249	0.648632	1.419770
0.094218	0.637917	0.644837	1.424160
0.093927	0.639409	0.646271	1.424943
0.093946	0.641545	0.648388	1.425392
0.093314	0.643584	0.650313	1.426809
0.093156	0.656666	0.663241	1.429874
0.080279	0.664741	0.669571	1.450611
0.062847	0.672629	0.675559	1.477632
0.041591	0.678747	0.680020	1.509596
0.023724	0.680077	0.680491	1.535926
0.006404	0.680746	0.680776	1.561389
-0.016934	0.680297	0.680507	1.595683
-0.039459	0.676433	0.677583	1.629064
-0.049181	0.669530	0.671334	1.644120
-0.047729	0.665007	0.666718	1.642446
-0.047531	0.672237	0.673915	1.641384
-0.031409	0.679399	0.680124	1.616995
-0.003393	0.680684	0.680692	1.575780
0.020028	0.680706	0.681000	1.541383
0.036207	0.678845	0.679809	1.517510
0.052384	0.676442	0.678468	1.493511
0.079260	0.665529	0.670232	1.452261
0.094743	0.651193	0.658049	1.426318
0.096162	0.644832	0.651963	1.422760
0.098856	0.645217	0.652746	1.418765
0.095483	0.668088	0.674877	1.428838
0.091015	0.661803	0.668032	1.434128
0.066815	0.673066	0.676374	1.471851
0.051604	0.678248	0.680209	1.494858
0.034660	0.682808	0.683687	1.520078
0.051015	0.678487	0.680402	1.495748
0.066020	0.673638	0.676866	1.473104
0.091087	0.662790	0.669019	1.434222
0.083358	0.670914	0.676073	1.447184
0.101162	0.649959	0.657784	1.416391
0.095554	0.634665	0.641817	1.421361
0.094429	0.634155	0.641147	1.422977
0.094260	0.635581	0.642532	1.423564
0.094413	0.637898	0.644847	1.423857
0.094822	0.641130	0.648104	1.423962
0.095302	0.645648	0.652644	1.424248
0.093447	0.653744	0.660389	1.428817
0.073925	0.668426	0.672501	1.460649
0.051845	0.676462	0.678445	1.494304
0.023339	0.680644	0.681044	1.536520
-0.002363	0.680519	0.680523	1.574268
-0.021665	0.679941	0.680286	1.602649
-0.039394	0.676909	0.678054	1.628928
-0.048676	0.668488	0.670258	1.643484
-0.042609	0.665263	0.666626	1.634758
-0.024200	0.674420	0.674854	1.606664
-0.027268	0.670525	0.671079	1.611440
-0.023051	0.672422	0.672817	1.605063
-0.036136	0.676337	0.677302	1.624174
-0.016036	0.677061	0.677251	1.594477
-0.018748	0.674094	0.674355	1.598601
-0.031978	0.667949	0.668714	1.618635
-0.049310	0.659559	0.661400	1.645420
-0.022381	0.672677	0.673049	1.604056
-0.023830	0.672249	0.672671	1.606230
-0.040145	0.665788	0.666997	1.631020
-0.046010	0.665776	0.667364	1.639794
-0.048456	0.670227	0.671976	1.642968
-0.037272	0.677378	0.678403	1.625764
-0.011369	0.680305	0.680400	1.587506
0.008068	0.680775	0.680823	1.558945
0.027060	0.679705	0.680243	1.531006
0.047322	0.677528	0.679178	1.501064
0.063824	0.671771	0.674796	1.476073
0.078993	0.665236	0.669910	1.452606
0.091542	0.657464	0.663806	1.432450
0.093626	0.644640	0.651403	1.426567
0.096064	0.644764	0.651881	1.422894
0.094946	0.639079	0.646094	1.423308
0.094417	0.635580	0.642555	1.423323
0.094927	0.634431	0.641493	1.422273
0.100077	0.642640	0.650386	1.416310
0.100882	0.658762	0.666442	1.418838
0.089432	0.666876	0.672845	1.437486
0.065929	0.677748	0.680947	1.473824
0.085928	0.669717	0.675207	1.443189
0.091462	0.662328	0.668613	1.433573
0.077168	0.667718	0.672163	1.455736
0.058059	0.676776	0.679262	1.485218
0.072909	0.670100	0.674054	1.462419
0.087029	0.663654	0.669336	1.440405
0.085886	0.669263	0.674751	1.443165
0.063846	0.678205	0.681204	1.476934
0.070204	0.674532	0.678175	1.467092
0.091930	0.664900	0.671225	1.433405
0.100555	0.657442	0.665087	1.419024
0.096969	0.654878	0.662018	1.423792
0.088463	0.660538	0.666436	1.437662
0.068491	0.670991	0.674478	1.469074
0.054166	0.675499	0.677668	1.490782
0.039516	0.679684	0.680832	1.512723
0.017712	0.681649	0.681879	1.544818
-0.002928	0.682453	0.682460	1.575087
0.013112	0.681890	0.682016	1.551570
0.028950	0.680900	0.681515	1.528305
0.048922	0.677583	0.679347	1.498720
0.065268	0.673193	0.676350	1.474146
0.089499	0.659091	0.665140	1.435831
0.094667	0.655362	0.662164	1.427338
0.099447	0.658220	0.665690	1.420846
0.085448	0.669013	0.674447	1.443762
0.090926	0.661898	0.668114	1.434279
0.069170	0.671678	0.675231	1.468177
0.054841	0.676678	0.678897	1.489928
0.039938	0.681313	0.682482	1.512244
0.066752	0.672800	0.676104	1.471905
0.088646	0.662555	0.668459	1.437792
0.085914	0.668512	0.674010	1.442982
0.066783	0.678362	0.681642	1.472665
0.089148	0.667623	0.673548	1.438051
0.101411	0.658797	0.666557	1.418062
0.101165	0.642534	0.650449	1.414632
0.093952	0.621741	0.628799	1.420820
0.092576	0.619488	0.626367	1.422454
0.092376	0.620024	0.626868	1.422896
0.092980	0.622516	0.629421	1.422531
0.090017	0.617840	0.624363	1.426117
0.094252	0.627215	0.634258	1.421641
0.091769	0.623667	0.630383	1.424701
0.091010	0.623608	0.630214	1.425878
0.090726	0.624402	0.630959	1.426505
0.090622	0.625486	0.632016	1.426915
0.090655	0.626740	0.633263	1.427148
0.090416	0.627677	0.634155	1.427732
0.096758	0.640614	0.647880	1.420891
0.094629	0.640172	0.647128	1.424041
0.093918	0.642322	0.649152	1.425609
0.093523	0.645628	0.652367	1.426941
0.092336	0.650036	0.656561	1.429693
0.089540	0.655890	0.661974	1.435118
0.081901	0.662518	0.667561	1.447800
0.062568	0.673843	0.676742	1.478210
0.047291	0.676892	0.678542	1.501045
0.029113	0.679248	0.679872	1.527962
0.007844	0.680076	0.680121	1.559263
-0.012260	0.679967	0.680077	1.588824
-0.037252	0.677395	0.678419	1.625734
-0.043632	0.671017	0.672434	1.635729
-0.043631	0.666508	0.667934	1.636165
-0.026533	0.673177	0.673700	1.610191
-0.021619	0.675365	0.675711	1.602797
-0.021831	0.677337	0.677689	1.603016
-0.029772	0.678022	0.678675	1.614678
-0.041478	0.674297	0.675571	1.632232
-0.029813	0.671509	0.672170	1.615164
-0.030923	0.670577	0.671290	1.616878
-0.024781	0.674519	0.674974	1.607518
-0.040049	0.673893	0.675082	1.630156
-0.040392	0.673915	0.675124	1.630661
-0.043185	0.670523	0.671912	1.635112
-0.034121	0.675225	0.676086	1.621286
-0.033487	0.670260	0.671096	1.620717
-0.033844	0.670055	0.670910	1.621263
-0.040208	0.668851	0.670059	1.630840
-0.035224	0.674173	0.675092	1.622997
-0.040940	0.670723	0.671972	1.631760
-0.035877	0.674178	0.675132	1.623963
-0.043839	0.671710	0.673139	1.635969
-0.033540	0.675245	0.676078	1.620427
-0.039617	0.673547	0.674711	1.629547
-0.041370	0.670614	0.671889	1.632409
-0.028621	0.676621	0.677226	1.613071
-0.027908	0.675486	0.676063	1.612089
-0.032407	0.671385	0.672166	1.619027
-0.036117	0.676414	0.677377	1.624140
-0.022963	0.677216	0.677605	1.604692
-0.025023	0.672683	0.673148	1.607978
-0.041837	0.666745	0.668056	1.633462
-0.046311	0.672109	0.673703	1.639591
-0.022741	0.679590	0.679970	1.604246
0.006102	0.679907	0.679935	1.561821
0.027947	0.678792	0.679367	1.529649
0.057311	0.674503	0.676934	1.486032
0.039385	0.677510	0.678654	1.512729
0.055224	0.673802	0.676061	1.489021
0.069659	0.669697	0.673310	1.467153
0.055359	0.673713	0.675984	1.488810
0.038280	0.677269	0.678350	1.514335
0.012784	0.679465	0.679586	1.551983
0.022040	0.678523	0.678881	1.538326
0.032696	0.676977	0.677766	1.522537
0.017007	0.677958	0.678171	1.545715
-0.000520	0.678526	0.678527	1.571563
-0.011930	0.675679	0.675785	1.588451
-0.023344	0.670571	0.670977	1.605595
-0.036857	0.662917	0.663941	1.626338
-0.049900	0.654795	0.656694	1.646857
-0.062202	0.641959	0.644966	1.667389
-0.073308	0.630427	0.634674	1.686559
-0.087957	0.617530	0.623763	1.712279
-0.099906	0.606471	0.614645	1.734063
-0.112688	0.595774	0.606337	1.757734
-0.125546	0.585352	0.598664	1.782075
-0.143304	0.571441	0.589136	1.816505
-0.160054	0.559674	0.582110	1.849339
-0.175266	0.548416	0.575741	1.880124
-0.199280	0.530767	0.566945	1.929968
-0.215350	0.519217	0.562105	1.963961
-0.230090	0.507861	0.557552	1.996190
-0.246385	0.495660	0.553520	2.032109
-0.261664	0.483594	0.549846	2.066767
-0.275455	0.472418	0.546858	2.098678
-0.288612	0.461187	0.544050	2.129973
-0.303141	0.448712	0.541514	2.164945
-0.316757	0.436302	0.539161	2.198762
-0.328048	0.425588	0.537346	2.227485
-0.338845	0.414684	0.535517	2.255887
-0.354659	0.398403	0.533393	2.298171
-0.368323	0.383073	0.531420	2.336567
-0.382431	0.366935	0.529995	2.376870
-0.395080	0.351331	0.528698	2.414740
-0.406056	0.337105	0.527751	2.448710
-0.416127	0.323067	0.526815	2.481429
-0.402008	0.342427	0.528078	2.436060
-0.385563	0.363023	0.529570	2.386296
-0.374683	0.376092	0.530879	2.354318
-0.362897	0.389298	0.532210	2.321110
-0.349347	0.403845	0.533979	2.283964
-0.334409	0.418789	0.535923	2.244631
-0.321772	0.431201	0.538026	2.211876
-0.308083	0.443731	0.540196	2.177688
-0.292775	0.457357	0.543041	2.140212
-0.276056	0.471271	0.546171	2.100686
-0.261595	0.483369	0.549616	2.066852
-0.246065	0.495571	0.553298	2.031662
-0.226665	0.510550	0.558604	1.988618
-0.204841	0.526236	0.564698	1.942007
-0.191414	0.536536	0.569658	1.913479
-0.177028	0.546740	0.574686	1.883931
-0.154778	0.563053	0.583939	1.839061
-0.140641	0.573912	0.590893	1.811117
-0.124783	0.585269	0.598423	1.780858
-0.106644	0.600678	0.610071	1.746505
-0.091368	0.614700	0.621454	1.718355
-0.077324	0.627684	0.632429	1.693368
-0.065401	0.639335	0.642672	1.672737
-0.051148	0.653533	0.655531	1.648902
-0.037312	0.662869	0.663918	1.627026
-0.022189	0.671028	0.671395	1.603851
-0.005856	0.675596	0.675622	1.579463
0.008996	0.677057	0.677116	1.557511
0.020569	0.677320	0.677632	1.540437
0.030640	0.677003	0.677696	1.525568
0.037838	0.676612	0.677670	1.514931
0.017642	0.679094	0.679323	1.544823
0.044640	0.676052	0.677524	1.504861
0.059284	0.671985	0.674595	1.482801
0.073625	0.667588	0.671636	1.460956
0.059359	0.672219	0.674835	1.482722
0.044844	0.676530	0.678015	1.504609
0.067789	0.670770	0.674186	1.470076
0.039488	0.677425	0.678575	1.512571
0.014401	0.679702	0.679854	1.549612
-0.003520	0.679926	0.679935	1.575973
-0.023512	0.679360	0.679767	1.605391
-0.041081	0.675705	0.676953	1.631519
-0.041565	0.667716	0.669009	1.632966
-0.034441	0.668503	0.669390	1.622271
-0.022643	0.677185	0.677564	1.604221
-0.042286	0.673173	0.674499	1.633529
-0.041248	0.668738	0.670009	1.632399
-0.044161	0.671175	0.672626	1.636499
-0.037415	0.673113	0.674152	1.626324
-0.039499	0.670043	0.671206	1.629678
-0.029913	0.672637	0.673301	1.615238
-0.035870	0.670788	0.671746	1.624220
-0.038695	0.672855	0.673967	1.628242
-0.026602	0.673373	0.673898	1.610281
-0.032028	0.670675	0.671440	1.618514
-0.041908	0.669296	0.670606	1.633330
-0.041147	0.671633	0.672893	1.631985
-0.021255	0.676844	0.677177	1.602190
-0.026033	0.672036	0.672540	1.609514
-0.042301	0.666704	0.668045	1.634160
-0.046114	0.672318	0.673898	1.639278
-0.022903	0.679586	0.679972	1.604485
0.005704	0.679916	0.679940	1.562407
0.034516	0.678319	0.679197	1.519955
0.061437	0.672911	0.675710	1.479748
0.080477	0.664396	0.669253	1.450255
0.063114	0.672158	0.675114	1.477173
0.038446	0.677588	0.678678	1.514117
0.010413	0.679719	0.679799	1.555478
0.016361	0.679234	0.679431	1.546713
0.040551	0.676358	0.677573	1.510913
0.033926	0.676800	0.677650	1.520711
0.024263	0.677290	0.677724	1.534988
0.013888	0.677301	0.677443	1.550294
0.001335	0.676570	0.676571	1.568823
-0.012756	0.674212	0.674333	1.589715
-0.029321	0.667982	0.668625	1.614663
-0.050227	0.655977	0.657897	1.647215
-0.066915	0.638339	0.641837	1.675242
-0.079576	0.625898	0.630936	1.697257
-0.093990	0.612562	0.619731	1.723046
-0.109641	0.598143	0.608109	1.752086
-0.128598	0.582439	0.596467	1.788102
-0.141639	0.572980	0.590227	1.813134
-0.154387	0.563278	0.584053	1.838313
-0.175770	0.547553	0.575073	1.881415
-0.188937	0.538433	0.570620	1.908274
-0.201656	0.529059	0.566188	1.934956
-0.214087	0.520211	0.562542	1.961211
-0.226136	0.511092	0.558885	1.987360
-0.242459	0.498776	0.554584	2.023269
-0.257561	0.486696	0.550645	2.057533
-0.244807	0.496908	0.553938	2.028555
-0.231445	0.507023	0.557350	1.999024
-0.217254	0.517667	0.561407	1.968152
-0.202415	0.528226	0.565681	1.936735
-0.187599	0.539436	0.571126	1.905482
-0.171574	0.550805	0.576909	1.872767
-0.159002	0.560380	0.582501	1.847269
-0.145911	0.569979	0.588359	1.821408
-0.124115	0.587089	0.600065	1.779136
-0.104511	0.604199	0.613172	1.742077
-0.083250	0.623217	0.628752	1.703592
-0.069275	0.636482	0.640241	1.679210
-0.059025	0.647766	0.650449	1.661667
-0.048257	0.659174	0.660938	1.643875
-0.032536	0.666768	0.667562	1.619554
-0.018020	0.672872	0.673113	1.597571
-0.006885	0.676025	0.676060	1.580980
-0.009241	0.677973	0.678036	1.584426
0.008039	0.678842	0.678890	1.558955
0.014764	0.678826	0.678987	1.549051
0.022736	0.678510	0.678891	1.537301
0.034009	0.677590	0.678443	1.520648
0.047079	0.675882	0.677520	1.501253
0.062600	0.672422	0.675330	1.477968
0.077732	0.665825	0.670347	1.454577
0.077142	0.666280	0.670731	1.455529
0.062143	0.671916	0.674784	1.478572
0.044514	0.676716	0.678179	1.505112
0.015978	0.679596	0.679784	1.547290
0.000489	0.679893	0.679893	1.570078
-0.015087	0.679699	0.679866	1.592989
-0.030654	0.679021	0.679713	1.615910
-0.044198	0.667807	0.669268	1.636884
-0.037771	0.667531	0.668599	1.627319
-0.021276	0.676537	0.676871	1.602234
-0.029614	0.670216	0.670870	1.614953
-0.044489	0.666885	0.668367	1.637410
-0.041901	0.675292	0.676591	1.632765
-0.017562	0.679746	0.679973	1.596627
0.005994	0.679924	0.679950	1.561980
0.026139	0.679188	0.679691	1.532330
0.007673	0.679893	0.679936	1.559511
-0.014065	0.679822	0.679967	1.591482
-0.039666	0.676374	0.677536	1.629374
-0.044465	0.666822	0.668303	1.637380
-0.024248	0.674006	0.674442	1.606756
-0.022160	0.676646	0.677009	1.603535
-0.029587	0.677788	0.678433	1.614421
-0.040962	0.674334	0.675577	1.631467
-0.031702	0.672066	0.672814	1.617932
-0.026507	0.674819	0.675340	1.610057
-0.032438	0.676228	0.677005	1.618729
-0.038465	0.674483	0.675579	1.627763
-0.036631	0.674169	0.675163	1.625078
-0.029953	0.671247	0.671915	1.615390
-0.043932	0.669355	0.670795	1.636336
-0.033895	0.677148	0.677996	1.620811
-0.020692	0.676328	0.676645	1.601382
-0.034226	0.668518	0.669394	1.621948
-0.047239	0.668411	0.670078	1.641353
-0.028787	0.679308	0.679917	1.613148
-0.009458	0.679918	0.679984	1.584706
0.007682	0.679931	0.679975	1.559499
0.030766	0.678767	0.679464	1.525501
0.050215	0.675879	0.677742	1.496637
0.065607	0.672148	0.675342	1.473497
0.089457	0.658460	0.664509	1.435765
0.070946	0.669647	0.673394	1.465245
0.056574	0.673995	0.676365	1.487054
0.038753	0.677785	0.678892	1.513683
0.063542	0.672023	0.675020	1.476524
0.081243	0.663887	0.668839	1.449027
0.063357	0.672065	0.675045	1.476802
0.037760	0.677629	0.678680	1.515131
0.009641	0.679715	0.679783	1.556613
0.012981	0.679315	0.679439	1.551690
0.028243	0.677695	0.678283	1.529145
0.016223	0.678041	0.678235	1.546875
-0.005631	0.677038	0.677061	1.579114
-0.011735	0.674307	0.674409	1.588198
-0.027565	0.668551	0.669119	1.612005
-0.048895	0.656503	0.658321	1.645137
-0.064696	0.639224	0.642490	1.671663
-0.077177	0.626641	0.631376	1.693340
-0.095896	0.610812	0.618294	1.726522
-0.109203	0.598687	0.608565	1.751217
-0.126127	0.584414	0.597869	1.783353
-0.150090	0.566541	0.586085	1.829770
-0.170706	0.551269	0.577095	1.871091
-0.192886	0.535638	0.569309	1.916445
-0.212389	0.521154	0.562770	1.957782
-0.226232	0.510957	0.558801	1.987614
-0.239262	0.500637	0.554872	2.016621
-0.257199	0.486749	0.550523	2.056907
-0.272989	0.473487	0.546546	2.093794
-0.295064	0.454852	0.542174	2.146259
-0.314235	0.437345	0.538530	2.193834
-0.334154	0.418609	0.535624	2.244468
-0.351150	0.401186	0.533157	2.289785
-0.367135	0.384052	0.531304	2.333679
-0.380904	0.367970	0.529612	2.373464
-0.396834	0.348513	0.528146	2.420935
-0.410609	0.330128	0.526863	2.464420
-0.421925	0.314046	0.525971	2.501739
-0.432091	0.298381	0.525104	2.537236
-0.442930	0.281184	0.524644	2.575959
-0.452568	0.264491	0.524188	2.612707
-0.460160	0.250353	0.523854	2.643324
-0.467179	0.236183	0.523487	2.673513
-0.457670	0.254988	0.523909	2.633282
-0.446463	0.274943	0.524331	2.589618
-0.433571	0.296146	0.525059	2.542340
-0.418360	0.318749	0.525952	2.490517
-0.402376	0.340949	0.527402	2.438645
-0.392646	0.353466	0.528308	2.408659
-0.382359	0.365873	0.529209	2.378225
-0.369995	0.380649	0.530839	2.342002
-0.356283	0.395885	0.532599	2.303592
-0.336901	0.416057	0.535356	2.251454
-0.325798	0.426978	0.537080	2.222586
-0.314196	0.437712	0.538805	2.193378
-0.326257	0.426520	0.536995	2.223783
-0.337709	0.415208	0.535205	2.253624
-0.357786	0.394188	0.532348	2.307824
-0.371026	0.379374	0.530646	2.345069
-0.382903	0.365031	0.529020	2.380086
-0.400670	0.342948	0.527399	2.433663
-0.415353	0.322775	0.526025	2.480966
-0.428062	0.304127	0.525100	2.523872
-0.438994	0.286524	0.524225	2.563333
-0.449622	0.268700	0.523793	2.602931
-0.458998	0.251470	0.523371	2.640388
-0.466096	0.237311	0.523032	2.670656
-0.472621	0.223161	0.522658	2.700449
-0.479619	0.207624	0.522630	2.733054
-0.485902	0.192251	0.522552	2.764835
-0.495536	0.165396	0.522409	2.819447
-0.487717	0.187146	0.522391	2.775201
-0.477938	0.210699	0.522320	2.726373
-0.486178	0.190866	0.522302	2.767495
-0.493102	0.171983	0.522234	2.806008
-0.498298	0.156143	0.522189	2.837931
-0.502780	0.140618	0.522074	2.868880
-0.509053	0.117347	0.522403	2.915030
-0.513695	0.096046	0.522597	2.956756
-0.517171	0.077097	0.522886	2.993608
-0.519687	0.059209	0.523049	3.028149
-0.517400	0.074858	0.522787	2.997909
-0.514584	0.090567	0.522493	2.967376
-0.510834	0.108320	0.522192	2.932641
-0.506195	0.126690	0.521808	2.896352
-0.510774	0.107956	0.522058	2.933300
-0.514350	0.090170	0.522194	2.968048
-0.516927	0.074876	0.522322	2.997745
-0.519010	0.059614	0.522422	3.027233
-0.521624	0.037288	0.522955	3.070230
-0.523123	0.016403	0.523380	3.110247
-0.523771	-0.001550	0.523774	3.144552
-0.523742	-0.018820	0.524080	3.177511
-0.523013	0.007977	0.523074	3.126342
-0.523408	-0.017160	0.523689	3.174365
-0.522642	-0.039872	0.524161	3.217734
-0.520743	-0.067502	0.525100	3.270501
-0.517738	-0.092194	0.525882	3.317817
-0.516008	-0.099399	0.525494	3.331892
-0.512095	-0.121570	0.526327	3.374675
-0.507610	-0.141714	0.527021	3.413840
-0.504018	-0.156564	0.527775	3.442775
-0.500015	-0.171301	0.528544	3.471652
-0.492061	-0.196467	0.529833	3.521473
-0.493152	-0.190977	0.528840	3.511067
-0.486131	-0.211278	0.530058	3.551575
-0.478876	-0.229803	0.531161	3.589015
-0.467351	-0.256907	0.533309	3.644212
-0.455702	-0.281044	0.535397	3.694221
-0.461276	-0.268172	0.533565	3.668202
-0.451711	-0.287317	0.535345	3.708107
-0.442082	-0.304980	0.537075	3.745490
-0.427305	-0.330540	0.540228	3.799993
-0.413196	-0.352714	0.543266	3.848186
-0.415773	-0.347504	0.541873	3.837786
-0.405292	-0.363204	0.544223	3.872279
-0.394773	-0.378119	0.546645	3.905447
-0.380217	-0.398105	0.550502	3.949970
-0.366260	-0.416140	0.554363	3.990657
-0.371291	-0.408648	0.552132	3.974852
-0.353517	-0.430610	0.557135	4.024992
-0.337026	-0.450525	0.562636	4.070122
-0.321376	-0.468598	0.568214	4.111240
-0.327185	-0.460949	0.565265	4.095111
-0.314855	-0.475065	0.569930	4.127094
-0.302578	-0.488781	0.574857	4.158083
-0.291396	-0.501030	0.579606	4.185614
-0.280291	-0.513116	0.584681	4.212427
-0.283488	-0.508751	0.582403	4.204016
-0.271355	-0.522056	0.588368	4.233042
-0.259243	-0.535270	0.594744	4.261363
-0.248459	-0.547078	0.600854	4.286084
-0.237710	-0.558783	0.607243	4.310174
-0.241591	-0.553631	0.604048	4.300922
-0.230272	-0.566187	0.611223	4.326114
-0.218910	-0.578892	0.618900	4.350856
-0.208565	-0.590911	0.626638	4.373084
-0.197955	-0.602674	0.634352	4.395030
-0.194354	-0.606110	0.636508	4.402090
-0.183759	-0.618446	0.645169	4.423568
-0.173078	-0.630931	0.654240	4.444653
-0.161620	-0.644112	0.664080	4.466545
-0.149294	-0.657245	0.673987	4.489027
-0.143930	-0.662520	0.677973	4.498467
-0.124699	-0.679226	0.690578	4.530821
-0.099513	-0.691687	0.698808	4.569500
-0.084934	-0.695762	0.700927	4.590916
-0.070106	-0.699799	0.703302	4.612543
-0.041978	-0.704127	0.705378	4.652842
-0.017585	-0.705393	0.705612	4.687464
0.004135	-0.704912	0.704924	4.718254
0.026235	-0.702470	0.702959	4.749719
0.047617	-0.698365	0.699986	4.780468
0.066977	-0.691219	0.694457	4.808985
0.083983	-0.682371	0.687519	4.834849
0.094858	-0.674672	0.681307	4.852072
0.110663	-0.662726	0.671902	4.877844
0.123312	-0.652631	0.664178	4.899133
0.136241	-0.642173	0.656466	4.921445
0.147792	-0.632982	0.650007	4.941766
0.158705	-0.624213	0.644073	4.961361
0.169025	-0.616208	0.638970	4.980104
0.177631	-0.608992	0.634369	4.996196
0.187914	-0.601481	0.630151	5.015200
0.195717	-0.594909	0.626276	5.030222
0.206062	-0.587513	0.622602	5.049720
0.211912	-0.582107	0.619480	5.061519
0.222031	-0.574943	0.616326	5.080925
0.226289	-0.570533	0.613771	5.089985
0.238369	-0.562525	0.610945	5.113199
0.240696	-0.559259	0.608855	5.118811
0.252147	-0.551550	0.606453	5.141181
0.255683	-0.547577	0.604330	5.149237
0.268218	-0.539046	0.602089	5.174099
0.270363	-0.535955	0.600287	5.179591
0.281847	-0.527927	0.598452	5.202768
0.284429	-0.524572	0.596721	5.209232
0.296717	-0.515828	0.595079	5.234392
0.299097	-0.512679	0.593548	5.240513
0.309761	-0.504717	0.592192	5.262845
0.320603	-0.495201	0.589924	5.286948
0.331604	-0.485618	0.588036	5.311511
0.342061	-0.475962	0.586128	5.335537
0.352870	-0.466073	0.584586	5.360426
0.355754	-0.462200	0.583258	5.368377
0.368482	-0.451341	0.582656	5.397060
0.369981	-0.448504	0.581414	5.402143
0.381287	-0.438364	0.580985	5.428263
0.383267	-0.435070	0.579810	5.434568
0.395581	-0.423650	0.579624	5.463538
0.397456	-0.420466	0.578587	5.469662
0.407483	-0.410512	0.578414	5.494084
0.415538	-0.401042	0.577500	5.515537
0.425383	-0.389863	0.577013	5.541329
0.432885	-0.380375	0.576259	5.562264
0.442340	-0.368862	0.575955	5.588120
0.444027	-0.365378	0.575031	5.594652
0.455305	-0.352068	0.575548	5.624965
0.457023	-0.348541	0.574762	5.631647
0.465752	-0.337364	0.575099	5.656308
0.467351	-0.333760	0.574293	5.663024
0.477304	-0.320525	0.574939	5.691822
0.486913	-0.305371	0.574748	5.723037
0.493314	-0.294419	0.574492	5.745108
0.501197	-0.281211	0.574698	5.771877
0.506950	-0.270314	0.574516	5.793319
0.514218	-0.256896	0.574818	5.819869
0.515701	-0.252626	0.574254	5.827675
0.523354	-0.238560	0.575161	5.855494
0.530757	-0.222168	0.575379	5.886759
0.533345	-0.215482	0.575230	5.899218
0.538564	-0.203787	0.575830	5.921447
0.544912	-0.187167	0.576160	5.952329
0.548677	-0.175989	0.576211	5.972801
0.553688	-0.161663	0.576806	5.999106
0.556783	-0.150852	0.576856	6.018603
0.561048	-0.136721	0.577466	6.044156
0.566064	-0.117584	0.578148	6.078377
0.569954	-0.100178	0.578691	6.109197
0.573738	-0.080985	0.579426	6.142958
0.576516	-0.063589	0.580013	6.173331
0.577850	-0.052289	0.580211	6.192943
0.579791	-0.037315	0.580990	6.218915
0.580477	-0.027039	0.581107	6.236638
0.581748	-0.012457	0.581882	6.261775
0.582724	0.007441	0.582771	6.295954
0.582944	0.025363	0.583496	6.326666
0.582675	0.045043	0.584414	6.360336
0.581804	0.062870	0.585191	6.390829
0.580853	0.072498	0.585360	6.407356
0.579746	0.088018	0.586389	6.433856
0.578493	0.096029	0.586409	6.447683
0.576862	0.110688	0.587386	6.472761
0.573695	0.131297	0.588528	6.508173
0.570204	0.149330	0.589434	6.539322
0.565750	0.169543	0.590608	6.574346
0.561098	0.187420	0.591572	6.605557
0.558530	0.195340	0.591704	6.619628
0.554099	0.211125	0.592958	6.647226
0.552188	0.215184	0.592634	6.654776
0.546962	0.231861	0.594076	6.684131
0.539737	0.251232	0.595343	6.718830
0.532566	0.268549	0.596443	6.750230
0.524164	0.287324	0.597748	6.784612
0.515910	0.304160	0.598896	6.815893
0.512393	0.310103	0.598924	6.827424
0.504041	0.326460	0.600528	6.857932
0.501348	0.330136	0.600283	6.865511
0.492558	0.345907	0.601885	6.895431
0.481169	0.364047	0.603368	6.930890
0.470219	0.380157	0.604670	6.963068
0.457795	0.397321	0.606168	6.997981
0.445727	0.412822	0.607531	7.030275
0.441627	0.417164	0.607503	7.040106
0.429166	0.432618	0.609378	7.072589
0.425276	0.436351	0.609312	7.081437
0.413514	0.449739	0.610949	7.110523
0.399769	0.463922	0.612404	7.142725
0.385929	0.477368	0.613857	7.174108
0.371355	0.490643	0.615334	7.206095
0.356696	0.503218	0.616815	7.237354
0.346796	0.511057	0.617614	7.257772
0.332469	0.522381	0.619207	7.287192
0.322998	0.529108	0.619906	7.305907
0.308894	0.539192	0.621405	7.333740
0.292312	0.550125	0.622964	7.365565
0.275514	0.560502	0.624557	7.397118
0.258560	0.570208	0.626091	7.428263
0.240910	0.579661	0.627730	7.460095
0.232204	0.583734	0.628223	7.475382
0.213470	0.592953	0.630208	7.508416
0.207200	0.595328	0.630355	7.519052
0.187715	0.603914	0.632415	7.552618
0.170964	0.610324	0.633817	7.580861
0.151279	0.617374	0.635638	7.613681
0.135037	0.622464	0.636943	7.640352
0.114814	0.628398	0.638801	7.673267
0.098990	0.632353	0.640054	7.698699
0.077753	0.637311	0.642036	7.732580
0.062480	0.640168	0.643210	7.756690
0.041536	0.643795	0.645133	7.789553
0.025952	0.645818	0.646339	7.813819
0.004127	0.648345	0.648358	7.847617
-0.010465	0.649360	0.649444	7.870096
-0.031897	0.650630	0.651411	7.902967
-0.047148	0.650881	0.652587	7.926293
-0.069444	0.650965	0.654659	7.960257
-0.083674	0.650363	0.655724	7.981936
-0.105075	0.649247	0.657695	8.014432
-0.120102	0.647824	0.658863	8.037293
-0.142462	0.645417	0.660953	8.071227
-0.154239	0.643528	0.661753	8.089222
-0.177392	0.639824	0.663960	8.124439
-0.194515	0.636286	0.665354	8.150663
-0.218482	0.630848	0.667610	8.187384
-0.234640	0.626419	0.668922	8.212378
-0.257569	0.619695	0.671091	8.247897
-0.274242	0.614031	0.672490	8.274025
-0.297627	0.605557	0.674746	8.310801
-0.313263	0.599107	0.676064	8.335768
-0.335215	0.589566	0.678202	8.370977
-0.347334	0.583624	0.679160	8.390815
-0.371735	0.571414	0.681690	8.430745
-0.382279	0.565395	0.682502	8.448505
-0.405095	0.552268	0.684910	8.486847
-0.416282	0.545061	0.685844	8.506216
-0.439387	0.529898	0.688369	8.546270
-0.449769	0.522294	0.689263	8.564908
-0.470280	0.507024	0.691546	8.601800
-0.484774	0.495234	0.693010	8.628707
-0.505030	0.477951	0.695336	8.666921
-0.516298	0.467415	0.696448	8.689031
-0.536428	0.448003	0.698900	8.728962
-0.547759	0.436025	0.700112	8.752471
-0.567444	0.414418	0.702663	8.793989
-0.576558	0.403361	0.703647	8.814320
-0.594744	0.380703	0.706155	8.855384
-0.604235	0.367716	0.707329	8.878084
-0.620367	0.344742	0.709720	8.917565
-0.628763	0.331595	0.710843	8.939470
-0.642243	0.309625	0.712982	8.975553
-0.650538	0.294810	0.714222	8.999284
-0.663437	0.270573	0.716491	9.037535
-0.672548	0.251724	0.718112	9.066635
-0.681114	0.232576	0.719727	9.095727
-0.687728	0.216336	0.720951	9.120012
-0.693655	0.201291	0.722270	9.142347
-0.699249	0.186091	0.723588	9.164677
-0.704560	0.169897	0.724755	9.188156
-0.709149	0.155358	0.725967	9.209109
-0.713438	0.140700	0.727179	9.230062
-0.717932	0.123148	0.728417	9.254900
-0.721774	0.107273	0.729702	9.277233
-0.725262	0.091291	0.730985	9.299564
-0.728471	0.073707	0.732190	9.323941
-0.730998	0.058728	0.733353	9.344610
-0.733216	0.043678	0.734516	9.365278
-0.735907	0.020775	0.736200	9.396555
-0.737872	-0.002242	0.737875	9.427816
-0.739035	-0.023879	0.739421	9.457078
-0.739556	-0.045584	0.740960	9.486337
-0.739416	-0.068808	0.742610	9.517568
-0.738535	-0.092058	0.744250	9.548788
-0.737026	-0.113805	0.745761	9.577980
-0.734870	-0.135527	0.747262	9.607152
-0.732144	-0.156270	0.748635	9.635065
-0.729794	-0.171845	0.749754	9.656035
-0.727113	-0.187389	0.750871	9.677006
-0.722123	-0.211843	0.752555	9.710133
-0.716302	-0.236155	0.754226	9.743243
-0.709290	-0.261587	0.755989	9.778103
-0.701370	-0.286786	0.757738	9.812927
-0.693041	-0.310378	0.759368	9.845841
-0.683915	-0.333711	0.760988	9.878733
-0.674196	-0.356346	0.762577	9.911003
-0.663730	-0.378670	0.764153	9.943238
-0.653111	-0.399539	0.765627	9.973791
-0.641838	-0.420085	0.767090	10.004313
-0.629231	-0.441439	0.768635	10.036546
-0.615922	-0.462383	0.770168	10.068738
-0.602650	-0.481852	0.771601	10.099248
-0.588764	-0.500923	0.773024	10.129738
-0.571735	-0.522751	0.774693	10.165451
-0.553906	-0.543967	0.776346	10.201123
-0.536131	-0.563645	0.777902	10.235188
-0.517677	-0.582705	0.779445	10.269203
-0.497561	-0.602073	0.781062	10.304934
-0.476749	-0.620703	0.782663	10.340603
-0.456277	-0.637753	0.784167	10.374558
-0.435224	-0.654092	0.785656	10.408459
-0.415313	-0.668521	0.787023	10.439682
-0.394944	-0.682321	0.788379	10.470871
-0.374976	-0.694956	0.789666	10.500776
-0.354625	-0.706987	0.790942	10.530646
-0.333136	-0.718814	0.792259	10.561590
-0.311278	-0.729966	0.793565	10.592495
-0.289833	-0.740083	0.794812	10.622311
-0.268080	-0.749552	0.796050	10.652097
-0.242158	-0.759847	0.797502	10.687057
-0.215881	-0.769220	0.798939	10.721963
-0.190485	-0.777293	0.800293	10.755249
-0.164830	-0.784505	0.801634	10.788480
-0.137801	-0.791114	0.803026	10.823119
-0.110554	-0.796772	0.804405	10.857702
-0.084280	-0.801287	0.805708	10.890779
-0.057875	-0.804920	0.806998	10.923796
-0.032357	-0.807583	0.808231	10.955529
-0.006764	-0.809426	0.809454	10.987218
0.018049	-0.810423	0.810624	11.017842
0.042888	-0.810651	0.811785	11.048431
0.068554	-0.810079	0.812974	11.080000
0.094192	-0.808687	0.814154	11.111527
0.119005	-0.806553	0.815285	11.142065
0.143741	-0.803653	0.816407	11.172563
0.171788	-0.799425	0.817675	11.207245
0.199652	-0.794219	0.818929	11.241853
0.226329	-0.788275	0.820123	11.275172
0.252783	-0.781437	0.821306	11.308435
0.279879	-0.773439	0.822521	11.342778
0.306668	-0.764509	0.823723	11.377055
0.332148	-0.755038	0.824866	11.410005
0.357289	-0.744727	0.825998	11.442898
0.380323	-0.734406	0.827041	11.473412
0.403020	-0.723384	0.828076	11.503876
0.425108	-0.711809	0.829089	11.533949
0.446831	-0.699571	0.830095	11.563980
0.468294	-0.686601	0.831096	11.594149
0.489349	-0.672985	0.832089	11.624279
0.509772	-0.658884	0.833064	11.654066
0.529759	-0.644176	0.834031	11.683814
0.550755	-0.627692	0.835062	11.715778
0.571195	-0.610551	0.836084	11.747681
0.590689	-0.593112	0.837076	11.778926
0.609617	-0.575074	0.838059	11.810122
0.628241	-0.556160	0.839048	11.841757
0.646244	-0.536670	0.840028	11.873339
0.663318	-0.516970	0.840981	11.904336
0.679761	-0.496755	0.841927	11.935284
0.696037	-0.475396	0.842893	11.967143
0.711610	-0.453537	0.843851	11.998947
0.726229	-0.431569	0.844784	12.030183
0.740142	-0.409163	0.845709	12.061368
0.753565	-0.385929	0.846641	12.093059
0.766230	-0.362294	0.847565	12.124697
0.777974	-0.338602	0.848466	12.155862
0.788962	-0.314567	0.849361	12.186977
0.798922	-0.290861	0.850221	12.217219
0.808148	-0.266879	0.851075	12.247411
0.816555	-0.242884	0.851912	12.277255
0.824232	-0.218663	0.852744	12.307050
0.831182	-0.194197	0.853567	12.336848
0.837391	-0.169549	0.854383	12.366598
0.842830	-0.144867	0.855189	12.396152
0.847529	-0.120047	0.855989	12.425663
0.851498	-0.095026	0.856784	12.455232
0.854718	-0.069911	0.857572	12.484758
0.857195	-0.044654	0.858357	12.514324
0.858919	-0.019349	0.859137	12.543847
0.859879	0.005714	0.859898	12.573016
0.860103	0.030782	0.860653	12.602144
0.859590	0.055938	0.861408	12.631354
0.858338	0.081055	0.862157	12.660524
0.856456	0.104946	0.862862	12.688298
0.853908	0.128763	0.863562	12.716036
0.850616	0.153057	0.864276	12.744402
0.846635	0.177231	0.864986	12.772727
0.842124	0.200499	0.865663	12.800106
0.836977	0.223622	0.866336	12.827450
0.831008	0.247313	0.867028	12.855630
0.824374	0.270810	0.867716	12.883769
0.816827	0.294859	0.868417	12.912794
0.808588	0.318659	0.869114	12.941774
0.799603	0.342350	0.869810	12.970906
0.789937	0.365749	0.870501	12.999991
0.779675	0.388662	0.871178	13.028811
0.768762	0.411251	0.871850	13.057588
0.757147	0.433614	0.872521	13.086470
0.744898	0.455613	0.873188	13.115309
0.732620	0.476256	0.873815	13.142796
0.719783	0.496542	0.874438	13.170252
0.705981	0.517061	0.875078	13.198513
0.691611	0.537168	0.875714	13.226736
0.677304	0.556045	0.876314	13.253767
0.662495	0.574519	0.876911	13.280769
0.646631	0.593231	0.877528	13.308726
0.630258	0.611480	0.878141	13.336647
0.614189	0.628422	0.878717	13.363222
0.597683	0.644922	0.879289	13.389766
0.580105	0.661566	0.879882	13.417281
0.562084	0.677710	0.880471	13.444763
0.544440	0.692669	0.881026	13.471019
0.526418	0.707152	0.881578	13.497247
0.507338	0.721663	0.882150	13.524422
0.487881	0.735640	0.882720	13.551564
0.469297	0.748253	0.883245	13.576994
0.450402	0.760384	0.883768	13.602402
0.430341	0.772541	0.884315	13.628930
0.409975	0.784153	0.884859	13.655427
0.390520	0.794582	0.885363	13.680360
0.370814	0.804519	0.885864	13.705274
0.349591	0.814548	0.886399	13.731757
0.328120	0.824004	0.886931	13.758212
0.306579	0.832813	0.887450	13.784438
0.284823	0.841047	0.887966	13.810637
0.262084	0.848967	0.888500	13.837739
0.239153	0.856261	0.889032	13.864808
0.217020	0.862653	0.889533	13.890709
0.194737	0.868466	0.890031	13.916584
0.171569	0.873863	0.890547	13.943298
0.148278	0.878635	0.891059	13.969983
0.126566	0.882496	0.891526	13.994720
0.104772	0.885816	0.891991	14.019437
0.081332	0.888778	0.892491	14.045911
0.057834	0.891115	0.892989	14.072357
0.036142	0.892707	0.893439	14.096703
0.014424	0.893770	0.893886	14.121030
-0.008946	0.894325	0.894370	14.147170
-0.032312	0.894268	0.894851	14.173284
-0.053691	0.893673	0.895284	14.197173
-0.075044	0.892566	0.895715	14.221046
-0.097784	0.890826	0.896177	14.246497
-0.120463	0.888507	0.896636	14.271924
-0.141389	0.885840	0.897053	14.295442
-0.162243	0.882681	0.897468	14.318945
-0.184527	0.878750	0.897915	14.344148
-0.206696	0.874259	0.898360	14.369328
-0.226606	0.869716	0.898753	14.392052
-0.246406	0.864722	0.899144	14.414763
-0.268192	0.858673	0.899581	14.439900
-0.289810	0.852080	0.900016	14.465013
-0.309083	0.845686	0.900398	14.487567
-0.328204	0.838859	0.900778	14.510108
-0.349152	0.830818	0.901203	14.535008
-0.369886	0.822262	0.901626	14.559887
-0.389086	0.813782	0.902014	14.583159
-0.408080	0.804858	0.902400	14.606416
-0.428506	0.794654	0.902824	14.631708
-0.448657	0.783940	0.903247	14.656977
-0.466669	0.773791	0.903622	14.679859
-0.484442	0.763233	0.903996	14.702728
-0.503597	0.751229	0.904409	14.727725
-0.522437	0.738755	0.904820	14.752700
-0.539184	0.727076	0.905184	14.775257
-0.555660	0.715023	0.905547	14.797801
-0.573180	0.701568	0.905943	14.822187
-0.590360	0.687694	0.906338	14.846554
-0.605713	0.674685	0.906690	14.868749
-0.620771	0.661339	0.907042	14.890934
-0.636831	0.646430	0.907428	14.915085
-0.652521	0.631143	0.907813	14.939217
-0.666917	0.616438	0.908171	14.961878
-0.680973	0.601413	0.908528	14.984526
-0.694635	0.586129	0.908881	15.007083
-0.707946	0.570542	0.909233	15.029628
-0.720803	0.554778	0.909580	15.051994
-0.733304	0.538733	0.909927	15.074349
-0.745401	0.522465	0.910270	15.096622
-0.757131	0.505932	0.910613	15.118885
-0.768441	0.489213	0.910951	15.141044
-0.779376	0.472249	0.911289	15.163193
-0.789899	0.455101	0.911623	15.185265
-0.800038	0.437725	0.911956	15.207326
-0.809765	0.420175	0.912287	15.229322
-0.819103	0.402416	0.912616	15.251309
-0.828010	0.384528	0.912942	15.273199
-0.836523	0.366451	0.913267	15.295079
-0.844763	0.347898	0.913596	15.317301
-0.852587	0.329169	0.913924	15.339511
-0.859962	0.310347	0.914248	15.361624
-0.866917	0.291369	0.914572	15.383727
-0.873398	0.272399	0.914891	15.405639
-0.879460	0.253293	0.915209	15.427543
-0.885080	0.234134	0.915524	15.449353
-0.890279	0.214857	0.915839	15.471155
-0.895010	0.195665	0.916148	15.492732
-0.899325	0.176375	0.916457	15.514302
-0.903208	0.157066	0.916763	15.535787
-0.906674	0.137680	0.917068	15.557263
-0.909701	0.118363	0.917369	15.578579
-0.912315	0.098987	0.917669	15.599886
-0.914507	0.079623	0.917966	15.621116
-0.916286	0.060218	0.918263	15.642338
-0.917635	0.041085	0.918554	15.663220
-0.918582	0.021929	0.918844	15.684095
-0.919127	0.002812	0.919132	15.704904
-0.919274	-0.016312	0.919419	15.725706
-0.919024	-0.035311	0.919702	15.746366
-0.918381	-0.054300	0.919984	15.767020
-0.917347	-0.073222	0.920265	15.787614
-0.915924	-0.092119	0.920545	15.808202
-0.914104	-0.111038	0.920824	15.828843
-0.911895	-0.129914	0.921102	15.849477
-0.909305	-0.148674	0.921379	15.870032
-0.906330	-0.167377	0.921656	15.890582
-0.902987	-0.185926	0.921929	15.911026
-0.899265	-0.204403	0.922203	15.931466
-0.895180	-0.222737	0.922475	15.951830
-0.890722	-0.240986	0.922746	15.972188
-0.885892	-0.259142	0.923017	15.992544
-0.880694	-0.277197	0.923287	16.012895
-0.875146	-0.295084	0.923556	16.033174
-0.869237	-0.312857	0.923825	16.053449
-0.863019	-0.330366	0.924090	16.073557
-0.856450	-0.347746	0.924356	16.093658
-0.849553	-0.364939	0.924619	16.113695
-0.842313	-0.381990	0.924883	16.133725
-0.834797	-0.398752	0.925143	16.153582
-0.826950	-0.415361	0.925403	16.173434
-0.818797	-0.431766	0.925662	16.193225
-0.810320	-0.448006	0.925920	16.213012
-0.801589	-0.463958	0.926176	16.232647
-0.792545	-0.479735	0.926431	16.252278
-0.783217	-0.495294	0.926685	16.271855
-0.773584	-0.510668	0.926938	16.291428
-0.763707	-0.525769	0.927190	16.310891
-0.753537	-0.540676	0.927442	16.330349
-0.743099	-0.555353	0.927692	16.349764
-0.732377	-0.569825	0.927942	16.369175
-0.721419	-0.584031	0.928190	16.388506
-0.710187	-0.598024	0.928439	16.407832
-0.698720	-0.611756	0.928685	16.427098
-0.686990	-0.625267	0.928931	16.446360
-0.674941	-0.638611	0.929177	16.465711
-0.662635	-0.651721	0.929422	16.485058
-0.650113	-0.664553	0.929666	16.504345
-0.637345	-0.677143	0.929909	16.523629
-0.624424	-0.689402	0.930151	16.542779
-0.611268	-0.701413	0.930392	16.561926
-0.597920	-0.713139	0.930631	16.581019
-0.584348	-0.724609	0.930871	16.600109
-0.570831	-0.735601	0.931105	16.618821
-0.557110	-0.746338	0.931339	16.637529
-0.543222	-0.756794	0.931572	16.656191
-0.529139	-0.766989	0.931804	16.674850
-0.514961	-0.776855	0.932035	16.693384
-0.500601	-0.786459	0.932265	16.711915
-0.486097	-0.795773	0.932494	16.730401
-0.471423	-0.804818	0.932723	16.748884
-0.456678	-0.813536	0.932950	16.767244
-0.441774	-0.821981	0.933176	16.785602
-0.426747	-0.830136	0.933402	16.803920
-0.411571	-0.838015	0.933627	16.822236
-0.396340	-0.845571	0.933850	16.840444
-0.380971	-0.852851	0.934073	16.858651
-0.365496	-0.859837	0.934296	16.876824
-0.349895	-0.866543	0.934517	16.894996
-0.334088	-0.872998	0.934741	16.913264
-0.318162	-0.879164	0.934964	16.931530
-0.302160	-0.885026	0.935186	16.949755
-0.286050	-0.890597	0.935407	16.967978
-0.269828	-0.895875	0.935628	16.986212
-0.253511	-0.900858	0.935849	17.004443
-0.237140	-0.905533	0.936069	17.022633
-0.220684	-0.909909	0.936288	17.040820
-0.204165	-0.913981	0.936506	17.058988
-0.187572	-0.917752	0.936724	17.077154
-0.170946	-0.921214	0.936941	17.095281
-0.154256	-0.924375	0.937158	17.113407
-0.137593	-0.927220	0.937373	17.131441
-0.120879	-0.929763	0.937588	17.149475
-0.104148	-0.932001	0.937802	17.167475
-0.087376	-0.933938	0.938017	17.185474
-0.071105	-0.935525	0.938224	17.202900
-0.054805	-0.936828	0.938430	17.220325
-0.038515	-0.937845	0.938636	17.237715
-0.022207	-0.938579	0.938841	17.255104
-0.005958	-0.939027	0.939046	17.272414
0.010298	-0.939194	0.939250	17.289724
0.026530	-0.939079	0.939453	17.307004
0.042761	-0.938683	0.939657	17.324282
0.058857	-0.938013	0.939858	17.341424
0.074942	-0.937067	0.940059	17.358565
0.090990	-0.935846	0.940259	17.375683
0.107018	-0.934351	0.940460	17.392799
0.122977	-0.932587	0.940661	17.409870
0.138907	-0.930551	0.940861	17.426939
0.154786	-0.928245	0.941062	17.443991
0.170626	-0.925668	0.941263	17.461041
0.186580	-0.922793	0.941466	17.478260
0.202484	-0.919642	0.941669	17.495478
0.218307	-0.916224	0.941873	17.512666
0.234071	-0.912534	0.942076	17.529853
0.249863	-0.908549	0.942280	17.547139
0.265587	-0.904290	0.942485	17.564423
0.281213	-0.899768	0.942689	17.581681
0.296762	-0.894975	0.942894	17.598938
0.312133	-0.889947	0.943097	17.616087
0.327418	-0.884655	0.943301	17.633235
0.342596	-0.879107	0.943505	17.650363
0.357679	-0.873299	0.943709	17.667490
0.372598	-0.867261	0.943912	17.684543
0.387415	-0.860968	0.944116	17.701594
0.402113	-0.854428	0.944320	17.718630
0.416699	-0.847637	0.944525	17.735665
0.430757	-0.840804	0.944724	17.752211
0.444702	-0.833738	0.944923	17.768756
0.458511	-0.826452	0.945122	17.785276
0.472201	-0.818937	0.945321	17.801797
0.485744	-0.811210	0.945520	17.818289
0.499161	-0.803259	0.945720	17.834781
0.512433	-0.795095	0.945920	17.851254
0.525572	-0.786713	0.946120	17.867727
0.538443	-0.778201	0.946318	17.884034
0.551176	-0.769480	0.946517	17.900340
0.563761	-0.760555	0.946716	17.916636
0.576200	-0.751425	0.946914	17.932932
0.588504	-0.742083	0.947114	17.949244
0.600656	-0.732540	0.947313	17.965556
0.612644	-0.722806	0.947513	17.981854
0.624474	-0.712876	0.947713	17.998151
0.636192	-0.702710	0.947915	18.014517
0.647744	-0.692352	0.948116	18.030883
0.659117	-0.681814	0.948317	18.047233
0.670319	-0.671089	0.948519	18.063583
0.681437	-0.660090	0.948723	18.080069
0.692374	-0.648906	0.948926	18.096554
0.703122	-0.637548	0.949130	18.113030
0.713684	-0.626013	0.949334	18.129506
0.723985	-0.614384	0.949538	18.145868
0.734097	-0.602585	0.949741	18.162229
0.744017	-0.590622	0.949945	18.178590
0.753742	-0.578495	0.950149	18.194950
0.763264	-0.566216	0.950354	18.211301
0.772587	-0.553779	0.950559	18.227653
0.781705	-0.541194	0.950764	18.243999
0.790617	-0.528458	0.950970	18.260345
0.799110	-0.515898	0.951171	18.276287
0.807403	-0.503200	0.951373	18.292228
0.815488	-0.490382	0.951575	18.308155
0.823369	-0.477433	0.951777	18.324082
0.831053	-0.464345	0.951980	18.340025
0.838529	-0.451134	0.952183	18.355967
0.845792	-0.437809	0.952387	18.371902
0.852843	-0.424367	0.952590	18.387837
0.866125	-0.397522	0.952993	18.419271
0.878566	-0.370255	0.953398	18.450712
0.884505	-0.356382	0.953602	18.466537
0.890224	-0.342414	0.953806	18.482362
0.895722	-0.328358	0.954011	18.498184
0.900999	-0.314213	0.954216	18.514006
0.906041	-0.300015	0.954421	18.529792
0.910859	-0.285736	0.954625	18.545579
0.915453	-0.271380	0.954830	18.561365
0.919820	-0.256951	0.955036	18.577151
0.924003	-0.242299	0.955244	18.593102
0.927952	-0.227580	0.955452	18.609053
0.931670	-0.212789	0.955661	18.625012
0.935151	-0.197937	0.955870	18.640971
0.938369	-0.183159	0.956077	18.656791
0.941354	-0.168328	0.956285	18.672611
0.944109	-0.153429	0.956494	18.688453
0.946628	-0.138485	0.956704	18.704294
0.948917	-0.123456	0.956914	18.720181
0.950968	-0.108389	0.957125	18.736068
0.952781	-0.093285	0.957337	18.751959
0.954354	-0.078151	0.957548	18.767849
0.956746	-0.048325	0.957966	18.799089
0.958206	-0.018446	0.958384	18.830308
0.958589	-0.003393	0.958595	18.846017
0.958735	0.011668	0.958806	18.861725
0.958645	0.026730	0.959017	18.877432
0.958318	0.041793	0.959229	18.893139
0.956981	0.071508	0.959648	18.924140
0.954720	0.101204	0.960069	18.955165
0.951548	0.130766	0.960492	18.986125
0.947465	0.160243	0.960920	19.017098
0.942446	0.189744	0.961357	19.048231
0.936510	0.219106	0.961800	19.079382
0.929672	0.248259	0.962248	19.110506
0.925909	0.262781	0.962477	19.126093
0.921919	0.277246	0.962705	19.141680
0.917710	0.291645	0.962937	19.157259
0.913275	0.305980	0.963169	19.172838
0.908606	0.320293	0.963406	19.188465
0.903712	0.334534	0.963643	19.204092
0.898589	0.348728	0.963885	19.219748
0.893244	0.362844	0.964127	19.235403
0.887667	0.376910	0.964372	19.251094
0.881869	0.390890	0.964618	19.266784
0.875869	0.404752	0.964868	19.282439
0.869651	0.418521	0.965118	19.298093
0.863224	0.432186	0.965370	19.313735
0.856582	0.445751	0.965622	19.329377
0.849752	0.459173	0.965877	19.344969
0.842712	0.472490	0.966131	19.360560
0.835466	0.485700	0.966389	19.376151
0.828013	0.498799	0.966646	19.391742
0.812601	0.524492	0.967167	19.422725
0.804588	0.537178	0.967430	19.438235
0.796376	0.549741	0.967694	19.453744
0.787972	0.562181	0.967960	19.469254
0.779373	0.574492	0.968227	19.484763
0.770565	0.586700	0.968497	19.500306
0.761566	0.598773	0.968768	19.515850
0.752379	0.610711	0.969042	19.531394
0.743005	0.622508	0.969316	19.546939
0.733438	0.634177	0.969594	19.562502
0.723688	0.645700	0.969872	19.578064
0.713760	0.657075	0.970155	19.593627
0.703651	0.668300	0.970438	19.609193
0.693334	0.679410	0.970726	19.624811
0.682842	0.690360	0.971015	19.640429
0.672163	0.701169	0.971309	19.656072
0.661313	0.711812	0.971602	19.671714
0.650224	0.722360	0.971903	19.687460
0.638967	0.732735	0.972203	19.703207
0.627459	0.743016	0.972511	19.719074
0.615787	0.753117	0.972819	19.734941
0.603829	0.763139	0.973134	19.750973
0.591710	0.772970	0.973449	19.767004
0.579359	0.782668	0.973769	19.783130
0.566849	0.792168	0.974089	19.799255
0.554199	0.801457	0.974407	19.815361
0.541397	0.810543	0.974726	19.831466
0.528484	0.819398	0.975043	19.847524
0.515427	0.828047	0.975360	19.863581
0.502236	0.836482	0.975676	19.879628
0.488908	0.844706	0.975991	19.895673
0.475511	0.852679	0.976305	19.911642
0.461984	0.860439	0.976619	19.927610
0.448324	0.867987	0.976932	19.943584
0.434541	0.875318	0.977245	19.959558
0.420642	0.882426	0.977556	19.975527
0.406628	0.889313	0.977867	19.991495
0.392456	0.895996	0.978177	20.007513
0.378175	0.902452	0.978486	20.023530
0.363865	0.908647	0.978793	20.039461
0.349455	0.914614	0.979100	20.055390
0.334981	0.920339	0.979406	20.071282
0.320414	0.925835	0.979712	20.087173
0.305820	0.931077	0.980016	20.102996
0.291142	0.936095	0.980325	20.118819
0.276409	0.940886	0.980647	20.134616
0.261591	0.945454	0.980976	20.150422
0.246733	0.949802	0.981326	20.166196
0.231804	0.953915	0.981676	20.181970
0.216717	0.957845	0.982056	20.197844
0.201565	0.961536	0.982436	20.213717
0.186147	0.965065	0.982854	20.229807
0.170669	0.968347	0.983272	20.245896
0.154601	0.971514	0.983738	20.262542
0.138477	0.974414	0.984205	20.279184
0.121804	0.977142	0.984704	20.296339
0.105081	0.979584	0.985204	20.313490
0.088345	0.981736	0.985703	20.330605
0.071570	0.983602	0.986202	20.347717
0.054816	0.985177	0.986701	20.364769
0.038033	0.986466	0.987199	20.381817
0.021256	0.987468	0.987696	20.398830
0.004460	0.988184	0.988194	20.415839
-0.012271	0.988615	0.988691	20.432764
-0.029012	0.988762	0.989188	20.449685
-0.045727	0.988627	0.989684	20.466573
-0.062446	0.988209	0.990180	20.483460
-0.079165	0.987507	0.990675	20.500348
-0.095914	0.986519	0.991170	20.517273
-0.112808	0.985228	0.991665	20.534355
-0.129682	0.983648	0.992160	20.551434
