time = 19.8499	Re = 1	40	80
0.148442	0.136236	0.201483	0.742548
0.160510	0.124285	0.203003	0.658881
0.173190	0.109246	0.204767	0.562751
0.184664	0.092625	0.206592	0.464916
0.194086	0.076349	0.208563	0.374782
0.201990	0.059438	0.210553	0.286185
0.208068	0.043747	0.212617	0.207233
0.212914	0.027516	0.214685	0.128523
0.216494	0.011322	0.216789	0.052248
0.218836	-0.005241	0.218899	-0.023944
0.219922	-0.021662	0.220986	-0.098181
0.219781	-0.038270	0.223088	-0.172399
0.217473	-0.065745	0.227194	-0.293577
0.212290	-0.092268	0.231474	-0.410001
0.207040	-0.113195	0.235963	-0.500331
0.199858	-0.133928	0.240582	-0.590388
0.193553	-0.150607	0.245246	-0.661255
0.185953	-0.167051	0.249969	-0.731904
0.173119	-0.193765	0.259837	-0.841612
0.167327	-0.211202	0.269452	-0.900791
0.162155	-0.227232	0.279157	-0.950995
0.175638	-0.238399	0.296113	-0.935836
0.190826	-0.235534	0.303135	-0.889877
0.206062	-0.231762	0.310121	-0.844030
0.224852	-0.221840	0.315867	-0.778655
0.244378	-0.208775	0.321415	-0.706994
0.265417	-0.189063	0.325869	-0.618949
0.284201	-0.168028	0.330157	-0.533944
0.293312	-0.155402	0.331936	-0.487216
0.301886	-0.142228	0.333713	-0.440286
0.310060	-0.127466	0.335238	-0.390040
0.317492	-0.112279	0.336760	-0.339919
0.324023	-0.096239	0.338013	-0.288713
0.329724	-0.079873	0.339261	-0.237665
0.334116	-0.063984	0.340188	-0.189212
0.337736	-0.047884	0.341113	-0.140842
0.340225	-0.031190	0.341651	-0.091420
0.341791	-0.014501	0.342098	-0.042400
0.342073	0.001155	0.342075	0.003377
0.341529	0.016709	0.341937	0.048887
0.339784	0.032087	0.341296	0.094154
0.337075	0.047012	0.340337	0.138578
0.333490	0.060935	0.339011	0.180726
0.329076	0.074451	0.337392	0.222497
0.323438	0.088661	0.335369	0.267548
0.316816	0.101924	0.332808	0.311258
0.309482	0.115209	0.330231	0.356368
0.301082	0.127865	0.327108	0.401603
0.290596	0.143153	0.323943	0.457724
0.278958	0.157966	0.320579	0.515250
0.264912	0.174948	0.317467	0.583651
0.249319	0.192417	0.314936	0.657290
0.230143	0.213278	0.313773	0.747384
0.219867	0.224241	0.314047	0.795246
0.209065	0.234713	0.314322	0.843130
0.197461	0.248538	0.317430	0.899424
0.184944	0.262192	0.320856	0.956471
0.173294	0.276263	0.326117	1.010561
0.161100	0.290532	0.332208	1.064507
0.147905	0.313153	0.346325	1.129547
0.137563	0.337101	0.364088	1.183347
0.132271	0.351388	0.375458	1.210778
0.126678	0.366261	0.387549	1.237806
0.122480	0.382235	0.401379	1.260703
0.117906	0.398176	0.415266	1.282908
0.115406	0.425095	0.440482	1.305703
0.114173	0.452141	0.466333	1.323450
0.112516	0.467273	0.480628	1.334502
0.110508	0.482439	0.494933	1.345621
0.103611	0.508768	0.519211	1.369893
0.100627	0.527994	0.537497	1.382471
0.097780	0.549071	0.557710	1.394561
0.096327	0.572800	0.580843	1.404187
0.095787	0.592513	0.600206	1.410520
0.097653	0.615559	0.623256	1.413465
0.099470	0.627976	0.635805	1.413704
0.101310	0.639655	0.647628	1.413720
0.102448	0.646847	0.654910	1.413720
0.100864	0.664592	0.672203	1.420178
0.085656	0.669194	0.674654	1.443490
0.066284	0.677523	0.680758	1.473274
0.089163	0.667054	0.672986	1.437917
0.077307	0.668195	0.672652	1.455613
0.049737	0.679647	0.681465	1.497746
0.070411	0.671204	0.674887	1.466276
0.088234	0.663235	0.669078	1.438537
0.085267	0.669560	0.674967	1.444131
0.098470	0.659328	0.666641	1.422543
0.088754	0.660359	0.666297	1.437195
0.065563	0.672613	0.675801	1.473628
0.050031	0.677280	0.679126	1.497060
0.032460	0.681256	0.682029	1.523185
0.059397	0.674900	0.677509	1.483014
0.080553	0.664981	0.669843	1.450248
0.094772	0.656639	0.663443	1.427456
0.095895	0.669059	0.675896	1.428438
0.089578	0.666629	0.672621	1.437221
0.084266	0.675280	0.680518	1.446651
0.097377	0.649267	0.656529	1.421926
0.092295	0.656919	0.663371	1.431214
0.085210	0.661404	0.666870	1.442670
0.060678	0.674709	0.677432	1.481106
0.036832	0.679459	0.680457	1.516641
0.012914	0.681744	0.681866	1.551856
0.031344	0.680038	0.680760	1.524738
0.050185	0.677442	0.679299	1.496852
0.068576	0.670379	0.673878	1.468857
0.084326	0.662792	0.668135	1.444248
0.096049	0.650562	0.657614	1.424214
0.099151	0.649001	0.656531	1.419193
0.097542	0.664910	0.672027	1.425135
0.083211	0.668365	0.673525	1.446934
0.064629	0.676778	0.679857	1.475590
0.084842	0.670040	0.675390	1.444845
0.071158	0.673395	0.677144	1.465517
0.053432	0.679736	0.681833	1.492351
0.073455	0.671322	0.675328	1.461811
0.089562	0.666049	0.672044	1.437130
0.094173	0.670252	0.676836	1.431206
0.098002	0.643433	0.650853	1.419647
0.096788	0.646124	0.653333	1.422105
0.094465	0.646237	0.653105	1.425647
0.092455	0.649087	0.655638	1.429310
0.085046	0.662454	0.667891	1.443114
0.062500	0.673509	0.676403	1.478263
0.047558	0.676880	0.678548	1.500651
0.031686	0.679816	0.680554	1.524221
0.014678	0.680769	0.680927	1.549239
-0.002314	0.681171	0.681175	1.574194
0.023645	0.680372	0.680783	1.536058
0.041936	0.678373	0.679668	1.509056
0.058794	0.675491	0.678045	1.483977
0.080427	0.664143	0.668996	1.450285
0.089193	0.657530	0.663552	1.435971
0.093103	0.651761	0.658378	1.428907
0.096221	0.649290	0.656382	1.423673
0.096986	0.643166	0.650437	1.421130
0.099806	0.645083	0.652759	1.417295
0.098253	0.658324	0.665616	1.422643
0.073919	0.673823	0.677865	1.461533
0.092203	0.667820	0.674155	1.433598
0.089655	0.662441	0.668480	1.436273
0.075228	0.668730	0.672948	1.458773
0.057637	0.676991	0.679440	1.485864
0.076374	0.669016	0.673362	1.457130
0.090024	0.666062	0.672119	1.436452
0.090862	0.660958	0.667175	1.434182
0.065670	0.673055	0.676251	1.473534
0.049700	0.677908	0.679728	1.497613
0.031246	0.681911	0.682627	1.525006
0.057289	0.675998	0.678421	1.486251
0.077503	0.666990	0.671478	1.455117
0.096035	0.659832	0.666784	1.426267
0.085078	0.670648	0.676023	1.444611
0.063559	0.676979	0.679956	1.477185
0.080918	0.669083	0.673958	1.450442
0.095134	0.665492	0.672258	1.428806
0.099780	0.652176	0.659764	1.418978
0.097397	0.639304	0.646681	1.419611
0.096360	0.640320	0.647530	1.421429
0.093658	0.638232	0.645068	1.425090
0.092466	0.638935	0.645591	1.427076
0.096351	0.650123	0.657224	1.423663
0.088328	0.659994	0.665878	1.437755
0.061720	0.673820	0.676640	1.479454
0.044271	0.677551	0.678996	1.505550
0.024692	0.680163	0.680611	1.534510
0.006327	0.680625	0.680654	1.561500
-0.011325	0.680474	0.680569	1.587438
-0.031353	0.679451	0.680174	1.616909
-0.015222	0.680347	0.680517	1.593167
0.000892	0.680609	0.680609	1.569485
0.015822	0.680502	0.680686	1.547550
0.044456	0.678079	0.679535	1.505329
0.060167	0.673446	0.676129	1.481691
0.074753	0.668316	0.672483	1.459407
0.091985	0.650994	0.657461	1.430426
0.093510	0.646865	0.653589	1.427232
0.093723	0.643624	0.650412	1.426194
0.094067	0.641378	0.648239	1.425171
0.096665	0.642303	0.649536	1.421419
0.096256	0.638165	0.645384	1.421093
0.099781	0.642622	0.650322	1.416754
0.097018	0.657201	0.664323	1.424232
0.091252	0.672968	0.679127	1.436022
0.091096	0.669332	0.675502	1.435528
0.088672	0.662386	0.668294	1.437719
0.081454	0.668690	0.673632	1.449582
0.095967	0.669241	0.676087	1.428371
0.097032	0.656306	0.663440	1.424014
0.092327	0.657667	0.664116	1.431322
0.084260	0.662736	0.668071	1.444335
0.063061	0.674253	0.677196	1.477540
0.082436	0.664014	0.669111	1.447280
0.091954	0.658820	0.665207	1.432119
0.098214	0.660101	0.667368	1.423093
0.084453	0.670717	0.676013	1.445541
0.101476	0.661086	0.668829	1.418486
0.090258	0.659271	0.665421	1.434736
0.076289	0.666923	0.671272	1.456901
0.050332	0.677879	0.679745	1.496683
0.027606	0.680747	0.681307	1.530266
0.006393	0.682210	0.682240	1.561426
0.022011	0.681139	0.681495	1.538493
0.037602	0.679666	0.680705	1.515528
0.054802	0.675626	0.677845	1.489861
0.069533	0.671028	0.674621	1.467543
0.092437	0.655638	0.662122	1.430732
0.096298	0.653564	0.660620	1.424507
0.091545	0.672379	0.678582	1.435477
0.089329	0.665467	0.671436	1.437359
0.074412	0.669933	0.674053	1.460176
0.056222	0.677505	0.679834	1.488002
0.074861	0.668728	0.672905	1.459315
0.089457	0.662080	0.668096	1.436494
0.094864	0.666668	0.673383	1.429449
0.077976	0.671869	0.676378	1.455254
0.095948	0.659643	0.666584	1.426355
0.100954	0.648337	0.656150	1.416324
0.096842	0.635807	0.643140	1.419645
0.095782	0.636075	0.643246	1.421337
0.092756	0.632621	0.639385	1.425212
0.092121	0.633183	0.639849	1.426321
0.097326	0.644870	0.652173	1.421003
0.094318	0.643408	0.650284	1.425242
0.094313	0.654182	0.660946	1.427613
0.088657	0.658078	0.664024	1.436881
0.079421	0.664499	0.669229	1.451841
0.059166	0.674920	0.677508	1.483355
0.035422	0.678799	0.679722	1.518660
0.013836	0.680407	0.680548	1.550465
-0.001020	0.680364	0.680364	1.572295
-0.019480	0.679919	0.680198	1.599439
-0.037082	0.677668	0.678682	1.625462
-0.048618	0.669229	0.670993	1.643317
-0.044267	0.665314	0.666785	1.637234
-0.047754	0.667764	0.669470	1.642188
-0.043453	0.674282	0.675680	1.635151
-0.017322	0.680063	0.680283	1.596262
0.007626	0.680450	0.680493	1.559590
0.037548	0.678974	0.680012	1.515552
0.057332	0.674407	0.676840	1.485989
0.072733	0.668901	0.672843	1.462487
0.091317	0.658223	0.664527	1.432944
0.093019	0.643703	0.650389	1.427283
0.093226	0.641210	0.647951	1.426417
0.092925	0.638616	0.645341	1.426300
0.092806	0.636389	0.643120	1.425985
0.093302	0.635101	0.641918	1.424932
0.095999	0.637469	0.644657	1.421325
0.095716	0.634191	0.641374	1.421000
0.099795	0.641157	0.648877	1.416388
0.102443	0.664864	0.672710	1.417918
0.088519	0.668646	0.674480	1.439177
0.075333	0.670838	0.675055	1.458968
0.053416	0.679954	0.682049	1.492400
0.073268	0.671702	0.675686	1.462147
0.089208	0.666585	0.672527	1.437758
0.097320	0.668581	0.675627	1.426250
0.093980	0.667630	0.674212	1.430949
0.081094	0.669345	0.674240	1.450229
0.063458	0.676876	0.679844	1.477318
0.086395	0.669036	0.674592	1.442373
0.095284	0.670908	0.677641	1.429717
0.096311	0.653041	0.660105	1.424370
0.076665	0.675661	0.679996	1.457812
0.090233	0.665092	0.671185	1.435950
0.096564	0.670350	0.677269	1.427731
0.098137	0.646867	0.654268	1.420234
0.095727	0.653232	0.660209	1.425288
0.086627	0.661055	0.666707	1.440495
0.063986	0.672832	0.675867	1.475982
0.048647	0.676778	0.678524	1.499039
0.031575	0.680133	0.680865	1.524405
0.008259	0.681191	0.681241	1.558672
-0.006764	0.681161	0.681194	1.580727
-0.021810	0.680799	0.681148	1.602822
0.004903	0.681193	0.681211	1.563599
0.022039	0.680752	0.681108	1.538433
0.040592	0.678548	0.679761	1.511046
0.058229	0.675371	0.677876	1.484791
0.073400	0.668265	0.672283	1.461399
0.086491	0.661671	0.667300	1.440817
0.094370	0.647647	0.654486	1.426103
0.095624	0.645494	0.652538	1.423726
0.098287	0.646713	0.654139	1.419970
0.098192	0.665369	0.672576	1.424279
0.084177	0.667616	0.672902	1.445372
0.060025	0.678636	0.681285	1.482577
0.087392	0.670694	0.676363	1.441226
0.096085	0.658931	0.665900	1.425998
0.088777	0.660415	0.666356	1.437171
0.076288	0.667257	0.671604	1.456960
0.057622	0.676496	0.678946	1.485825
0.080755	0.664694	0.669581	1.449897
0.090716	0.658626	0.664843	1.433923
0.095954	0.655953	0.662934	1.425544
0.100851	0.664585	0.672194	1.420195
0.077946	0.671310	0.675819	1.455204
0.094239	0.662617	0.669285	1.429522
0.095563	0.670293	0.677071	1.429182
0.101128	0.646073	0.653940	1.415529
0.096319	0.632854	0.640142	1.419758
0.092890	0.627115	0.633957	1.423743
0.095717	0.633957	0.641142	1.420945
0.093264	0.631305	0.638157	1.424125
0.092940	0.632644	0.639434	1.424933
0.093169	0.635100	0.641898	1.425136
0.093630	0.638291	0.645122	1.425146
0.094246	0.642194	0.649073	1.425081
0.094442	0.647095	0.653950	1.425872
0.091954	0.654914	0.661338	1.431302
0.078513	0.665613	0.670228	1.453384
0.060531	0.673518	0.676232	1.481165
0.036873	0.679296	0.680296	1.516568
0.015038	0.680205	0.680371	1.548692
-0.002745	0.680231	0.680237	1.574831
-0.021713	0.679651	0.679998	1.602732
-0.039247	0.676710	0.677848	1.628728
-0.048141	0.668743	0.670474	1.642659
-0.042855	0.666009	0.667386	1.635054
-0.029911	0.669746	0.670414	1.615428
-0.023654	0.677089	0.677502	1.605716
-0.017013	0.676794	0.677008	1.595928
-0.032512	0.676539	0.677320	1.618815
-0.026769	0.671163	0.671697	1.610660
-0.041005	0.666220	0.667481	1.632267
-0.046991	0.667369	0.669021	1.641092
-0.043890	0.674303	0.675730	1.635794
-0.026915	0.679414	0.679947	1.610391
-0.004997	0.680202	0.680220	1.578142
0.012124	0.680228	0.680336	1.552975
0.026801	0.679953	0.680481	1.531401
0.048348	0.676705	0.678430	1.499471
0.065977	0.672007	0.675238	1.472931
0.090103	0.658074	0.664214	1.434724
0.095025	0.647872	0.654804	1.425162
0.094808	0.642065	0.649027	1.424195
0.094013	0.637709	0.644601	1.424428
0.093536	0.634425	0.641283	1.424417
0.093660	0.632519	0.639416	1.423790
0.095756	0.634363	0.641550	1.420979
0.092376	0.626393	0.633168	1.424379
0.095475	0.631299	0.638478	1.420697
0.100906	0.642611	0.650485	1.415043
0.096969	0.669909	0.676891	1.427045
0.087688	0.668681	0.674406	1.440405
0.074177	0.671386	0.675472	1.460759
0.053428	0.679756	0.681852	1.492359
0.071666	0.672821	0.676627	1.464681
0.086687	0.668322	0.673921	1.441809
0.097329	0.660252	0.667387	1.424438
0.083100	0.663865	0.669046	1.446268
0.060565	0.674742	0.677455	1.481276
0.032584	0.681562	0.682340	1.523025
0.059584	0.675073	0.677698	1.482761
0.081212	0.664843	0.669785	1.449246
0.096539	0.659513	0.666541	1.425449
0.085427	0.670020	0.675445	1.443981
0.060144	0.677171	0.679837	1.482213
0.078595	0.669418	0.674016	1.453924
0.098804	0.656919	0.664308	1.421510
0.100038	0.644935	0.652647	1.416910
0.094128	0.658288	0.664984	1.428769
0.085895	0.672362	0.677827	1.443734
0.100739	0.648197	0.655979	1.416615
0.096185	0.642393	0.649554	1.422170
0.095600	0.644003	0.651060	1.423426
0.095275	0.647104	0.654080	1.424614
0.094086	0.651613	0.658371	1.427398
0.090370	0.657691	0.663870	1.434247
0.080046	0.664901	0.669702	1.450985
0.053677	0.677776	0.679898	1.491765
0.037871	0.679441	0.680496	1.515115
0.022001	0.680665	0.681021	1.538485
-0.000466	0.681008	0.681008	1.571481
-0.019562	0.680484	0.680765	1.599536
-0.037741	0.677920	0.678970	1.626411
-0.048795	0.669011	0.670788	1.643604
-0.049824	0.664310	0.666176	1.645657
-0.049042	0.671218	0.673007	1.643732
-0.035589	0.678516	0.679448	1.623199
-0.008526	0.680797	0.680850	1.583319
0.019084	0.680812	0.681080	1.542772
0.038731	0.678641	0.679745	1.513787
0.058105	0.675175	0.677670	1.484949
0.076272	0.666518	0.670868	1.456858
0.088026	0.660187	0.666029	1.438243
0.095718	0.648979	0.656000	1.424361
0.098013	0.646065	0.653457	1.420237
0.101281	0.649001	0.656856	1.415988
0.084235	0.672531	0.677786	1.446195
0.086035	0.665841	0.671377	1.442295
0.069869	0.672754	0.676372	1.467312
0.052490	0.679904	0.681927	1.493747
0.068725	0.674446	0.677938	1.469248
0.083730	0.669420	0.674636	1.446365
0.101674	0.660570	0.668349	1.418076
0.094550	0.655017	0.661806	1.427439
0.088193	0.659393	0.665264	1.437837
0.070913	0.670214	0.673955	1.465383
0.046297	0.678149	0.679727	1.502633
0.017572	0.681772	0.681999	1.545028
0.040621	0.679012	0.680226	1.511044
0.061970	0.674167	0.677009	1.479133
0.082635	0.663119	0.668248	1.446820
0.091116	0.657999	0.664278	1.433197
0.096936	0.650269	0.657455	1.422816
0.102914	0.663397	0.671332	1.416891
0.078749	0.667899	0.672526	1.453432
0.086975	0.671755	0.677362	1.442039
0.102734	0.650527	0.658589	1.414166
0.097213	0.632936	0.640358	1.418397
0.095943	0.631297	0.638546	1.419973
0.093443	0.627662	0.634580	1.423007
0.093537	0.629603	0.636513	1.423310
0.094376	0.633358	0.640351	1.422875
0.091300	0.629956	0.636538	1.426867
0.095609	0.638966	0.646080	1.422267
0.092489	0.636593	0.643276	1.426518
0.091644	0.637553	0.644105	1.428031
0.095685	0.650505	0.657505	1.424751
0.090196	0.657885	0.664039	1.434546
0.073245	0.668363	0.672364	1.461644
0.058076	0.673796	0.676294	1.484816
0.039536	0.678432	0.679583	1.512587
0.021272	0.679734	0.680067	1.539512
0.003923	0.680292	0.680303	1.565029
-0.011389	0.680102	0.680197	1.587540
-0.026811	0.679564	0.680093	1.610229
-0.046813	0.669738	0.671372	1.640581
-0.043121	0.666604	0.667997	1.635395
-0.034902	0.668134	0.669045	1.622987
-0.022428	0.673758	0.674131	1.604072
-0.019276	0.677013	0.677288	1.599261
-0.039380	0.675385	0.676532	1.629037
-0.041744	0.674385	0.675676	1.632617
-0.045727	0.670785	0.672342	1.638861
-0.046176	0.670905	0.672492	1.639515
-0.025914	0.675327	0.675824	1.609150
-0.044805	0.672043	0.673534	1.637368
-0.036311	0.676797	0.677770	1.624397
-0.028013	0.678278	0.678857	1.612073
-0.028218	0.677867	0.678454	1.612400
-0.022853	0.673523	0.673911	1.604714
-0.026857	0.672589	0.673125	1.610706
-0.044091	0.666317	0.667774	1.636870
-0.044772	0.673721	0.675207	1.637153
-0.022481	0.679767	0.680138	1.603856
0.003575	0.680210	0.680220	1.565540
0.025229	0.680123	0.680591	1.533718
0.047919	0.676882	0.678576	1.500121
0.066539	0.671831	0.675118	1.472077
0.091004	0.657235	0.663505	1.433206
0.095144	0.647208	0.654164	1.424835
0.094684	0.641542	0.648492	1.424266
0.093840	0.637225	0.644097	1.424584
0.093200	0.633811	0.640626	1.424796
0.092708	0.631039	0.637813	1.424926
0.092319	0.628663	0.635406	1.424989
0.092040	0.626661	0.633384	1.424965
0.091960	0.625156	0.631883	1.424744
0.092460	0.624816	0.631620	1.423883
0.095609	0.630044	0.637257	1.420195
0.101931	0.645185	0.653187	1.414104
0.098750	0.659328	0.666682	1.422127
0.079378	0.676161	0.680804	1.453937
0.087338	0.667906	0.673592	1.440770
0.073120	0.671379	0.675349	1.462313
0.052394	0.679550	0.681567	1.493848
0.074246	0.670806	0.674902	1.460563
0.086647	0.668732	0.674322	1.441945
0.097102	0.660016	0.667120	1.424723
0.086637	0.661806	0.667453	1.440626
0.067158	0.671849	0.675197	1.471167
0.042138	0.680237	0.681541	1.508929
0.067970	0.671505	0.674936	1.469920
0.087426	0.661386	0.667139	1.439372
0.097664	0.660621	0.667801	1.424023
0.088873	0.666937	0.672833	1.438321
0.083526	0.675219	0.680365	1.447720
0.097560	0.649979	0.657260	1.421812
0.094099	0.654271	0.661003	1.427953
0.079815	0.665228	0.669999	1.451386
0.057696	0.675311	0.677771	1.485568
0.042953	0.678389	0.679747	1.507565
0.028056	0.681131	0.681708	1.529629
0.043008	0.678379	0.679741	1.507482
0.057784	0.675284	0.677752	1.485434
0.080002	0.665125	0.669919	1.451090
0.094114	0.654211	0.660946	1.427917
0.097492	0.649822	0.657094	1.421878
0.086474	0.674485	0.680006	1.443284
0.089855	0.665692	0.671728	1.436628
0.086931	0.661905	0.667589	1.440210
0.098461	0.664454	0.671710	1.423683
0.072590	0.676800	0.680681	1.463949
0.086337	0.669153	0.674700	1.442481
0.099459	0.661519	0.668954	1.421564
0.101848	0.646834	0.654803	1.414622
0.097519	0.660326	0.667488	1.424174
0.079467	0.675680	0.680337	1.453724
0.088714	0.667647	0.673515	1.438695
0.074945	0.669410	0.673593	1.459304
0.084800	0.670736	0.676075	1.445035
0.097531	0.660348	0.667512	1.424160
0.089685	0.660142	0.666206	1.435766
0.076204	0.667398	0.671735	1.457108
0.054070	0.677901	0.680054	1.491204
0.069779	0.670557	0.674177	1.467109
0.084062	0.663135	0.668441	1.444705
0.093598	0.658672	0.665289	1.429640
0.096464	0.667664	0.674597	1.427309
0.076559	0.671225	0.675577	1.457228
0.100319	0.657809	0.665414	1.419458
0.093639	0.656291	0.662938	1.429074
0.068822	0.671246	0.674765	1.468624
0.046422	0.678229	0.679816	1.502458
0.019722	0.681964	0.682249	1.541885
0.036856	0.679702	0.680701	1.516626
0.054005	0.676764	0.678915	1.491167
0.080920	0.664786	0.669692	1.449669
0.095951	0.654338	0.661336	1.425196
0.097109	0.668997	0.676008	1.426646
0.085764	0.666646	0.672140	1.442849
0.064499	0.674198	0.677276	1.475419
0.081367	0.666695	0.671642	1.449352
0.094706	0.664142	0.670860	1.429153
0.081662	0.672086	0.677029	1.449884
0.102924	0.664965	0.672883	1.417234
0.098012	0.638439	0.645918	1.418467
0.095333	0.634693	0.641813	1.421707
0.094829	0.635663	0.642697	1.422708
0.095228	0.638869	0.645927	1.422828
0.096393	0.644780	0.651945	1.422399
0.093801	0.644479	0.651269	1.426266
0.092644	0.647072	0.653670	1.428589
0.085450	0.662140	0.667631	1.442455
0.063443	0.673047	0.676031	1.476812
0.048615	0.676442	0.678187	1.499051
0.032819	0.679422	0.680214	1.522530
0.017006	0.680323	0.680536	1.545804
0.001241	0.680803	0.680804	1.568974
0.016459	0.680337	0.680536	1.546609
0.031663	0.679515	0.680253	1.524234
0.060534	0.674101	0.676813	1.481237
0.081472	0.664465	0.669441	1.448792
0.092683	0.647938	0.654533	1.428717
0.093815	0.645068	0.651854	1.426374
0.096426	0.645192	0.652358	1.422441
0.095328	0.639165	0.646235	1.422743
0.095081	0.636154	0.643221	1.422433
0.096557	0.636887	0.644165	1.420334
0.099524	0.648951	0.656538	1.418621
0.094546	0.667648	0.674309	1.430122
0.083124	0.667620	0.672775	1.446926
0.059177	0.678442	0.681018	1.483792
0.083348	0.669939	0.675104	1.447021
0.098492	0.660652	0.667953	1.422803
0.082888	0.664004	0.669157	1.446608
0.056820	0.676333	0.678716	1.486981
0.040474	0.679690	0.680894	1.511318
0.023571	0.682444	0.682851	1.536271
0.043787	0.679081	0.680491	1.506406
0.061835	0.674518	0.677346	1.479379
0.077652	0.666554	0.671062	1.454822
0.089771	0.660279	0.666353	1.435666
0.097876	0.666781	0.673926	1.425049
0.088265	0.666039	0.671862	1.439041
0.070054	0.671934	0.675576	1.466915
0.055782	0.676666	0.678962	1.488545
0.041190	0.681072	0.682317	1.510392
0.064229	0.673860	0.676914	1.475769
0.084414	0.664271	0.669613	1.444396
0.085210	0.667586	0.673002	1.443844
0.065286	0.679068	0.682199	1.474951
0.086169	0.668284	0.673816	1.442563
0.099615	0.660104	0.667578	1.421019
0.098113	0.643228	0.650668	1.419430
0.096048	0.643473	0.650602	1.422625
0.095364	0.649485	0.656449	1.425008
0.092105	0.651854	0.658329	1.430429
0.082174	0.663940	0.669006	1.447656
0.066919	0.670769	0.674099	1.471360
0.050201	0.676928	0.678787	1.496772
0.033158	0.679190	0.679999	1.522015
0.016258	0.680785	0.680979	1.546920
0.002008	0.680753	0.680756	1.567846
-0.022095	0.680193	0.680552	1.603268
-0.040775	0.675503	0.676733	1.631085
-0.049339	0.668835	0.670652	1.644431
-0.047561	0.664838	0.666537	1.642213
-0.047264	0.662337	0.664021	1.642034
-0.047377	0.664572	0.666259	1.641965
-0.048941	0.668079	0.669870	1.643923
-0.028315	0.679874	0.680463	1.612419
-0.004935	0.680695	0.680713	1.578046
0.010794	0.680862	0.680948	1.554945
0.030185	0.679532	0.680202	1.526405
0.050919	0.676955	0.678867	1.495720
0.078004	0.665706	0.670260	1.454154
0.090566	0.658384	0.664584	1.434097
0.093874	0.646722	0.653500	1.426649
0.096406	0.646404	0.653554	1.422746
0.097971	0.643848	0.651260	1.419790
0.099658	0.643741	0.651409	1.417205
0.098274	0.657596	0.664899	1.422450
0.074476	0.675578	0.679670	1.460999
0.091042	0.666378	0.672568	1.435015
0.076315	0.668691	0.673032	1.457163
0.060512	0.675517	0.678222	1.481456
0.042905	0.681318	0.682667	1.507906
0.065642	0.674344	0.677531	1.473760
0.085508	0.666009	0.671476	1.443106
0.097001	0.651702	0.658882	1.423038
0.087731	0.674173	0.679857	1.441392
0.080380	0.671458	0.676252	1.451653
0.063999	0.677140	0.680158	1.476562
0.082781	0.668273	0.673380	1.447552
0.097521	0.664125	0.671247	1.424997
0.077847	0.674340	0.678818	1.455863
0.058149	0.678389	0.680876	1.485288
0.085963	0.667923	0.673432	1.442798
0.088981	0.673098	0.678954	1.439363
0.101934	0.646832	0.654815	1.414493
0.096344	0.630989	0.638302	1.419280
0.092741	0.624522	0.631370	1.423375
0.092318	0.625077	0.631857	1.424165
0.092651	0.627235	0.634041	1.424144
0.093348	0.630331	0.637205	1.423772
0.094264	0.634232	0.641198	1.423249
0.095417	0.639524	0.646603	1.422688
0.092235	0.637075	0.643718	1.427017
0.096031	0.648113	0.655189	1.423697
0.093044	0.650593	0.657213	1.428746
0.089558	0.655970	0.662055	1.435108
0.082331	0.662238	0.667336	1.447108
0.061827	0.673937	0.676767	1.479313
0.032499	0.678977	0.679754	1.522968
0.009325	0.680303	0.680367	1.557090
0.000198	0.680137	0.680137	1.570505
-0.017100	0.679817	0.680032	1.595945
-0.034127	0.678372	0.679230	1.621062
-0.047872	0.670166	0.671874	1.642108
-0.043155	0.666318	0.667714	1.635473
-0.029617	0.670046	0.670701	1.614968
-0.025042	0.677384	0.677847	1.607748
-0.026524	0.678065	0.678584	1.609894
-0.035513	0.676905	0.677836	1.623213
-0.044568	0.671914	0.673391	1.637029
-0.042035	0.668172	0.669492	1.633624
-0.031698	0.669988	0.670738	1.618072
-0.033946	0.676415	0.677267	1.620939
-0.024383	0.673783	0.674224	1.606968
-0.025943	0.672497	0.672997	1.609354
-0.044307	0.667345	0.668814	1.637092
-0.044679	0.672947	0.674429	1.637092
-0.028809	0.678872	0.679483	1.613208
-0.005415	0.679730	0.679751	1.578762
0.009636	0.679299	0.679368	1.556612
0.024630	0.678535	0.678982	1.534513
0.020884	0.678607	0.678928	1.540031
0.014391	0.678781	0.678933	1.549598
-0.008374	0.678403	0.678454	1.583139
-0.005184	0.676510	0.676530	1.578458
-0.021878	0.671650	0.672006	1.603358
-0.041951	0.661202	0.662531	1.634158
-0.057431	0.647800	0.650341	1.659221
-0.078982	0.627539	0.632490	1.695998
-0.092162	0.615317	0.622181	1.719470
-0.113624	0.596331	0.607059	1.759077
-0.137055	0.577923	0.593952	1.803647
-0.158109	0.562671	0.584464	1.844730
-0.178975	0.547766	0.576264	1.886598
-0.159711	0.561574	0.583844	1.847880
-0.139562	0.576094	0.592757	1.808473
-0.118563	0.592278	0.604028	1.768367
-0.102473	0.606479	0.615075	1.738179
-0.089716	0.618219	0.624695	1.714911
-0.069669	0.635613	0.639420	1.679969
-0.050125	0.655086	0.657001	1.647165
-0.034158	0.665386	0.666262	1.622086
-0.019276	0.673155	0.673431	1.599423
0.002003	0.677612	0.677615	1.567840
0.015204	0.678117	0.678288	1.548379
0.023561	0.678067	0.678477	1.536063
0.026352	0.678227	0.678738	1.531961
0.002366	0.679620	0.679624	1.567316
-0.018085	0.679474	0.679715	1.597407
-0.037641	0.676937	0.677982	1.626344
-0.046822	0.668797	0.670434	1.640692
-0.029937	0.672217	0.672883	1.615302
-0.036636	0.673515	0.674511	1.625138
-0.023526	0.674401	0.674811	1.605666
-0.024029	0.674369	0.674797	1.606414
-0.025990	0.672965	0.673467	1.609397
-0.027777	0.676652	0.677222	1.611823
-0.042619	0.668214	0.669572	1.634490
-0.040774	0.674738	0.675969	1.631152
-0.024558	0.678069	0.678513	1.606998
-0.019714	0.676238	0.676525	1.599941
-0.026323	0.671652	0.672167	1.609968
-0.039711	0.666864	0.668046	1.630274
-0.046382	0.667669	0.669278	1.640153
-0.043520	0.674241	0.675644	1.635254
-0.027654	0.678964	0.679527	1.611503
-0.008646	0.680016	0.680071	1.583510
0.014674	0.680174	0.680332	1.549226
0.039476	0.678132	0.679280	1.512649
0.066604	0.671963	0.675256	1.472001
0.087599	0.657566	0.663375	1.438359
0.091863	0.652165	0.658603	1.430858
0.095403	0.649897	0.656863	1.425041
0.092442	0.639278	0.645927	1.427188
0.095565	0.641178	0.648261	1.422840
0.094515	0.635783	0.642770	1.423219
0.093720	0.631850	0.638763	1.423543
0.093194	0.628871	0.635739	1.423674
0.093240	0.627230	0.634123	1.423223
0.095227	0.629719	0.636878	1.420712
0.092113	0.621676	0.628463	1.423698
0.096397	0.630244	0.637573	1.419021
0.102935	0.650675	0.658766	1.413899
0.093376	0.670117	0.676591	1.432345
0.070853	0.673259	0.676977	1.465944
0.084396	0.663708	0.669052	1.444317
0.068634	0.674433	0.677916	1.469379
0.085062	0.672616	0.677973	1.444999
0.101474	0.649164	0.657047	1.415737
0.096489	0.665863	0.672818	1.426890
0.074195	0.669080	0.673182	1.460356
0.052315	0.677816	0.679832	1.493767
0.023226	0.682592	0.682987	1.536783
0.045665	0.678873	0.680407	1.503632
0.064720	0.673452	0.676555	1.474988
0.081875	0.664713	0.669737	1.448240
0.092601	0.659641	0.666109	1.431326
0.088178	0.670245	0.676020	1.439987
0.072583	0.671234	0.675147	1.463081
0.091630	0.666739	0.673006	1.434221
0.098024	0.668639	0.675786	1.425231
0.100804	0.644669	0.652502	1.415687
0.097515	0.640312	0.647695	1.419665
0.095353	0.639375	0.646446	1.422753
0.095848	0.643648	0.650746	1.422969
0.094611	0.652420	0.659245	1.426784
0.090450	0.655567	0.661777	1.433690
0.082529	0.661991	0.667116	1.446769
0.064698	0.672893	0.675996	1.474943
0.037883	0.678665	0.679721	1.515034
0.012884	0.680690	0.680812	1.551870
-0.000176	0.680536	0.680536	1.571055
-0.022802	0.679992	0.680374	1.604316
-0.042047	0.675707	0.677014	1.632943
-0.045917	0.667575	0.669152	1.639470
-0.044369	0.665124	0.666602	1.637406
-0.040686	0.665319	0.666562	1.631873
-0.039392	0.665154	0.666319	1.629949
-0.029963	0.669645	0.670315	1.615511
-0.044025	0.664965	0.666421	1.636906
-0.047812	0.666839	0.668550	1.642374
-0.046062	0.672913	0.674488	1.639142
-0.031583	0.677446	0.678181	1.617384
-0.016457	0.680239	0.680438	1.594984
0.000295	0.680584	0.680584	1.570363
0.015180	0.680567	0.680736	1.548496
0.039548	0.678968	0.680119	1.512615
0.065445	0.673061	0.676235	1.473866
0.082222	0.662826	0.667907	1.447379
0.091155	0.655977	0.662280	1.432720
0.093920	0.650671	0.657414	1.427443
0.094883	0.646735	0.653658	1.425125
0.094914	0.643559	0.650521	1.424369
0.094434	0.640680	0.647603	1.424454
0.094017	0.638063	0.644952	1.424502
0.093829	0.635933	0.642818	1.424308
0.094320	0.635003	0.641970	1.423340
0.098309	0.640395	0.647897	1.418472
0.102268	0.657372	0.665279	1.416462
0.098276	0.666025	0.673237	1.424297
0.090216	0.662061	0.668179	1.435365
0.079947	0.668779	0.673541	1.451819
0.100845	0.665384	0.672982	1.420381
0.095943	0.654446	0.661441	1.425231
0.088314	0.660189	0.666070	1.437814
0.066623	0.671975	0.675270	1.471974
0.051605	0.676682	0.678647	1.494682
0.034923	0.680837	0.681732	1.519547
0.059289	0.674808	0.677408	1.483161
0.078463	0.666171	0.670776	1.453554
0.094697	0.658061	0.664840	1.427874
0.087789	0.670430	0.676154	1.440594
0.095365	0.657517	0.664397	1.426763
0.088732	0.659905	0.665844	1.437136
0.076908	0.666718	0.671139	1.455951
0.058186	0.676126	0.678625	1.484949
0.031308	0.680706	0.681425	1.524835
0.005614	0.682543	0.682566	1.562571
0.028719	0.680885	0.681491	1.528642
0.054161	0.677302	0.679464	1.491000
0.068326	0.670698	0.674169	1.469273
0.081931	0.663838	0.668875	1.447997
0.092035	0.658197	0.664600	1.431868
0.100171	0.666120	0.673610	1.421535
0.085998	0.667100	0.672620	1.442590
0.070196	0.672544	0.676198	1.466798
0.051915	0.679308	0.681289	1.494521
0.078204	0.667565	0.672130	1.454180
0.093388	0.664653	0.671182	1.431204
0.081078	0.673083	0.677949	1.450916
0.093944	0.659193	0.665854	1.429236
0.099999	0.646864	0.654547	1.417420
0.096304	0.635043	0.642303	1.420293
0.095506	0.635786	0.642919	1.421694
0.092716	0.632701	0.639458	1.425292
0.096969	0.642785	0.650058	1.421068
0.095855	0.645351	0.652431	1.423342
0.094037	0.652403	0.659146	1.427642
0.079745	0.665146	0.669909	1.451475
0.057543	0.674843	0.677292	1.485734
0.042575	0.677555	0.678891	1.508043
0.027347	0.679895	0.680445	1.530595
0.005457	0.680427	0.680449	1.562777
-0.010071	0.680290	0.680365	1.585599
-0.025920	0.679788	0.680282	1.608907
-0.048780	0.669051	0.670827	1.643577
-0.040147	0.676037	0.677228	1.630113
-0.015678	0.680137	0.680318	1.593843
0.008397	0.680432	0.680484	1.558457
0.025736	0.679805	0.680292	1.532956
0.044010	0.678447	0.679873	1.506019
0.064821	0.671703	0.674823	1.474592
0.081964	0.663402	0.668446	1.447868
0.091696	0.654578	0.660970	1.431617
0.094089	0.647514	0.654314	1.426498
0.094335	0.643037	0.649920	1.425132
0.094463	0.640063	0.646996	1.424270
0.096409	0.640254	0.647472	1.421341
0.092426	0.631456	0.638185	1.425459
0.095139	0.634495	0.641588	1.421961
0.095460	0.633105	0.640262	1.421143
0.098822	0.638838	0.646436	1.417323
0.101643	0.654513	0.662358	1.416731
0.090274	0.668772	0.674838	1.436623
0.077471	0.670222	0.674685	1.455717
0.054887	0.680118	0.682329	1.490268
0.071167	0.672568	0.676323	1.465374
0.086569	0.665181	0.670790	1.441380
0.098738	0.657902	0.665270	1.421828
0.093923	0.666865	0.673447	1.430874
0.068349	0.677545	0.680984	1.470259
0.083137	0.669431	0.674574	1.447239
0.096724	0.661993	0.669022	1.425713
0.098210	0.647471	0.654877	1.420261
0.095468	0.651854	0.658807	1.425373
0.092033	0.654716	0.661153	1.431141
0.070327	0.670543	0.674221	1.466298
0.055647	0.675156	0.677446	1.488561
0.038744	0.679235	0.680339	1.513818
0.023572	0.680661	0.681069	1.536180
0.008359	0.681730	0.681781	1.558536
0.027701	0.680342	0.680906	1.530102
0.047847	0.677919	0.679605	1.500334
0.070973	0.669421	0.673173	1.465169
0.087400	0.660879	0.666633	1.439312
0.096472	0.648976	0.656107	1.423224
0.098858	0.647167	0.654674	1.419214
0.098642	0.664482	0.671764	1.423423
0.083613	0.668453	0.673662	1.446358
0.062787	0.678116	0.681016	1.478469
0.083479	0.668268	0.673462	1.446521
0.098580	0.663766	0.671047	1.423358
0.089760	0.660785	0.666853	1.435785
0.075475	0.667965	0.672216	1.458282
0.053926	0.678061	0.680202	1.491433
0.070767	0.670278	0.674003	1.465608
0.085517	0.662702	0.668197	1.442463
0.095522	0.660438	0.667310	1.427158
0.087519	0.670567	0.676254	1.441015
0.074800	0.670811	0.674969	1.459748
0.101186	0.660660	0.668363	1.418819
0.100177	0.644704	0.652440	1.416644
0.096738	0.640980	0.648239	1.421005
0.096678	0.644640	0.651849	1.421933
0.094361	0.644320	0.651193	1.425380
0.092663	0.646428	0.653036	1.428420
0.089702	0.659345	0.665419	1.435579
0.066852	0.671784	0.675102	1.471609
0.051013	0.676254	0.678175	1.495504
0.031304	0.679789	0.680509	1.524779
0.013666	0.680707	0.680844	1.550723
-0.004382	0.681007	0.681021	1.577232
0.010763	0.680758	0.680843	1.554987
0.025784	0.680175	0.680663	1.532907
0.051930	0.676604	0.678594	1.494196
0.071172	0.670162	0.673931	1.464992
0.088984	0.655853	0.661862	1.435943
0.092827	0.650185	0.656778	1.428984
0.094136	0.646646	0.653463	1.426236
0.096665	0.646289	0.653478	1.422327
0.096619	0.641428	0.648664	1.421289
0.099196	0.643189	0.650794	1.417776
0.099775	0.657523	0.665050	1.420201
0.090717	0.664749	0.670910	1.435165
0.070420	0.674375	0.678041	1.466751
0.089472	0.669520	0.675472	1.437947
0.093144	0.660740	0.667273	1.430751
0.077908	0.666812	0.671348	1.454487
0.063689	0.673350	0.676355	1.476492
0.048909	0.679420	0.681178	1.498935
0.068683	0.672627	0.676124	1.469038
0.085832	0.666092	0.671600	1.442643
0.102308	0.664327	0.672159	1.417995
0.096773	0.649808	0.656974	1.422958
0.093961	0.653792	0.660510	1.428057
0.086687	0.660880	0.666541	1.440371
0.068248	0.670945	0.674407	1.469425
0.042612	0.679615	0.680949	1.508178
0.024961	0.681680	0.682136	1.534196
0.041564	0.678953	0.680224	1.509655
0.057562	0.675643	0.678091	1.485806
0.082383	0.663935	0.669026	1.447344
0.095487	0.654625	0.661553	1.425953
0.101912	0.663656	0.671435	1.418426
0.080719	0.668192	0.673050	1.450577
0.095075	0.661454	0.668252	1.428037
0.103421	0.663145	0.671161	1.416087
0.098995	0.641283	0.648879	1.417635
0.094707	0.635086	0.642109	1.422763
0.094128	0.635901	0.642830	1.423840
0.094215	0.638070	0.644988	1.424200
0.094538	0.640987	0.647921	1.424363
0.094930	0.644691	0.651642	1.424598
0.094166	0.650052	0.656837	1.426938
0.088870	0.658849	0.664815	1.436719
0.068988	0.670539	0.674078	1.468273
0.053789	0.675539	0.677677	1.491340
0.035559	0.679837	0.680766	1.518539
0.020026	0.680447	0.680742	1.541375
0.004658	0.680674	0.680690	1.563953
-0.022957	0.680024	0.680411	1.604543
-0.048888	0.669872	0.671653	1.643648
-0.042462	0.666711	0.668062	1.634399
-0.042250	0.665029	0.666370	1.634242
-0.038449	0.665904	0.667013	1.628472
-0.021164	0.676550	0.676881	1.602068
-0.028295	0.670622	0.671219	1.612963
-0.046574	0.661277	0.662915	1.641111
-0.037441	0.666071	0.667122	1.626949
-0.034418	0.667816	0.668702	1.622288
-0.045019	0.664937	0.666459	1.638398
-0.045053	0.668133	0.669650	1.638126
-0.044839	0.674119	0.675608	1.637214
-0.025510	0.679959	0.680438	1.608296
-0.000211	0.680669	0.680669	1.571106
0.019606	0.680197	0.680479	1.541980
0.042544	0.678434	0.679766	1.508169
0.062441	0.672516	0.675408	1.478216
0.079104	0.665180	0.669867	1.452430
0.091583	0.656003	0.662365	1.432086
0.095990	0.650252	0.657298	1.424235
0.093539	0.639645	0.646448	1.425589
0.096364	0.641495	0.648692	1.421693
0.098059	0.641141	0.648596	1.419028
0.099433	0.654672	0.662180	1.420065
0.093278	0.664167	0.670685	1.431265
0.068506	0.675446	0.678911	1.469719
0.089910	0.669088	0.675102	1.437220
0.090427	0.661142	0.667297	1.434866
0.065046	0.673429	0.676563	1.474506
0.049101	0.678265	0.680040	1.498530
0.030993	0.682294	0.682998	1.525402
0.056163	0.676593	0.678920	1.487978
0.075671	0.668190	0.672462	1.458030
0.096242	0.661111	0.668079	1.426235
0.083874	0.670786	0.676010	1.446403
0.098066	0.658455	0.665718	1.422949
0.090285	0.659148	0.665303	1.434671
0.071896	0.669531	0.673381	1.463824
0.056974	0.675181	0.677581	1.486612
0.040415	0.680225	0.681425	1.511452
0.056732	0.675245	0.677624	1.486977
0.071552	0.669701	0.673512	1.464359
0.090108	0.659277	0.665407	1.434961
0.098003	0.658480	0.665733	1.423049
0.084208	0.670637	0.675903	1.445886
0.058176	0.678506	0.680995	1.485265
0.069132	0.677237	0.680757	1.469069
0.082897	0.669545	0.674657	1.447612
0.096047	0.661969	0.668901	1.426709
0.098119	0.647964	0.655350	1.420511
0.095215	0.649688	0.656628	1.425277
0.090186	0.657986	0.664138	1.434582
0.068976	0.670712	0.674250	1.468316
0.052431	0.676109	0.678139	1.493403
0.031287	0.680279	0.680998	1.524837
0.015671	0.680949	0.681129	1.547786
0.000116	0.681222	0.681222	1.570627
-0.029846	0.680113	0.680768	1.614653
-0.050790	0.670346	0.672268	1.646419
-0.038068	0.678088	0.679155	1.626877
-0.009146	0.681042	0.681104	1.584226
0.009770	0.681246	0.681316	1.556456
0.028334	0.680087	0.680677	1.529158
0.047634	0.678022	0.679693	1.500658
0.072897	0.668599	0.672561	1.462196
0.089013	0.660098	0.666073	1.436757
0.094619	0.647691	0.654566	1.425735
0.095884	0.645496	0.652578	1.423332
0.097238	0.644813	0.652103	1.421124
0.102616	0.665230	0.673098	1.417746
0.093438	0.668106	0.674608	1.431842
0.100862	0.658360	0.666042	1.418776
0.092789	0.665179	0.671620	1.432196
0.075700	0.668823	0.673093	1.458092
0.059991	0.675508	0.678166	1.482220
0.042428	0.681218	0.682538	1.508595
0.065922	0.673376	0.676596	1.473210
0.086481	0.663715	0.669325	1.441228
0.085327	0.669245	0.674663	1.443983
0.078306	0.676825	0.681340	1.455612
0.089355	0.666319	0.672284	1.437489
0.099817	0.655679	0.663233	1.419721
0.100159	0.641031	0.648808	1.415803
0.094657	0.624827	0.631956	1.420446
0.094057	0.624846	0.631886	1.421390
0.090722	0.619190	0.625801	1.425314
0.090152	0.618978	0.625508	1.426167
0.089358	0.618549	0.624970	1.427324
0.095532	0.631488	0.638673	1.420654
0.091233	0.624578	0.631206	1.425751
0.089980	0.623680	0.630138	1.427513
0.095775	0.635549	0.642725	1.421226
0.093419	0.633553	0.640403	1.424398
0.092558	0.634331	0.641048	1.425905
0.092198	0.636010	0.642657	1.426835
0.092095	0.638122	0.644734	1.427465
0.092110	0.640464	0.647054	1.427959
0.090381	0.642134	0.648464	1.430965
0.092817	0.656457	0.662987	1.430337
0.086395	0.660113	0.665743	1.440656
0.064262	0.672938	0.675999	1.475590
0.046013	0.677070	0.678632	1.502941
0.024636	0.679597	0.680043	1.534562
0.001665	0.680104	0.680106	1.568348
-0.017445	0.679841	0.680065	1.596451
-0.036187	0.677770	0.678736	1.624137
-0.047859	0.668959	0.670668	1.642217
-0.041008	0.666534	0.667795	1.632242
-0.024757	0.672539	0.672994	1.607591
-0.021094	0.677400	0.677729	1.601926
-0.043752	0.670980	0.672405	1.635910
-0.044827	0.670230	0.671727	1.637579
-0.042271	0.668362	0.669697	1.633957
-0.034888	0.669146	0.670055	1.622888
-0.026988	0.672306	0.672847	1.610918
-0.026921	0.677247	0.677781	1.610526
-0.030685	0.677303	0.677998	1.616071
-0.029147	0.675354	0.675983	1.613928
-0.035585	0.676350	0.677286	1.623362
-0.024865	0.677404	0.677860	1.607486
-0.038826	0.670467	0.671590	1.628641
-0.035458	0.669617	0.670555	1.623700
-0.041537	0.669654	0.670941	1.632744
-0.040041	0.673783	0.674972	1.630153
-0.023348	0.673791	0.674196	1.605434
-0.041928	0.666831	0.668148	1.633590
-0.042712	0.670975	0.672333	1.634368
-0.038509	0.676815	0.677910	1.627632
-0.023232	0.678715	0.679112	1.605012
-0.007860	0.679852	0.679898	1.582357
0.011991	0.679690	0.679796	1.553156
0.006712	0.679690	0.679723	1.560922
0.026800	0.678225	0.678754	1.531302
0.017627	0.678495	0.678724	1.544823
0.020490	0.677653	0.677963	1.540569
-0.002702	0.678066	0.678072	1.574782
-0.007402	0.675926	0.675966	1.581746
-0.028888	0.668582	0.669206	1.613977
-0.044636	0.658360	0.659871	1.638491
-0.057661	0.646507	0.649073	1.659750
-0.077527	0.628118	0.632885	1.693602
-0.090379	0.616144	0.622737	1.716442
-0.110737	0.599042	0.609191	1.753591
-0.126298	0.586130	0.599583	1.783029
-0.147080	0.570377	0.589035	1.823163
-0.161978	0.559726	0.582692	1.852490
-0.176446	0.549182	0.576831	1.881668
-0.197341	0.533553	0.568878	1.925055
-0.212237	0.522783	0.564222	1.956443
-0.226263	0.512059	0.559821	1.986868
-0.246578	0.496799	0.554626	2.031506
-0.265117	0.482057	0.550151	2.073617
-0.244998	0.498142	0.555130	2.027881
-0.232954	0.507257	0.558191	2.001311
-0.220598	0.516113	0.561280	1.974717
-0.202602	0.529660	0.567086	1.936137
-0.181581	0.544520	0.573998	1.892670
-0.162995	0.557990	0.581309	1.854999
-0.143524	0.572208	0.589933	1.816551
-0.121779	0.588979	0.601437	1.774687
-0.104044	0.604444	0.613333	1.741258
-0.088750	0.618512	0.624847	1.713314
-0.074480	0.632179	0.636551	1.688070
-0.062408	0.644728	0.647741	1.667293
-0.047947	0.660026	0.661765	1.643313
-0.024302	0.670905	0.671345	1.607003
-0.012317	0.675108	0.675221	1.589039
-0.001595	0.676963	0.676965	1.573152
0.009363	0.677702	0.677766	1.556981
0.018251	0.677867	0.678113	1.543879
0.026233	0.677694	0.678201	1.532106
0.033506	0.677300	0.678128	1.521367
0.035284	0.677431	0.678349	1.518758
0.008364	0.679564	0.679616	1.558490
-0.013924	0.679648	0.679791	1.591281
-0.039534	0.676285	0.677440	1.629187
-0.044846	0.667416	0.668921	1.637890
-0.025301	0.675536	0.676009	1.608232
-0.023325	0.677148	0.677550	1.605229
-0.043385	0.671945	0.673344	1.635273
-0.036303	0.676141	0.677115	1.624436
-0.038972	0.674926	0.676050	1.628475
-0.041531	0.673175	0.674455	1.632413
-0.025864	0.676907	0.677401	1.608986
-0.026223	0.672937	0.673447	1.609745
-0.035455	0.669009	0.669947	1.623743
-0.037995	0.668693	0.669771	1.627555
-0.036233	0.676673	0.677642	1.624291
-0.020687	0.677296	0.677612	1.601330
-0.024296	0.672830	0.673268	1.606891
-0.040527	0.666660	0.667890	1.631512
-0.047763	0.668881	0.670584	1.642083
-0.035872	0.677852	0.678800	1.623666
-0.016853	0.679843	0.680051	1.595581
0.002273	0.680072	0.680075	1.567454
0.014575	0.680049	0.680206	1.549368
0.039871	0.678025	0.679196	1.512060
0.068702	0.671032	0.674540	1.468769
0.090306	0.653661	0.659870	1.433512
0.092932	0.649358	0.655974	1.428648
0.095992	0.647881	0.654954	1.423703
0.092032	0.636459	0.643079	1.427192
0.095674	0.639575	0.646691	1.422307
0.091575	0.630653	0.637267	1.426598
0.095117	0.634842	0.641928	1.422074
0.095437	0.632814	0.639970	1.421111
0.088198	0.618995	0.625247	1.429263
0.089774	0.620272	0.626735	1.427060
0.090526	0.620633	0.627201	1.425956
0.093826	0.625815	0.632809	1.421978
0.092811	0.622054	0.628939	1.422688
0.092723	0.620729	0.627616	1.422516
0.094025	0.622676	0.629734	1.420928
0.100000	0.640112	0.647876	1.415827
0.101233	0.655312	0.663086	1.417528
0.091649	0.666868	0.673136	1.434220
0.064621	0.678881	0.681949	1.475894
0.085393	0.668080	0.673515	1.443667
0.095252	0.660988	0.667816	1.427675
0.072918	0.669671	0.673629	1.462338
0.054982	0.676876	0.679105	1.489745
0.031601	0.682127	0.682859	1.524502
0.048200	0.678358	0.680068	1.499861
0.063525	0.674018	0.677005	1.476825
0.088622	0.661781	0.667688	1.437675
0.091127	0.668339	0.674523	1.435283
0.097308	0.653357	0.660563	1.422947
0.086264	0.671435	0.676954	1.443019
0.098812	0.669144	0.676400	1.424186
0.096867	0.642897	0.650154	1.421248
0.095857	0.643681	0.650779	1.422963
0.095444	0.646002	0.653014	1.424112
0.094628	0.649267	0.656127	1.426070
0.092638	0.653937	0.660466	1.430071
0.086808	0.659807	0.665493	1.439981
0.066840	0.672427	0.675740	1.471720
0.049509	0.677277	0.679084	1.497827
0.026718	0.680391	0.680916	1.531547
-0.000653	0.681090	0.681091	1.571754
-0.019537	0.680557	0.680837	1.599496
-0.037561	0.678064	0.679103	1.626134
-0.049672	0.667850	0.669695	1.645036
-0.050627	0.663480	0.665409	1.646954
-0.048624	0.671900	0.673657	1.643038
-0.033865	0.679112	0.679956	1.620622
-0.006850	0.680943	0.680977	1.580856
0.012416	0.680959	0.681072	1.552565
0.031205	0.680271	0.680987	1.524958
0.054279	0.675713	0.677890	1.490640
0.071449	0.669535	0.673336	1.464484
0.091193	0.656790	0.663091	1.432831
0.094984	0.648450	0.655370	1.425352
0.095962	0.644444	0.651550	1.422976
0.098962	0.645871	0.653408	1.418757
0.093668	0.658834	0.665459	1.429571
0.081969	0.673530	0.678499	1.449691
0.095454	0.665224	0.672038	1.428277
0.085644	0.663836	0.669338	1.442492
0.071187	0.670793	0.674560	1.465069
0.055923	0.677839	0.680142	1.488481
0.082620	0.667911	0.673001	1.447722
0.102328	0.662682	0.670536	1.417591
0.096389	0.651642	0.658732	1.423944
0.092967	0.655613	0.662172	1.429934
0.085240	0.661896	0.667362	1.442720
0.069618	0.670337	0.673942	1.467312
0.050287	0.678540	0.680401	1.496821
0.044481	0.679585	0.681039	1.505437
0.064273	0.672654	0.675718	1.475534
0.081585	0.664203	0.669195	1.448577
0.092680	0.656598	0.663107	1.430570
0.097257	0.653861	0.661054	1.423137
0.092104	0.671759	0.678044	1.434538
0.084427	0.666643	0.671968	1.444823
0.075251	0.668876	0.673095	1.458764
0.085243	0.671963	0.677348	1.444613
0.102742	0.664935	0.672826	1.417495
0.098191	0.639468	0.646963	1.418435
0.094929	0.635446	0.642498	1.422503
0.095105	0.638385	0.645430	1.422907
0.096289	0.644281	0.651437	1.422443
0.093541	0.643657	0.650418	1.426480
0.092084	0.645818	0.652350	1.429166
0.089079	0.659635	0.665622	1.436566
0.069497	0.670346	0.673939	1.467493
0.054861	0.674828	0.677055	1.489679
0.037841	0.678800	0.679854	1.515107
0.021200	0.679994	0.680324	1.539629
0.004740	0.680661	0.680678	1.563832
-0.012215	0.680243	0.680352	1.588752
-0.034681	0.677998	0.678884	1.621903
-0.047566	0.671396	0.673079	1.641524
-0.046504	0.666205	0.667826	1.640488
-0.041352	0.665605	0.666889	1.632843
-0.025463	0.675382	0.675862	1.608480
-0.024124	0.672198	0.672631	1.606669
-0.021219	0.673332	0.673666	1.602300
-0.037246	0.665803	0.666844	1.626680
-0.016399	0.676571	0.676770	1.595030
-0.025260	0.671523	0.671998	1.608395
-0.035075	0.667529	0.668450	1.623292
-0.037974	0.667183	0.668263	1.627652
-0.047798	0.667324	0.669034	1.642301
-0.044164	0.674349	0.675793	1.636194
-0.027827	0.679379	0.679949	1.611733
-0.007283	0.680344	0.680383	1.581501
0.008612	0.680592	0.680647	1.558143
0.028153	0.679708	0.680291	1.529401
0.050412	0.677407	0.679281	1.496514
0.065988	0.671086	0.674323	1.472782
0.080556	0.664202	0.669069	1.450104
0.090852	0.656651	0.662906	1.433313
0.095981	0.652587	0.659607	1.424766
0.093419	0.641033	0.647805	1.426083
0.094140	0.639586	0.646477	1.424656
0.094165	0.637797	0.644711	1.424214
0.094056	0.636015	0.642932	1.423977
0.093935	0.634353	0.641271	1.423784
0.093946	0.633019	0.639952	1.423462
0.094553	0.632782	0.639808	1.422469
0.099068	0.640343	0.647962	1.417302
0.099695	0.655036	0.662579	1.419758
0.089941	0.666010	0.672056	1.436565
0.075663	0.677328	0.681541	1.459549
0.097442	0.667666	0.674739	1.425875
0.094455	0.663459	0.670149	1.429379
0.081985	0.675793	0.680748	1.450069
0.091319	0.662185	0.668452	1.433755
0.097794	0.648988	0.656315	1.421234
0.094348	0.654196	0.660965	1.427564
0.088561	0.658606	0.664534	1.437131
0.071202	0.670035	0.673807	1.464927
0.045778	0.678183	0.679727	1.503397
0.016658	0.681727	0.681930	1.546366
0.037868	0.680029	0.681082	1.515168
0.055660	0.675257	0.677547	1.488555
0.070856	0.669775	0.673513	1.465397
0.089586	0.658519	0.664585	1.435584
0.094647	0.650893	0.657739	1.426397
0.096049	0.646513	0.653609	1.423311
0.097125	0.644636	0.651911	1.421255
0.100556	0.648562	0.656311	1.416976
0.085718	0.672518	0.677959	1.444022
0.089296	0.665465	0.671429	1.437407
0.062462	0.675751	0.678631	1.478625
0.084863	0.666930	0.672308	1.444232
0.065382	0.674649	0.677810	1.474185
0.041895	0.681436	0.682723	1.509393
0.062272	0.674834	0.677701	1.478779
0.080227	0.666290	0.671103	1.450965
0.092300	0.666548	0.672909	1.433196
0.077392	0.675230	0.679650	1.456679
0.097037	0.655484	0.662628	1.423825
0.097685	0.641883	0.649273	1.419770
0.094356	0.638855	0.645785	1.424160
0.094085	0.640487	0.647361	1.424943
0.094126	0.642771	0.649626	1.425392
0.093404	0.645096	0.651823	1.427005
0.091111	0.658486	0.664760	1.433305
0.074258	0.668027	0.672142	1.460091
0.059077	0.673755	0.676340	1.483337
0.041619	0.678744	0.680019	1.509555
0.024430	0.680056	0.680495	1.534888
0.007550	0.680783	0.680825	1.559706
-0.012925	0.680455	0.680578	1.589789
-0.033383	0.678446	0.679267	1.619961
-0.047365	0.672353	0.674019	1.641127
-0.048776	0.666113	0.667896	1.643891
-0.043272	0.675310	0.676695	1.634786
-0.024724	0.680085	0.680535	1.607135
-0.001798	0.680756	0.680759	1.573438
0.021474	0.680680	0.681018	1.539259
0.050353	0.676795	0.678665	1.496535
0.073702	0.668588	0.672638	1.461005
0.093933	0.653308	0.660027	1.427994
0.096117	0.645960	0.653072	1.423084
0.098809	0.645865	0.653380	1.418986
0.097468	0.665701	0.672799	1.425415
0.087261	0.663324	0.669039	1.439996
0.065327	0.673936	0.677095	1.474164
0.039850	0.682401	0.683563	1.512465
0.064971	0.674358	0.677480	1.474748
0.087078	0.664124	0.669808	1.440423
0.085422	0.670716	0.676134	1.444119
0.101021	0.650390	0.658189	1.416704
0.095642	0.635251	0.642410	1.421361
0.094532	0.634842	0.641842	1.422977
0.094377	0.636369	0.643330	1.423564
0.094547	0.638808	0.645767	1.423857
0.094979	0.642190	0.649175	1.423962
0.095175	0.647015	0.653977	1.424745
0.092043	0.656016	0.662441	1.431401
0.069478	0.670601	0.674190	1.467559
0.049781	0.676814	0.678642	1.497376
0.024841	0.680599	0.681052	1.534314
-0.001197	0.680571	0.680572	1.572554
-0.017014	0.680117	0.680330	1.595807
-0.032760	0.679016	0.679805	1.619006
-0.048251	0.670917	0.672650	1.642591
-0.044573	0.665111	0.666603	1.637712
-0.026321	0.672677	0.673191	1.609905
-0.032882	0.668233	0.669041	1.619964
-0.028101	0.669962	0.670551	1.612715
-0.031466	0.677497	0.678227	1.617207
-0.016605	0.676331	0.676535	1.595343
-0.022658	0.672330	0.672712	1.604484
-0.049671	0.659380	0.661248	1.645984
-0.027270	0.670288	0.670842	1.611458
-0.028891	0.669781	0.670403	1.613905
-0.042605	0.665169	0.666532	1.634760
-0.047450	0.666673	0.668360	1.641850
-0.046142	0.673039	0.674619	1.639246
-0.030877	0.679058	0.679759	1.616235
-0.008594	0.680395	0.680449	1.583427
0.009281	0.680807	0.680871	1.557165
0.027407	0.679690	0.680242	1.530495
0.046216	0.677691	0.679266	1.502705
0.072939	0.668409	0.672377	1.462103
0.089023	0.659585	0.665566	1.436638
0.093593	0.646214	0.652956	1.426964
0.096024	0.645904	0.653003	1.423212
0.095082	0.639990	0.647014	1.423308
0.094531	0.636350	0.643333	1.423323
0.095024	0.635077	0.642146	1.422273
0.100109	0.642931	0.650678	1.416329
0.099924	0.658016	0.665559	1.420091
0.088492	0.666920	0.672765	1.438879
0.070385	0.677181	0.680829	1.467231
0.087266	0.669371	0.675036	1.441157
0.087677	0.663633	0.669400	1.439440
0.073354	0.670046	0.674049	1.461754
0.058188	0.676885	0.679381	1.485042
0.082065	0.665935	0.670972	1.448182
0.086703	0.669156	0.674750	1.441943
0.068162	0.677642	0.681061	1.470547
0.072043	0.674742	0.678577	1.464428
0.089480	0.665188	0.671179	1.437081
0.099691	0.657050	0.664570	1.420220
0.095865	0.655985	0.662952	1.425685
0.084460	0.662989	0.668347	1.444086
0.064941	0.672468	0.675596	1.474523
0.040679	0.679580	0.680796	1.511009
0.020438	0.681617	0.681924	1.540821
0.000973	0.682681	0.682682	1.569372
0.016056	0.681904	0.682093	1.547254
0.031107	0.680787	0.681498	1.525136
0.048048	0.677721	0.679422	1.500018
0.063302	0.674080	0.677046	1.477163
0.086148	0.661496	0.667082	1.441293
0.093132	0.657007	0.663575	1.429983
0.098278	0.657991	0.665290	1.422532
0.085873	0.669159	0.674647	1.443164
0.087124	0.663429	0.669125	1.440220
0.066837	0.672911	0.676222	1.471795
0.043403	0.680983	0.682365	1.507146
0.064881	0.673758	0.676874	1.474796
0.084064	0.664623	0.669918	1.444981
0.085892	0.668773	0.674266	1.443063
0.072403	0.677573	0.681431	1.464344
0.088965	0.667377	0.673281	1.438272
0.100553	0.657891	0.665531	1.419128
0.101176	0.642636	0.650552	1.414638
0.093997	0.622043	0.629105	1.420820
0.092625	0.619811	0.626693	1.422454
0.092428	0.620375	0.627222	1.422896
0.093038	0.622905	0.629814	1.422531
0.090076	0.618243	0.624770	1.426117
0.094318	0.627654	0.634701	1.421641
0.091844	0.624178	0.630899	1.424701
0.091092	0.624170	0.630782	1.425878
0.090815	0.625015	0.631578	1.426505
0.090718	0.626152	0.632689	1.426915
0.090758	0.627457	0.633987	1.427148
0.090528	0.628455	0.634942	1.427732
0.096868	0.641345	0.648619	1.420891
0.094781	0.641198	0.648166	1.424041
0.094098	0.643611	0.650453	1.425622
0.093372	0.647334	0.654033	1.427544
0.091492	0.652572	0.658955	1.431502
0.087061	0.658829	0.664556	1.439412
0.075610	0.666271	0.670548	1.457797
0.060371	0.674625	0.677321	1.481546
0.045326	0.677178	0.678694	1.503962
0.028931	0.679257	0.679873	1.528231
0.008023	0.680081	0.680129	1.559000
-0.009735	0.680017	0.680087	1.585110
-0.030843	0.679074	0.679774	1.616184
-0.042373	0.672792	0.674125	1.633694
-0.045602	0.667019	0.668576	1.639058
-0.029547	0.671316	0.671965	1.614782
-0.023127	0.674018	0.674414	1.605095
-0.020642	0.676694	0.677009	1.601291
-0.025434	0.678041	0.678518	1.608290
-0.037200	0.676320	0.677342	1.625744
-0.033570	0.670032	0.670872	1.620857
-0.035361	0.669145	0.670078	1.623593
-0.026622	0.672810	0.673337	1.610344
-0.036822	0.675460	0.676463	1.625256
-0.037002	0.675573	0.676586	1.625513
-0.042685	0.672063	0.673417	1.634224
-0.031609	0.675634	0.676373	1.617546
-0.037261	0.669360	0.670396	1.626406
-0.037717	0.669191	0.670253	1.627099
-0.042879	0.669238	0.670611	1.634781
-0.033569	0.674610	0.675445	1.620515
-0.041122	0.671751	0.673008	1.631936
-0.033957	0.674777	0.675631	1.621077
-0.041684	0.673707	0.674996	1.632591
-0.031230	0.675518	0.676239	1.616995
-0.036977	0.674924	0.675936	1.625528
-0.041505	0.671722	0.673003	1.632506
-0.026502	0.676015	0.676534	1.609979
-0.027495	0.674461	0.675021	1.611539
-0.035267	0.670492	0.671419	1.623346
-0.031360	0.677586	0.678312	1.617045
-0.021658	0.676536	0.676883	1.602799
-0.029179	0.670445	0.671080	1.614291
-0.044173	0.666870	0.668332	1.636939
-0.042692	0.674836	0.676185	1.633975
-0.018285	0.679715	0.679961	1.597691
0.006003	0.679901	0.679927	1.561967
0.027042	0.678831	0.679370	1.530981
0.053898	0.675247	0.677395	1.491146
0.037527	0.677702	0.678740	1.515479
0.064901	0.671555	0.674684	1.474452
0.035994	0.677489	0.678444	1.517718
0.012168	0.679444	0.679553	1.552890
0.020414	0.678541	0.678848	1.540720
0.029544	0.677177	0.677821	1.527196
0.014311	0.677909	0.678060	1.549689
-0.002452	0.678281	0.678285	1.574412
-0.015314	0.674589	0.674763	1.593494
-0.029843	0.667600	0.668267	1.615468
-0.050017	0.654473	0.656381	1.647071
-0.060718	0.643583	0.646441	1.664861
-0.071002	0.632632	0.636604	1.682561
-0.085197	0.620019	0.625845	1.707351
-0.097036	0.609123	0.616803	1.728774
-0.109338	0.598737	0.608639	1.751421
-0.121664	0.588439	0.600885	1.774681
-0.139017	0.574772	0.591344	1.808105
-0.155093	0.563442	0.584398	1.839405
-0.169825	0.552404	0.577920	1.869055
-0.193266	0.535289	0.569110	1.917282
-0.208840	0.524087	0.564165	1.949994
-0.223305	0.513058	0.559547	1.981311
-0.239278	0.501266	0.555447	2.016158
-0.254345	0.489555	0.551684	2.049955
-0.267955	0.478741	0.548628	2.081062
-0.280936	0.467840	0.545710	2.111580
-0.295364	0.455751	0.543092	2.145822
-0.308896	0.443695	0.540631	2.178961
-0.320178	0.433267	0.538734	2.207211
-0.331016	0.422621	0.536824	2.235238
-0.346871	0.406757	0.534575	2.276899
-0.360678	0.391744	0.532495	2.314930
-0.374905	0.375991	0.530964	2.354747
-0.387729	0.360713	0.529573	2.392275
-0.398860	0.346800	0.528545	2.425899
-0.409136	0.333016	0.527534	2.458404
-0.394751	0.352007	0.528902	2.413372
-0.378090	0.372147	0.530514	2.364117
-0.367070	0.384950	0.531909	2.332423
-0.355193	0.397842	0.533329	2.299620
-0.341540	0.412054	0.535200	2.262896
-0.326597	0.426591	0.537257	2.224205
-0.313922	0.438700	0.539448	2.191898
-0.300316	0.450860	0.541723	2.158404
-0.285085	0.464097	0.544664	2.121650
-0.268590	0.477563	0.547912	2.083124
-0.254300	0.489307	0.551444	2.050091
-0.238991	0.501143	0.555213	2.015788
-0.219931	0.515664	0.560606	1.973938
-0.198685	0.530830	0.566795	1.928945
-0.185611	0.540856	0.571819	1.901382
-0.171572	0.550731	0.576838	1.872801
-0.150037	0.566655	0.586182	1.829634
-0.136382	0.577236	0.593129	1.802809
-0.120974	0.588289	0.600599	1.773606
-0.103563	0.603496	0.612318	1.740747
-0.088532	0.617241	0.623558	1.713257
-0.074803	0.630081	0.634505	1.688963
-0.063579	0.641254	0.644398	1.669620
-0.051165	0.653479	0.655479	1.648933
-0.028824	0.668109	0.668731	1.613912
-0.010694	0.674629	0.674714	1.586647
0.004647	0.676776	0.676792	1.563931
0.017110	0.677315	0.677531	1.545540
0.027370	0.677174	0.677727	1.530401
0.034601	0.676908	0.677792	1.519724
0.016647	0.679083	0.679287	1.546287
0.041272	0.676483	0.677740	1.509862
0.067942	0.670054	0.673489	1.469743
0.042147	0.676883	0.678194	1.508611
0.063628	0.672334	0.675338	1.476440
0.037521	0.677629	0.678667	1.515481
0.014185	0.679696	0.679844	1.549930
-0.002914	0.679918	0.679924	1.575082
-0.019180	0.679427	0.679698	1.599018
-0.035260	0.677960	0.678876	1.622758
-0.044114	0.668086	0.669541	1.636732
-0.038484	0.667337	0.668445	1.628401
-0.021458	0.676494	0.676834	1.602505
-0.039029	0.675131	0.676258	1.628542
-0.043620	0.669353	0.670773	1.635871
-0.042502	0.673123	0.674463	1.633854
-0.036175	0.673841	0.674811	1.624429
-0.041069	0.670547	0.671804	1.631967
-0.032250	0.671443	0.672217	1.618790
-0.038041	0.670586	0.671664	1.627464
-0.037253	0.673838	0.674867	1.626025
-0.029345	0.671571	0.672212	1.614464
-0.035898	0.669526	0.670488	1.624362
-0.043360	0.670213	0.671614	1.635402
-0.040172	0.672934	0.674132	1.630423
-0.020870	0.676029	0.676351	1.601658
-0.030657	0.669807	0.670508	1.616534
-0.044546	0.666936	0.668422	1.637490
-0.042330	0.675046	0.676372	1.633421
-0.018412	0.679715	0.679964	1.597878
0.005614	0.679910	0.679933	1.562540
0.033392	0.678408	0.679229	1.521615
0.057463	0.673990	0.676435	1.485744
0.074243	0.667782	0.671896	1.460073
0.058800	0.673412	0.675975	1.483700
0.036615	0.677767	0.678756	1.516825
0.010112	0.679705	0.679781	1.555920
0.015522	0.679220	0.679397	1.547948
0.037207	0.676712	0.677734	1.515869
0.030623	0.677031	0.677724	1.525595
0.020972	0.677350	0.677675	1.539844
0.010083	0.677159	0.677234	1.555907
-0.003623	0.676007	0.676017	1.576155
-0.017930	0.672653	0.672892	1.597445
-0.034094	0.665376	0.666249	1.621992
-0.050347	0.655692	0.657622	1.647430
-0.064939	0.640390	0.643674	1.671856
-0.076983	0.628355	0.633053	1.692704
-0.091114	0.615139	0.621851	1.717847
-0.106453	0.601026	0.610380	1.746096
-0.124662	0.585525	0.598649	1.780570
-0.137374	0.576306	0.592452	1.804799
-0.149664	0.566865	0.586290	1.828927
-0.170356	0.551511	0.577222	1.870388
-0.183178	0.542703	0.572783	1.896318
-0.195567	0.533634	0.568342	1.922079
-0.219401	0.516204	0.560895	1.972690
-0.235421	0.504301	0.556545	2.007555
-0.250294	0.492549	0.552496	2.040951
-0.237728	0.502480	0.555878	2.012700
-0.224621	0.512270	0.559352	1.984030
-0.210704	0.522569	0.563449	1.954065
-0.196321	0.532793	0.567812	1.923834
-0.181866	0.543679	0.573290	1.893605
-0.166262	0.554700	0.579081	1.862007
-0.154083	0.564120	0.584785	1.837430
-0.141499	0.573405	0.590605	1.812733
-0.120243	0.590229	0.602353	1.771769
-0.101340	0.607112	0.615512	1.736193
-0.080549	0.625786	0.630949	1.698809
-0.067087	0.638676	0.642190	1.675453
-0.048708	0.658588	0.660387	1.644621
-0.023736	0.670678	0.671097	1.606173
-0.010918	0.675139	0.675228	1.586966
-0.010106	0.677536	0.677612	1.585711
0.006364	0.678737	0.678767	1.561421
0.013262	0.678786	0.678915	1.551260
0.021128	0.678534	0.678862	1.539669
0.031823	0.677750	0.678497	1.523877
0.043731	0.676355	0.677768	1.506229
0.058435	0.673613	0.676142	1.484264
0.071791	0.668815	0.672657	1.463866
0.071488	0.669122	0.672930	1.464362
0.057069	0.673256	0.675671	1.486233
0.042037	0.677037	0.678341	1.508786
0.015659	0.679591	0.679771	1.547759
0.000325	0.679877	0.679877	1.570319
-0.024706	0.679508	0.679956	1.607139
-0.046149	0.668885	0.670475	1.639682
-0.040988	0.666877	0.668135	1.632182
-0.021298	0.675614	0.675950	1.602310
-0.034757	0.668395	0.669299	1.622750
-0.046352	0.667739	0.669346	1.640102
-0.036259	0.677658	0.678627	1.624251
-0.014126	0.679820	0.679966	1.591573
0.005919	0.679919	0.679944	1.562091
0.025695	0.679204	0.679689	1.532983
0.007577	0.679887	0.679929	1.559653
-0.011328	0.679865	0.679960	1.587457
-0.033581	0.678426	0.679257	1.620255
-0.046324	0.667650	0.669255	1.640070
-0.026904	0.672105	0.672643	1.610805
-0.021818	0.675762	0.676114	1.603072
-0.025618	0.677703	0.678187	1.608579
-0.036843	0.676236	0.677239	1.625224
-0.034019	0.671165	0.672027	1.621439
-0.027479	0.673317	0.673878	1.611584
-0.029338	0.676454	0.677090	1.614140
-0.035152	0.675793	0.676707	1.622765
-0.034424	0.674950	0.675828	1.621755
-0.033973	0.669742	0.670603	1.621478
-0.044480	0.670793	0.672267	1.637009
-0.029084	0.677937	0.678561	1.613671
-0.021137	0.675334	0.675665	1.602085
-0.038311	0.667303	0.668401	1.628146
-0.047499	0.670451	0.672132	1.641524
-0.023119	0.679596	0.679989	1.604802
-0.007610	0.679938	0.679981	1.581988
0.007644	0.679929	0.679972	1.559555
0.030008	0.678812	0.679475	1.526619
0.047198	0.676360	0.678004	1.501127
0.062359	0.673345	0.676226	1.478449
0.086274	0.660983	0.666590	1.441007
0.066713	0.671491	0.674796	1.471771
0.052146	0.674879	0.676891	1.493682
0.037221	0.677939	0.678960	1.515949
0.059226	0.673307	0.675907	1.483060
0.074963	0.667364	0.671561	1.458938
0.059020	0.673341	0.675923	1.483367
0.035928	0.677802	0.678753	1.517839
0.009316	0.679698	0.679762	1.557091
0.012146	0.679286	0.679395	1.552918
0.025790	0.677796	0.678287	1.532765
0.013615	0.677983	0.678120	1.550717
-0.008552	0.676421	0.676475	1.583439
-0.017015	0.672809	0.673024	1.596081
-0.032810	0.665712	0.666520	1.620043
-0.049144	0.655935	0.657773	1.645579
-0.062965	0.641033	0.644118	1.668706
-0.074755	0.628927	0.633355	1.689103
-0.093021	0.613415	0.620428	1.721294
-0.106023	0.601575	0.610847	1.745247
-0.122260	0.587468	0.600055	1.775981
-0.145527	0.570035	0.588318	1.820753
-0.165432	0.555135	0.579260	1.860420
-0.187035	0.540008	0.571482	1.904221
-0.205979	0.525938	0.564835	1.944076
-0.219500	0.516067	0.560808	1.972948
-0.232334	0.506047	0.556833	2.001204
-0.249956	0.492576	0.552367	2.040384
-0.265591	0.479681	0.548300	2.076463
-0.287399	0.461612	0.543768	2.127668
-0.306482	0.444581	0.539985	2.174355
-0.326373	0.426375	0.536949	2.224118
-0.343407	0.409389	0.534347	2.268768
-0.359505	0.392667	0.532383	2.312134
-0.373410	0.376936	0.530581	2.351495
-0.389541	0.357910	0.529001	2.398487
-0.403545	0.339896	0.527615	2.441601
-0.415090	0.324119	0.526643	2.478645
-0.425504	0.308722	0.525703	2.513928
-0.436620	0.291837	0.525172	2.552391
-0.446546	0.275424	0.524654	2.588921
-0.454401	0.261494	0.524270	2.619405
-0.461695	0.247522	0.523860	2.649471
-0.451828	0.266055	0.524341	2.609419
-0.440266	0.285687	0.524835	2.565993
-0.427019	0.306530	0.525648	2.518995
-0.411477	0.328696	0.526644	2.467571
-0.395181	0.350484	0.528211	2.416065
-0.385318	0.362728	0.529189	2.386384
-0.374908	0.374854	0.530161	2.356267
-0.362400	0.389327	0.531892	2.320390
-0.348566	0.404223	0.533755	2.282394
-0.329112	0.423905	0.536666	2.230970
-0.317981	0.434548	0.538465	2.202516
-0.306420	0.444969	0.540269	2.173852
-0.318442	0.434100	0.538376	2.203698
-0.329924	0.423073	0.536508	2.233114
-0.350088	0.402557	0.533492	2.286594
-0.363446	0.388073	0.531689	2.323437
-0.375470	0.374013	0.529966	2.358138
-0.393464	0.352420	0.528218	2.411167
-0.408424	0.332626	0.526735	2.458125
-0.421400	0.314334	0.525723	2.500703
-0.432633	0.297005	0.524770	2.539980
-0.443555	0.279499	0.524272	2.579310
-0.453248	0.262526	0.523788	2.616600
-0.460617	0.248568	0.523406	2.646737
-0.467426	0.234588	0.522990	2.676448
-0.474730	0.219270	0.522922	2.708901
-0.481327	0.204093	0.522809	2.740551
-0.491535	0.177523	0.522610	2.795009
-0.483256	0.199026	0.522635	2.750918
-0.473003	0.222258	0.522618	2.702324
-0.481643	0.202690	0.522554	2.743259
-0.488967	0.184013	0.522446	2.781656
-0.494506	0.168336	0.522373	2.813484
-0.499334	0.152935	0.522230	2.844386
-0.506121	0.129900	0.522525	2.890357
-0.511249	0.108763	0.522690	2.931978
-0.515162	0.089958	0.522958	2.968715
-0.518099	0.072166	0.523100	3.003194
-0.515446	0.087715	0.522856	2.973034
-0.512268	0.103300	0.522579	2.942608
-0.508115	0.120905	0.522301	2.907989
-0.503070	0.139085	0.521942	2.871857
-0.508067	0.120524	0.522167	2.908678
-0.512050	0.102863	0.522280	2.943347
-0.514981	0.087666	0.522390	2.972978
-0.517422	0.072478	0.522473	3.002422
-0.520559	0.050297	0.522984	3.045271
-0.522555	0.029506	0.523387	3.085188
-0.523634	0.011620	0.523763	3.119404
-0.524021	-0.005617	0.524051	3.152310
-0.522649	0.021042	0.523072	3.101354
-0.523647	-0.004011	0.523662	3.149252
-0.523430	-0.026692	0.524111	3.192543
-0.522205	-0.054278	0.525018	3.245160
-0.519801	-0.078975	0.525766	3.292373
-0.518236	-0.086281	0.525370	3.306569
-0.514861	-0.108486	0.526167	3.349263
-0.510862	-0.128703	0.526825	3.388390
-0.507630	-0.143590	0.527548	3.417255
-0.503984	-0.158375	0.528283	3.446068
-0.496627	-0.183680	0.529506	3.495846
-0.497563	-0.178259	0.528532	3.485610
-0.491020	-0.198667	0.529688	3.526060
-0.484193	-0.217329	0.530730	3.563488
-0.473300	-0.244600	0.532768	3.618588
-0.462195	-0.268931	0.534741	3.668564
-0.467438	-0.256063	0.532979	3.642746
-0.458301	-0.275356	0.534659	3.682615
-0.449038	-0.293209	0.536290	3.720054
-0.434796	-0.319007	0.539271	3.774575
-0.421114	-0.341433	0.542137	3.822875
-0.423538	-0.336265	0.540795	3.812629
-0.413342	-0.352150	0.543011	3.847223
-0.403053	-0.367278	0.545293	3.880582
-0.388811	-0.387506	0.548939	3.925309
-0.375107	-0.405762	0.552583	3.966228
-0.379961	-0.398283	0.550454	3.950529
-0.362489	-0.420510	0.555182	4.000957
-0.346200	-0.440654	0.560384	4.046459
-0.330683	-0.458932	0.565659	4.088004
-0.336400	-0.451278	0.562865	4.071813
-0.324098	-0.465560	0.567262	4.104254
-0.311939	-0.479382	0.571938	4.135514
-0.300835	-0.491703	0.576431	4.163321
-0.289715	-0.503847	0.581203	4.190550
-0.292837	-0.499552	0.579056	4.182179
-0.280737	-0.512910	0.584713	4.211589
-0.268675	-0.526105	0.590739	4.240228
-0.257907	-0.537819	0.596461	4.265241
-0.247205	-0.549468	0.602516	4.289619
-0.250973	-0.544436	0.599498	4.280444
-0.239718	-0.556884	0.606288	4.305900
-0.228463	-0.569328	0.613457	4.330775
-0.218241	-0.581002	0.620639	4.353067
-0.207806	-0.592551	0.627933	4.375093
-0.204278	-0.595936	0.629976	4.382156
-0.194079	-0.607742	0.637979	4.403281
-0.183569	-0.619517	0.646141	4.424321
-0.173325	-0.632011	0.655347	4.444726
-0.162013	-0.644191	0.664251	4.466000
-0.157289	-0.648848	0.667640	4.474564
-0.143995	-0.663408	0.678856	4.498651
-0.126297	-0.678482	0.690136	4.528348
-0.100660	-0.691631	0.698917	4.567864
-0.073228	-0.699478	0.703301	4.608080
-0.049634	-0.703418	0.705167	4.641945
-0.028057	-0.705435	0.705992	4.672637
-0.005649	-0.705469	0.705492	4.704382
0.015430	-0.704331	0.704500	4.734293
0.036613	-0.701048	0.702003	4.764567
0.057308	-0.695706	0.698062	4.794577
0.072249	-0.689307	0.693083	4.816822
0.092891	-0.676718	0.683064	4.848803
0.107924	-0.665519	0.674213	4.873155
0.121752	-0.654632	0.665858	4.896273
0.133779	-0.644938	0.658667	4.916918
0.144963	-0.635794	0.652110	4.936560
0.155424	-0.627658	0.646615	4.955132
0.164272	-0.620331	0.641713	4.971261
0.174552	-0.612753	0.637130	4.989904
0.182439	-0.606017	0.632882	5.004805
0.192627	-0.598685	0.628910	5.023679
0.198631	-0.593183	0.625556	5.035509
0.208641	-0.586166	0.622191	5.054347
0.213059	-0.581628	0.619424	5.063523
0.224839	-0.573844	0.616319	5.085816
0.227389	-0.570414	0.614067	5.091722
0.238658	-0.562964	0.611462	5.113355
0.242340	-0.558914	0.609191	5.121513
0.254604	-0.550718	0.606724	5.145434
0.256901	-0.547514	0.604790	5.151106
0.268155	-0.539810	0.602745	5.173440
0.270900	-0.536366	0.600895	5.180081
0.283045	-0.527982	0.599065	5.204488
0.285574	-0.524757	0.597430	5.210771
0.296096	-0.517114	0.595885	5.232412
0.306982	-0.507807	0.593385	5.256129
0.318043	-0.498471	0.591291	5.280308
0.328551	-0.489062	0.589176	5.303936
0.339386	-0.479479	0.587438	5.328346
0.342413	-0.475580	0.586023	5.336406
0.355128	-0.465179	0.585241	5.364425
0.356779	-0.462269	0.583938	5.369695
0.368076	-0.452569	0.583351	5.395189
0.370203	-0.449229	0.582114	5.401645
0.382565	-0.438284	0.581764	5.430010
0.384582	-0.435059	0.580672	5.436282
0.394681	-0.425503	0.580367	5.460226
0.402916	-0.416268	0.579327	5.481489
0.412949	-0.405424	0.578701	5.506982
0.420663	-0.396151	0.577835	5.527787
0.430325	-0.384999	0.577411	5.553323
0.432166	-0.381475	0.576446	5.560008
0.443645	-0.368673	0.576837	5.589819
0.445510	-0.365121	0.576014	5.596633
0.454439	-0.354345	0.576260	5.620920
0.456192	-0.350711	0.575421	5.627773
0.466393	-0.337955	0.575965	5.656130
0.476398	-0.323164	0.575664	5.687138
0.483105	-0.312448	0.575338	5.709099
0.491333	-0.299583	0.575464	5.735639
0.497409	-0.288895	0.575218	5.757004
0.505047	-0.275817	0.575454	5.783324
0.506697	-0.271538	0.574869	5.791233
0.514716	-0.257898	0.575712	5.818698
0.522619	-0.241840	0.575862	5.849783
0.525430	-0.235244	0.575688	5.862231
0.530994	-0.223844	0.576247	5.884235
0.537873	-0.207529	0.576521	5.914951
0.542012	-0.196518	0.576539	5.935355
0.547484	-0.182484	0.577095	5.961452
0.550949	-0.171808	0.577116	5.980902
0.555683	-0.157941	0.577693	6.006259
0.561353	-0.139114	0.578334	6.040260
0.565849	-0.121950	0.578841	6.070915
0.570311	-0.103027	0.579542	6.104463
0.573714	-0.085834	0.580099	6.134675
0.575460	-0.074623	0.580278	6.154230
0.577945	-0.059847	0.581035	6.180001
0.579013	-0.049621	0.581136	6.197694
0.580822	-0.035207	0.581888	6.222643
0.582541	-0.015486	0.582747	6.256609
0.583440	0.002318	0.583444	6.287158
0.583921	0.021872	0.584330	6.320625
0.583733	0.039620	0.585076	6.350954
0.583152	0.049261	0.585229	6.367458
0.582653	0.064678	0.586231	6.393739
0.581707	0.072735	0.586237	6.407578
0.580659	0.087320	0.587188	6.432448
0.578315	0.107890	0.588293	6.467625
0.575550	0.125931	0.589166	6.498591
0.571926	0.146145	0.590303	6.533363
0.568016	0.164057	0.591234	6.564359
0.565767	0.172057	0.591351	6.578411
0.562020	0.187826	0.592575	6.605714
0.560255	0.192008	0.592244	6.613356
0.555768	0.208675	0.593652	6.642370
0.549394	0.228143	0.594880	6.676780
0.542992	0.245583	0.595946	6.707931
0.535442	0.264504	0.597211	6.742015
0.527962	0.281507	0.598323	6.773035
0.524694	0.287586	0.598339	6.784571
0.517142	0.304057	0.599905	6.814702
0.514585	0.307874	0.599653	6.822351
0.506585	0.323784	0.601219	6.851895
0.496091	0.342190	0.602661	6.887014
0.485948	0.358580	0.603925	6.918896
0.474405	0.376067	0.605382	6.953467
0.463147	0.391901	0.606706	6.985451
0.459236	0.396417	0.606667	6.995298
0.447648	0.412170	0.608501	7.027345
0.443919	0.416074	0.608426	7.036217
0.432933	0.429768	0.610026	7.064914
0.420003	0.444361	0.611440	7.096756
0.406956	0.458232	0.612854	7.127780
0.393183	0.471973	0.614290	7.159403
0.379305	0.485028	0.615731	7.190297
0.369882	0.493219	0.616504	7.210522
0.356308	0.505015	0.618058	7.239547
0.347259	0.512095	0.618733	7.258095
0.333854	0.522670	0.620196	7.285558
0.318034	0.534213	0.621715	7.317002
0.301987	0.545221	0.623267	7.348165
0.285753	0.555584	0.624762	7.378937
0.268836	0.565733	0.626360	7.410371
0.260420	0.570178	0.626834	7.425542
0.242475	0.580142	0.628776	7.458091
0.236359	0.582805	0.628909	7.468696
0.217678	0.592185	0.630925	7.501727
0.201521	0.599316	0.632290	7.529607
0.182546	0.607221	0.634067	7.561951
0.166827	0.613043	0.635337	7.588286
0.147279	0.619895	0.637150	7.620719
0.131921	0.624590	0.638369	7.645829
0.111347	0.630552	0.640308	7.679198
0.096475	0.634154	0.641451	7.703008
0.076124	0.638814	0.643333	7.735376
0.060910	0.641624	0.644509	7.759335
0.039647	0.645268	0.646485	7.792616
0.025352	0.647046	0.647543	7.814821
0.004417	0.649452	0.649467	7.847181
-0.010545	0.650528	0.650614	7.870190
-0.032364	0.651840	0.652643	7.903591
-0.046374	0.652033	0.653680	7.924984
-0.067385	0.652137	0.655610	7.956946
-0.082214	0.651582	0.656748	7.979494
-0.104232	0.650497	0.658795	8.012865
-0.115919	0.649308	0.659574	8.030648
-0.138782	0.647023	0.661740	8.065274
-0.155782	0.644545	0.663104	8.091126
-0.179554	0.640632	0.665319	8.127247
-0.195664	0.637238	0.666601	8.151894
-0.218501	0.632027	0.668730	8.186834
-0.235177	0.627475	0.670099	8.212577
-0.258549	0.620611	0.672313	8.248719
-0.274262	0.615242	0.673604	8.273319
-0.296309	0.607267	0.675701	8.307933
-0.308563	0.602184	0.676636	8.327505
-0.333163	0.591786	0.679123	8.366734
-0.343890	0.586538	0.679917	8.384270
-0.367016	0.575168	0.682289	8.421947
-0.378448	0.568810	0.683204	8.441060
-0.401997	0.555492	0.685692	8.480422
-0.412672	0.548703	0.686567	8.498816
-0.433710	0.535130	0.688816	8.535078
-0.448666	0.524547	0.690254	8.561568
-0.469593	0.509020	0.692546	8.599113
-0.481331	0.499452	0.693637	8.620905
-0.502293	0.481863	0.696053	8.660136
-0.514196	0.470903	0.697243	8.683300
-0.534897	0.451164	0.699760	8.724093
-0.544588	0.440958	0.700728	8.744146
-0.563924	0.420109	0.703208	8.784501
-0.574123	0.408060	0.704365	8.806871
-0.591502	0.386771	0.706729	8.845680
-0.600652	0.374498	0.707836	8.867269
-0.615388	0.354019	0.709952	8.902735
-0.624566	0.340127	0.711174	8.926104
-0.638917	0.317414	0.713419	8.963694
-0.649195	0.299667	0.715021	8.992322
-0.658974	0.281591	0.716617	9.020946
-0.666644	0.266190	0.717824	9.044877
-0.673552	0.251950	0.719132	9.066830
-0.680154	0.237536	0.720439	9.088781
-0.686567	0.222089	0.721594	9.111923
-0.697453	0.194260	0.724001	9.153135
-0.703187	0.177427	0.725226	9.177618
-0.708158	0.162224	0.726502	9.199585
-0.712798	0.146890	0.727776	9.221548
-0.717296	0.129936	0.728970	9.245574
-0.724271	0.100999	0.731280	9.286222
-0.728699	0.078843	0.732952	9.317001
-0.732437	0.056518	0.734614	9.347767
-0.735294	0.035472	0.736149	9.376574
-0.737538	0.014309	0.737677	9.405380
-0.739271	-0.008390	0.739319	9.436127
-0.740296	-0.031177	0.740952	9.466867
-0.740594	-0.052551	0.742456	9.495618
-0.740267	-0.073956	0.743952	9.524353
-0.739308	-0.094466	0.745319	9.551866
-0.738303	-0.109873	0.746434	9.572512
-0.736977	-0.125278	0.747549	9.593158
-0.734141	-0.149591	0.749227	9.625789
-0.730495	-0.173834	0.750893	9.658401
-0.725792	-0.199274	0.752651	9.692736
-0.720195	-0.224570	0.754395	9.727041
-0.714071	-0.248339	0.756022	9.759472
-0.707156	-0.271929	0.757638	9.791886
-0.699615	-0.294894	0.759226	9.823688
-0.691327	-0.317627	0.760802	9.855458
-0.682769	-0.338958	0.762277	9.885579
-0.673552	-0.360039	0.763741	9.915672
-0.663112	-0.382032	0.765288	9.947454
-0.651956	-0.403695	0.766822	9.979199
-0.640713	-0.423918	0.768257	10.009289
-0.628844	-0.443810	0.769683	10.039356
-0.614160	-0.466684	0.771354	10.074568
-0.598649	-0.489044	0.773010	10.109747
-0.583057	-0.509906	0.774570	10.143347
-0.566751	-0.530237	0.776117	10.176903
-0.548855	-0.551031	0.777738	10.212154
-0.530219	-0.571180	0.779345	10.247348
-0.511774	-0.589764	0.780855	10.280859
-0.492700	-0.607718	0.782352	10.314320
-0.474570	-0.623706	0.783726	10.345142
-0.455936	-0.639130	0.785089	10.375932
-0.437587	-0.653387	0.786382	10.405460
-0.418810	-0.667095	0.787665	10.434956
-0.398904	-0.680720	0.788990	10.465510
-0.378579	-0.693728	0.790304	10.496025
-0.358560	-0.705691	0.791559	10.525469
-0.338181	-0.717059	0.792805	10.554886
-0.313802	-0.729649	0.794266	10.589415
-0.288988	-0.741382	0.795714	10.623894
-0.264909	-0.751768	0.797077	10.656780
-0.240493	-0.761348	0.798429	10.689615
-0.214675	-0.770485	0.799833	10.723843
-0.188548	-0.778722	0.801223	10.758021
-0.163259	-0.785756	0.802537	10.790715
-0.137753	-0.791948	0.803839	10.823355
-0.113019	-0.797112	0.805084	10.854727
-0.088128	-0.801488	0.806319	10.886059
-0.063913	-0.804967	0.807500	10.916342
-0.039596	-0.807702	0.808672	10.946591
-0.014387	-0.809746	0.809874	10.977809
0.010878	-0.810993	0.811066	11.008987
0.035415	-0.811436	0.812209	11.039191
0.059957	-0.811130	0.813343	11.069358
0.087884	-0.809870	0.814625	11.103667
0.115736	-0.807643	0.815894	11.137906
0.142506	-0.804579	0.817102	11.170876
0.169156	-0.800624	0.818298	11.203793
0.196560	-0.795606	0.819527	11.237781
0.223766	-0.789652	0.820744	11.271708
0.249750	-0.783036	0.821901	11.304326
0.275497	-0.775570	0.823047	11.336890
0.299182	-0.767878	0.824103	11.367102
0.322615	-0.759469	0.825151	11.397267
0.345515	-0.750459	0.826178	11.427047
0.368132	-0.740766	0.827197	11.456788
0.390577	-0.730331	0.828211	11.486668
0.412694	-0.719226	0.829218	11.516509
0.434247	-0.707582	0.830206	11.546010
0.455442	-0.695302	0.831187	11.575476
0.477825	-0.681392	0.832234	11.607138
0.499740	-0.666783	0.833270	11.638743
0.520767	-0.651782	0.834277	11.669698
0.541308	-0.636137	0.835275	11.700608
0.561654	-0.619602	0.836279	11.731956
0.581460	-0.602439	0.837274	11.763254
0.600384	-0.584970	0.838242	11.793975
0.618750	-0.566929	0.839202	11.824651
0.637086	-0.547749	0.840183	11.856231
0.654793	-0.528004	0.841155	11.887759
0.671583	-0.508048	0.842102	11.918727
0.687734	-0.487587	0.843042	11.949646
0.703503	-0.466260	0.843988	11.981071
0.718581	-0.444457	0.844926	12.012444
0.732766	-0.422496	0.845842	12.043352
0.746254	-0.400115	0.846751	12.074211
0.758702	-0.377943	0.847625	12.104209
0.770466	-0.355418	0.848493	12.134157
0.781433	-0.332791	0.849345	12.163761
0.791714	-0.309860	0.850190	12.193318
0.801315	-0.286606	0.851028	12.222880
0.810214	-0.263089	0.851858	12.252396
0.818367	-0.239452	0.852679	12.281719
0.825814	-0.215594	0.853493	12.311002
0.832572	-0.191455	0.854302	12.340344
0.838611	-0.167137	0.855105	12.369646
0.843943	-0.142594	0.855905	12.398989
0.848545	-0.117917	0.856699	12.428291
0.852373	-0.093388	0.857474	12.457244
0.855484	-0.068768	0.858244	12.486158
0.857885	-0.043975	0.859012	12.515156
0.859561	-0.019134	0.859774	12.544114
0.860478	0.004578	0.860490	12.571691
0.860738	0.028295	0.861202	12.599232
0.860325	0.052568	0.861929	12.627397
0.859226	0.076806	0.862652	12.655523
0.857504	0.100216	0.863340	12.682713
0.855144	0.123561	0.864025	12.709869
0.852046	0.147562	0.864730	12.737855
0.848277	0.171452	0.865430	12.765802
0.843677	0.195996	0.866144	12.794633
0.838373	0.220377	0.866853	12.823419
0.832325	0.244743	0.867563	12.852357
0.825577	0.268904	0.868267	12.881250
0.818190	0.292660	0.868956	12.909881
0.810129	0.316176	0.869641	12.938469
0.801355	0.339555	0.870326	12.967161
0.791917	0.362654	0.871006	12.995811
0.782292	0.384426	0.871645	13.023122
0.772078	0.405917	0.872280	13.050402
0.760946	0.427754	0.872934	13.078483
0.749209	0.449258	0.873583	13.106527
0.737389	0.469548	0.874195	13.133390
0.725030	0.489504	0.874804	13.160224
0.711663	0.509824	0.875434	13.188008
0.697742	0.529753	0.876060	13.215758
0.683966	0.548363	0.876648	13.242172
0.669708	0.566594	0.877232	13.268556
0.654415	0.585099	0.877838	13.295906
0.638627	0.603169	0.878440	13.323223
0.623068	0.620031	0.879006	13.349325
0.607079	0.636472	0.879569	13.375400
0.590055	0.653071	0.880152	13.402417
0.572597	0.669194	0.880732	13.429401
0.555832	0.683872	0.881267	13.454686
0.538705	0.698116	0.881799	13.479950
0.520435	0.712531	0.882357	13.506326
0.501798	0.726450	0.882911	13.532674
0.483914	0.739097	0.883424	13.557469
0.465725	0.751292	0.883934	13.582244
0.446054	0.763767	0.884480	13.608581
0.426070	0.775712	0.885022	13.634889
0.405937	0.787030	0.885551	13.660973
0.385522	0.797814	0.886078	13.687030
0.364102	0.808412	0.886623	13.713987
0.342416	0.818420	0.887164	13.740911
0.321404	0.827446	0.887676	13.766675
0.300175	0.835923	0.888184	13.792414
0.278022	0.844103	0.888710	13.818988
0.255671	0.851685	0.889233	13.845532
0.234762	0.858178	0.889710	13.870142
0.213705	0.864151	0.890184	13.894730
0.190984	0.869979	0.890695	13.921067
0.168128	0.875202	0.891204	13.947377
0.146957	0.879470	0.891663	13.971600
0.125693	0.883221	0.892120	13.995805
0.102739	0.886682	0.892615	14.021812
0.079712	0.889542	0.893107	14.047795
0.058575	0.891627	0.893549	14.071566
0.037398	0.893207	0.893989	14.095322
0.014775	0.894339	0.894461	14.120648
-0.007860	0.894896	0.894931	14.145950
-0.028814	0.894893	0.895357	14.169355
-0.049760	0.894398	0.895781	14.192745
-0.072212	0.893325	0.896239	14.217827
-0.094621	0.891688	0.896695	14.242886
-0.114815	0.889719	0.897096	14.265504
-0.134957	0.887292	0.897496	14.288110
-0.157189	0.884079	0.897944	14.313128
-0.179326	0.880310	0.898390	14.338125
-0.199129	0.876443	0.898780	14.360575
-0.218838	0.872132	0.899169	14.383014
-0.240502	0.866858	0.899602	14.407801
-0.262019	0.861049	0.900033	14.432566
-0.282020	0.855123	0.900428	14.455735
-0.301873	0.848735	0.900821	14.478888
-0.323301	0.841269	0.901253	14.504067
-0.344524	0.833269	0.901684	14.529223
-0.363571	0.825554	0.902066	14.552005
-0.382433	0.817407	0.902447	14.574775
-0.402844	0.808014	0.902867	14.599662
-0.423005	0.798119	0.903287	14.624528
-0.441004	0.788741	0.903658	14.646988
-0.458785	0.778963	0.904028	14.669436
-0.477776	0.767937	0.904432	14.693718
-0.496486	0.756457	0.904835	14.717980
-0.513287	0.745596	0.905194	14.740083
-0.529842	0.734366	0.905553	14.762175
-0.547586	0.721726	0.905947	14.786224
-0.565015	0.708667	0.906340	14.810255
-0.581096	0.696018	0.906704	14.832821
-0.596884	0.683010	0.907069	14.855375
-0.612319	0.669696	0.907429	14.877840
-0.627448	0.656040	0.907789	14.900292
-0.642156	0.642153	0.908143	14.922567
-0.656548	0.627942	0.908497	14.944831
-0.670574	0.613461	0.908848	14.967015
-0.684273	0.598673	0.909197	14.989187
-0.697583	0.583649	0.909543	15.011257
-0.710557	0.568335	0.909888	15.033317
-0.723149	0.552786	0.910229	15.055300
-0.735395	0.536965	0.910570	15.077273
-0.747259	0.520919	0.910907	15.099182
-0.758767	0.504617	0.911244	15.121082
-0.769870	0.488133	0.911577	15.142886
-0.780609	0.471411	0.911909	15.164680
-0.791143	0.454185	0.912246	15.186815
-0.801292	0.436732	0.912581	15.208940
-0.811012	0.419130	0.912913	15.230967
-0.820340	0.401318	0.913244	15.252985
-0.829200	0.383454	0.913570	15.274814
-0.837668	0.365402	0.913896	15.296634
-0.845707	0.347239	0.914218	15.318361
-0.853349	0.328905	0.914540	15.340081
-0.860519	0.310595	0.914857	15.361577
-0.867294	0.292133	0.915173	15.383066
-0.873647	0.273596	0.915486	15.404472
-0.879600	0.254929	0.915798	15.425869
-0.885113	0.236272	0.916106	15.447105
-0.890228	0.217504	0.916413	15.468334
-0.894926	0.198691	0.916718	15.489487
-0.899225	0.179785	0.917022	15.510632
-0.903064	0.161090	0.917320	15.531439
-0.906513	0.142318	0.917617	15.552239
-0.909561	0.123533	0.917911	15.572973
-0.912218	0.104688	0.918205	15.593701
-0.914469	0.085914	0.918496	15.614288
-0.916332	0.067098	0.918785	15.634869
-0.917803	0.048296	0.919072	15.655391
-0.918886	0.029467	0.919359	15.675906
-0.919583	0.010565	0.919643	15.696475
-0.919890	-0.008348	0.919928	15.717038
-0.919807	-0.027197	0.920209	15.737523
-0.919338	-0.046040	0.920490	15.758001
-0.918487	-0.064780	0.920769	15.778376
-0.917255	-0.083500	0.921048	15.798745
-0.915646	-0.102128	0.921324	15.819040
-0.913660	-0.120720	0.921601	15.839330
-0.911296	-0.139271	0.921876	15.859617
-0.908555	-0.157771	0.922152	15.879899
-0.905450	-0.176152	0.922426	15.900110
-0.901973	-0.194469	0.922699	15.920316
-0.898158	-0.212567	0.922970	15.940357
-0.893982	-0.230584	0.923240	15.960391
-0.889458	-0.248462	0.923509	15.980361
-0.884577	-0.266246	0.923777	16.000325
-0.879388	-0.283781	0.924042	16.020116
-0.873852	-0.301210	0.924307	16.039902
-0.867988	-0.318479	0.924571	16.059628
-0.861784	-0.335630	0.924834	16.079350
-0.855291	-0.352530	0.925095	16.098921
-0.848469	-0.369300	0.925355	16.118488
-0.841337	-0.385893	0.925614	16.138001
-0.833881	-0.402345	0.925872	16.157511
-0.826149	-0.418561	0.926129	16.176910
-0.818102	-0.434626	0.926386	16.196306
-0.809762	-0.450500	0.926641	16.215658
-0.801115	-0.466211	0.926897	16.235007
-0.792200	-0.481691	0.927150	16.254276
-0.782987	-0.496998	0.927403	16.273541
-0.773508	-0.512081	0.927654	16.292745
-0.763741	-0.526981	0.927906	16.311946
-0.753638	-0.541760	0.928156	16.331236
-0.743250	-0.556343	0.928407	16.350522
-0.732613	-0.570683	0.928655	16.369749
-0.721701	-0.584817	0.928904	16.388972
-0.710594	-0.598645	0.929150	16.408062
-0.699224	-0.612261	0.929397	16.427149
-0.687626	-0.625622	0.929641	16.446182
-0.675774	-0.638762	0.929886	16.465213
-0.663914	-0.651422	0.930125	16.483865
-0.651818	-0.663861	0.930364	16.502514
-0.639519	-0.676044	0.930602	16.521118
-0.626995	-0.687997	0.930839	16.539718
-0.614332	-0.699640	0.931075	16.558194
-0.601455	-0.711049	0.931310	16.576668
-0.588399	-0.722192	0.931544	16.595096
-0.575137	-0.733095	0.931778	16.613521
-0.561763	-0.743683	0.932010	16.631825
-0.548195	-0.754027	0.932241	16.650126
-0.534467	-0.764100	0.932472	16.668388
-0.520555	-0.773922	0.932702	16.686647
-0.506545	-0.783435	0.932930	16.704800
-0.492363	-0.792694	0.933159	16.722951
-0.478037	-0.801679	0.933386	16.741069
-0.463548	-0.810405	0.933613	16.759186
-0.448823	-0.818912	0.933841	16.777398
-0.433942	-0.827152	0.934069	16.795609
-0.418944	-0.835102	0.934296	16.813779
-0.403801	-0.842780	0.934523	16.831947
-0.388508	-0.850187	0.934749	16.850126
-0.373081	-0.857315	0.934975	16.868303
-0.357559	-0.864147	0.935200	16.886438
-0.341914	-0.870698	0.935425	16.904571
-0.326164	-0.876957	0.935648	16.922685
-0.310302	-0.882931	0.935871	16.940798
-0.294364	-0.888606	0.936093	16.958872
-0.278323	-0.893992	0.936315	16.976944
-0.262265	-0.899063	0.936535	16.994926
-0.246116	-0.903846	0.936756	17.012907
-0.229909	-0.908330	0.936975	17.030854
-0.213621	-0.912523	0.937194	17.048801
-0.197779	-0.916305	0.937406	17.066177
-0.181871	-0.919810	0.937618	17.083551
-0.165932	-0.923033	0.937829	17.100891
-0.149938	-0.925979	0.938039	17.118230
-0.133963	-0.928636	0.938249	17.135491
-0.117942	-0.931017	0.938458	17.152750
-0.101906	-0.933118	0.938666	17.169981
-0.085834	-0.934943	0.938875	17.187210
-0.069856	-0.936479	0.939081	17.204303
-0.053852	-0.937742	0.939287	17.221395
-0.037847	-0.938729	0.939492	17.238465
-0.021824	-0.939444	0.939697	17.255533
-0.005832	-0.939883	0.939901	17.272555
0.010169	-0.940050	0.940105	17.289576
0.026156	-0.939945	0.940309	17.306580
0.042142	-0.939569	0.940513	17.323582
0.058281	-0.938913	0.940720	17.340753
0.074409	-0.937980	0.940926	17.357922
0.090493	-0.936772	0.941133	17.375062
0.106557	-0.935290	0.941340	17.392200
0.122689	-0.933520	0.941548	17.409437
0.138791	-0.931472	0.941755	17.426673
0.154834	-0.929151	0.941963	17.443882
0.170837	-0.926554	0.942171	17.461091
0.186697	-0.923700	0.942378	17.478192
0.202509	-0.920574	0.942585	17.495292
0.218250	-0.917183	0.942793	17.512372
0.233933	-0.913523	0.943000	17.529450
0.249487	-0.909613	0.943207	17.546455
0.264975	-0.905439	0.943415	17.563458
0.280380	-0.901005	0.943622	17.580447
0.295710	-0.896310	0.943830	17.597434
0.310523	-0.891500	0.944033	17.613933
0.325259	-0.886446	0.944235	17.630431
0.339890	-0.881157	0.944438	17.646905
0.354436	-0.875626	0.944641	17.663379
0.368866	-0.869866	0.944844	17.679825
0.383204	-0.863869	0.945047	17.696270
0.397427	-0.857642	0.945250	17.712697
0.411550	-0.851182	0.945454	17.729124
0.425427	-0.844558	0.945656	17.745384
0.439196	-0.837707	0.945858	17.761645
0.452848	-0.830638	0.946060	17.777895
0.466385	-0.823346	0.946263	17.794145
0.479818	-0.815826	0.946466	17.810411
0.493130	-0.808087	0.946669	17.826677
0.506306	-0.800139	0.946873	17.842929
0.519354	-0.791975	0.947076	17.859181
0.532324	-0.783564	0.947281	17.875501
0.545158	-0.774941	0.947486	17.891820
0.557841	-0.766116	0.947692	17.908124
0.570381	-0.757083	0.947897	17.924428
0.582877	-0.747768	0.948105	17.940868
0.595220	-0.738247	0.948312	17.957307
0.607401	-0.728529	0.948520	17.973736
0.619423	-0.718610	0.948728	17.990165
0.631203	-0.708563	0.948936	18.006481
0.642819	-0.698323	0.949143	18.022796
0.654269	-0.687894	0.949351	18.039110
0.665550	-0.677278	0.949559	18.055424
0.676652	-0.666483	0.949768	18.071729
0.687580	-0.655507	0.949976	18.088033
0.698325	-0.644356	0.950186	18.104331
0.708890	-0.633029	0.950396	18.120629
0.719017	-0.621817	0.950601	18.136523
0.728967	-0.610442	0.950807	18.152418
0.738729	-0.598920	0.951012	18.168298
0.748308	-0.587241	0.951218	18.184178
0.757713	-0.575398	0.951426	18.200074
0.766930	-0.563404	0.951633	18.215969
0.775953	-0.551269	0.951841	18.231857
0.784785	-0.538989	0.952049	18.247745
0.801635	-0.514355	0.952460	18.279086
0.817717	-0.489188	0.952872	18.310434
0.825514	-0.476330	0.953081	18.326212
0.833109	-0.463348	0.953289	18.341990
0.840498	-0.450247	0.953499	18.357765
0.847682	-0.437029	0.953708	18.373540
0.854643	-0.423725	0.953917	18.389280
0.861394	-0.410311	0.954125	18.405020
0.867936	-0.396790	0.954335	18.420759
0.874265	-0.383165	0.954545	18.436498
0.880444	-0.369295	0.954757	18.452402
0.886403	-0.355326	0.954970	18.468306
0.892144	-0.341254	0.955183	18.484218
0.897661	-0.327089	0.955396	18.500129
0.902909	-0.312959	0.955609	18.515903
0.907935	-0.298745	0.955821	18.531676
0.912744	-0.284432	0.956035	18.547470
0.917327	-0.270042	0.956248	18.563264
0.921697	-0.255535	0.956464	18.579104
0.925837	-0.240959	0.956679	18.594944
0.929748	-0.226312	0.956895	18.610787
0.933427	-0.211602	0.957111	18.626630
0.939983	-0.182512	0.957538	18.657777
0.945630	-0.153239	0.957966	18.688902
0.948127	-0.138442	0.958181	18.704564
0.950393	-0.123604	0.958397	18.720226
0.952427	-0.108731	0.958613	18.735886
0.954228	-0.093825	0.958830	18.751546
0.957100	-0.064319	0.959259	18.782455
0.959061	-0.034704	0.959689	18.813387
0.960104	-0.005090	0.960118	18.844254
0.960238	0.024566	0.960552	18.875134
0.959454	0.054379	0.960994	18.906172
0.957750	0.084182	0.961442	18.937227
0.955128	0.113908	0.961897	18.968254
0.951585	0.143598	0.962359	18.999330
0.947130	0.173164	0.962830	19.030389
0.944553	0.187942	0.963070	19.045965
0.941746	0.202682	0.963310	19.061541
0.938707	0.217407	0.963554	19.077146
0.935438	0.232086	0.963799	19.092750
0.931935	0.246750	0.964048	19.108388
0.928203	0.261360	0.964297	19.124026
0.924255	0.275882	0.964550	19.139628
0.920079	0.290344	0.964803	19.155230
0.915684	0.304732	0.965059	19.170819
0.911064	0.319053	0.965315	19.186408
0.906239	0.333260	0.965573	19.201946
0.901192	0.347393	0.965831	19.217484
0.895928	0.361450	0.966092	19.233021
0.890445	0.375427	0.966353	19.248558
0.878911	0.402955	0.966880	19.279432
0.866516	0.430163	0.967414	19.310342
0.853285	0.456991	0.967955	19.341251
0.839198	0.483472	0.968503	19.372225
0.831848	0.496554	0.968781	19.387714
0.824294	0.509523	0.969059	19.403202
0.816533	0.522395	0.969341	19.418708
0.808570	0.535149	0.969624	19.434213
0.800413	0.547782	0.969910	19.449718
0.792058	0.560292	0.970197	19.465223
0.783482	0.572718	0.970490	19.480779
0.774712	0.585012	0.970782	19.496336
0.765739	0.597194	0.971080	19.511915
0.756575	0.609237	0.971378	19.527494
0.747162	0.621222	0.971683	19.543177
0.737559	0.633061	0.971988	19.558860
0.727698	0.644844	0.972300	19.574662
0.717649	0.656472	0.972613	19.590463
0.707309	0.668065	0.972932	19.606429
0.696783	0.679494	0.973252	19.622393
0.686010	0.690826	0.973576	19.638452
0.675054	0.701986	0.973901	19.654509
0.663929	0.712959	0.974224	19.670549
0.652626	0.723756	0.974547	19.686587
0.641181	0.734341	0.974869	19.702578
0.629564	0.744745	0.975191	19.718569
0.617786	0.754959	0.975511	19.734550
0.605842	0.764985	0.975831	19.750529
0.593794	0.774776	0.976150	19.766433
0.581589	0.784376	0.976469	19.782335
0.569221	0.793787	0.976786	19.798245
0.556702	0.803003	0.977104	19.814153
0.544037	0.812017	0.977419	19.830058
0.531227	0.820831	0.977735	19.845961
0.518231	0.829469	0.978050	19.861915
0.505095	0.837900	0.978364	19.877869
0.491893	0.846078	0.978676	19.893736
0.478560	0.854047	0.978987	19.909602
0.465129	0.861788	0.979298	19.925431
0.451574	0.869317	0.979608	19.941260
0.437956	0.876602	0.979917	19.957020
0.424222	0.883676	0.980228	19.972780
0.410403	0.890534	0.980552	19.988512
0.396470	0.897185	0.980882	20.004251
0.382469	0.903624	0.981233	20.019955
0.368365	0.909844	0.981585	20.035658
0.354084	0.915906	0.981967	20.051456
0.339704	0.921743	0.982349	20.067252
0.325046	0.927458	0.982768	20.083259
0.310293	0.932940	0.983188	20.099265
0.294949	0.938396	0.983657	20.115817
0.279512	0.943598	0.984126	20.132367
0.263513	0.948711	0.984628	20.149423
0.247424	0.953552	0.985130	20.166475
0.231280	0.958112	0.985632	20.183492
0.215056	0.962398	0.986133	20.200505
0.198811	0.966396	0.986634	20.217459
0.182495	0.970118	0.987134	20.234409
0.166144	0.973559	0.987634	20.251325
0.149732	0.976724	0.988134	20.268237
0.133342	0.979600	0.988634	20.285065
0.116902	0.982201	0.989133	20.301889
0.100445	0.984521	0.989631	20.318680
0.083944	0.986565	0.990130	20.335469
0.067406	0.988332	0.990628	20.352256
0.050795	0.989823	0.991125	20.369080
0.033996	0.991040	0.991623	20.386062
0.017174	0.991971	0.992120	20.403041
