time = 6.4999	Re = 1	40	80
0.158641	0.135013	0.208316	0.705107
0.176962	0.124823	0.216555	0.614317
0.194449	0.112628	0.224712	0.524996
0.207641	0.104467	0.232439	0.466136
0.220447	0.095354	0.240186	0.408245
0.240704	0.085431	0.255415	0.341053
0.257514	0.083256	0.270638	0.312700
0.271631	0.089156	0.285889	0.317145
0.283080	0.102768	0.301157	0.348238
0.291560	0.123191	0.316517	0.399773
0.296430	0.149786	0.332124	0.467877
0.297033	0.165737	0.340143	0.508944
0.296893	0.181887	0.348178	0.549657
0.295008	0.200317	0.356590	0.596508
0.292205	0.218804	0.365046	0.642735
0.287646	0.239276	0.374157	0.693856
0.282024	0.259788	0.383442	0.744381
0.274645	0.281919	0.393584	0.798466
0.266465	0.304017	0.404264	0.851128
0.256534	0.328356	0.416686	0.907582
0.245784	0.352782	0.429959	0.962286
0.233685	0.379812	0.445944	1.019229
0.227319	0.394184	0.455033	1.047699
0.220740	0.408484	0.464312	1.075362
0.213622	0.424502	0.475223	1.104569
0.206202	0.440550	0.486419	1.133029
0.198681	0.458723	0.499901	1.162070
0.190818	0.476791	0.513557	1.190107
0.182097	0.499205	0.531380	1.221020
0.173356	0.522467	0.550476	1.250424
0.162711	0.549648	0.573226	1.282987
0.156829	0.564731	0.586103	1.299916
0.150651	0.579748	0.599002	1.316562
0.143234	0.598760	0.615654	1.335992
0.134318	0.617885	0.632315	1.356744
0.123672	0.639775	0.651619	1.379846
0.113989	0.663652	0.673370	1.400697
0.100233	0.672801	0.680226	1.422906
0.085773	0.681325	0.686703	1.445563
0.071972	0.683366	0.687145	1.465863
0.055742	0.688017	0.690271	1.489954
0.031256	0.690101	0.690809	1.525535
0.014552	0.691296	0.691449	1.549749
-0.002060	0.691941	0.691944	1.573773
-0.021915	0.689476	0.689824	1.602571
-0.041602	0.686626	0.687885	1.631312
-0.060895	0.680035	0.682756	1.660105
-0.069936	0.672086	0.675715	1.674481
-0.079216	0.663344	0.668057	1.689653
-0.089737	0.655250	0.661366	1.706900
-0.094943	0.648764	0.655675	1.716110
-0.104743	0.641730	0.650222	1.732590
-0.116046	0.634416	0.644943	1.751714
-0.119138	0.629812	0.640981	1.757752
-0.127924	0.623256	0.636249	1.773236
-0.140587	0.615574	0.631424	1.795329
-0.142820	0.611860	0.628307	1.800110
-0.164342	0.598306	0.620466	1.838863
-0.167069	0.594732	0.617752	1.844653
-0.188898	0.581245	0.611170	1.885017
-0.191411	0.577886	0.608761	1.890650
-0.212938	0.564469	0.603298	1.931526
-0.218177	0.559866	0.600875	1.942388
-0.237510	0.547647	0.596933	1.980006
-0.242904	0.542948	0.594807	1.991469
-0.260939	0.531058	0.591702	2.027506
-0.270003	0.524277	0.589719	2.046373
-0.283334	0.514992	0.587788	2.073772
-0.289146	0.509890	0.586168	2.086654
-0.305703	0.498060	0.584395	2.121292
-0.314954	0.490700	0.583080	2.141419
-0.328264	0.480612	0.582018	2.170031
-0.336188	0.473778	0.580937	2.187929
-0.347535	0.464570	0.580177	2.213068
-0.368778	0.446661	0.579226	2.260973
-0.386449	0.430380	0.578420	2.302463
-0.406965	0.411144	0.578498	2.351087
-0.422284	0.395339	0.578461	2.389137
-0.441124	0.375580	0.579354	2.436277
-0.455541	0.358816	0.579885	2.474415
-0.472819	0.338207	0.581328	2.520672
-0.485421	0.321563	0.582268	2.556521
-0.500931	0.300548	0.584175	2.601189
-0.512109	0.283590	0.585388	2.635861
-0.526293	0.261486	0.587673	2.680471
-0.535654	0.245005	0.589027	2.712607
-0.548617	0.221661	0.591704	2.757611
-0.556495	0.205209	0.593125	2.788310
-0.567692	0.181326	0.595947	2.832426
-0.574414	0.164649	0.597546	2.862439
-0.584096	0.139961	0.600630	2.906407
-0.589667	0.122946	0.602348	2.936038
-0.597159	0.099078	0.605323	2.977176
-0.602258	0.079785	0.607520	3.009883
-0.607922	0.056096	0.610505	3.049577
-0.611449	0.037398	0.612591	3.080505
-0.615250	0.014598	0.615423	3.117869
-0.618127	-0.007186	0.618169	3.153218
-0.620160	-0.028765	0.620827	3.187943
-0.621471	-0.049630	0.623450	3.221283
-0.622043	-0.070378	0.626011	3.254254
-0.622086	-0.092540	0.628931	3.289268
-0.621291	-0.114724	0.631794	3.324189
-0.619854	-0.135459	0.634483	3.356744
-0.617742	-0.156069	0.637152	3.389059
-0.614932	-0.177935	0.640158	3.423257
-0.611393	-0.199618	0.643155	3.457178
-0.607413	-0.219995	0.646025	3.489079
-0.602800	-0.240236	0.648908	3.520834
-0.597245	-0.262006	0.652188	3.555002
-0.590808	-0.283942	0.655498	3.589600
-0.584371	-0.303555	0.658510	3.620683
-0.577346	-0.323027	0.661570	3.651703
-0.569098	-0.344238	0.665111	3.685596
-0.560170	-0.365231	0.668718	3.719374
-0.551231	-0.384602	0.672142	3.750783
-0.541656	-0.403888	0.675661	3.782306
-0.530528	-0.424872	0.679688	3.816850
-0.518570	-0.445805	0.683855	3.851681
-0.507309	-0.464218	0.687649	3.882665
-0.495462	-0.482471	0.691564	3.913708
-0.481748	-0.502548	0.696157	3.948120
-0.467252	-0.522486	0.700939	3.982740
-0.453050	-0.540897	0.705566	4.015144
-0.438070	-0.559229	0.710382	4.047885
-0.420855	-0.579142	0.715908	4.083977
-0.402646	-0.598953	0.721712	4.120531
-0.385141	-0.616869	0.727229	4.154259
-0.366657	-0.634690	0.732986	4.188531
-0.346021	-0.653392	0.739359	4.225361
-0.323975	-0.671992	0.746012	4.263155
-0.312153	-0.681401	0.749498	4.282816
-0.300078	-0.690602	0.752980	4.302485
-0.287283	-0.699907	0.756573	4.322899
-0.274182	-0.708982	0.760152	4.343378
-0.260696	-0.717823	0.763697	4.364025
-0.246877	-0.726369	0.767177	4.384759
-0.232270	-0.734815	0.770651	4.406234
-0.217307	-0.742917	0.774047	4.427822
-0.201620	-0.750799	0.777400	4.450038
-0.185586	-0.758186	0.780569	4.472332
-0.168689	-0.765205	0.783578	4.495410
-0.151503	-0.771669	0.786401	4.518523
-0.133922	-0.777444	0.788894	4.541804
-0.116120	-0.782536	0.791105	4.565075
-0.097738	-0.786957	0.793003	4.588824
-0.079357	-0.790686	0.794658	4.612360
-0.059646	-0.793826	0.796064	4.637392
-0.040116	-0.796162	0.797172	4.662044
-0.020292	-0.797710	0.797968	4.686957
-0.000784	-0.798499	0.798499	4.711408
0.018476	-0.798494	0.798708	4.735524
0.037293	-0.797849	0.798720	4.759097
0.056011	-0.796480	0.798447	4.782596
0.074226	-0.794580	0.798040	4.805534
0.091902	-0.792073	0.797387	4.827900
0.108978	-0.789184	0.796673	4.849611
0.125779	-0.785811	0.795814	4.871105
0.141998	-0.782191	0.794975	4.891972
0.157674	-0.778190	0.794003	4.912299
0.172849	-0.774056	0.793120	4.932087
0.187705	-0.769603	0.792163	4.951617
0.202161	-0.765091	0.791349	4.970716
0.216872	-0.760113	0.790446	4.990320
0.231151	-0.755096	0.789684	5.009452
0.245127	-0.749873	0.788921	5.028330
0.258719	-0.744653	0.788317	5.046777
0.271849	-0.739289	0.787686	5.064760
0.284761	-0.733962	0.787267	5.082489
0.297341	-0.728444	0.786792	5.099933
0.309763	-0.722973	0.786538	5.117184
0.321624	-0.717468	0.786259	5.133808
0.333380	-0.711994	0.786179	5.150302
0.344837	-0.706363	0.786042	5.166541
0.356244	-0.700753	0.786107	5.182713
0.367264	-0.695005	0.786076	5.198523
0.378354	-0.689282	0.786296	5.214395
0.389064	-0.683411	0.786398	5.229927
0.399857	-0.677546	0.786737	5.245538
0.410605	-0.671366	0.786974	5.261292
0.421423	-0.665178	0.787438	5.277113
0.431866	-0.658862	0.787787	5.292602
0.442419	-0.652525	0.788368	5.308204
0.452512	-0.646132	0.788830	5.323343
0.462724	-0.639676	0.789493	5.338630
0.472546	-0.633135	0.790038	5.353556
0.482527	-0.626518	0.790796	5.368676
0.501456	-0.613384	0.792274	5.397725
0.519905	-0.599959	0.793884	5.426423
0.537968	-0.586163	0.795611	5.454940
0.555560	-0.572081	0.797448	5.483138
0.573020	-0.557446	0.799436	5.511563
0.590015	-0.542500	0.801513	5.539718
0.606487	-0.527301	0.803662	5.567516
0.622509	-0.511780	0.805876	5.595099
0.637863	-0.496220	0.808148	5.622040
0.652789	-0.480332	0.810465	5.648824
0.667411	-0.463940	0.812821	5.675733
0.681581	-0.447239	0.815215	5.702479
0.695354	-0.430188	0.817667	5.729158
0.708632	-0.412897	0.820149	5.755608
0.721412	-0.395382	0.822655	5.781827
0.733714	-0.377605	0.825180	5.807888
0.745496	-0.359713	0.827742	5.833624
0.756826	-0.341540	0.830322	5.859268
0.767796	-0.322845	0.832910	5.885147
0.778277	-0.303910	0.835510	5.910904
0.788136	-0.285007	0.838085	5.936195
0.797511	-0.265888	0.840666	5.961377
0.806398	-0.246572	0.843253	5.986443
0.814799	-0.227067	0.845847	6.011402
0.822764	-0.207362	0.848492	6.036296
0.830255	-0.187424	0.851147	6.061164
0.837282	-0.167128	0.853799	6.086167
0.843806	-0.146680	0.856460	6.111074
0.849668	-0.126604	0.859049	6.135269
0.855046	-0.106414	0.861642	6.159368
0.859927	-0.086138	0.864230	6.183349
0.864332	-0.065734	0.866828	6.207280
0.868302	-0.045045	0.869470	6.231355
0.871791	-0.024076	0.872124	6.255575
0.874765	-0.003001	0.874770	6.279754
0.877236	0.018102	0.877423	6.303817
0.879153	0.038764	0.880007	6.327249
0.880596	0.059461	0.882602	6.350607
0.881551	0.080095	0.885182	6.373793
0.882039	0.100801	0.887780	6.396973
0.882052	0.121599	0.890394	6.420181
0.881565	0.142643	0.893031	6.443602
0.880565	0.163704	0.895653	6.466995
0.879069	0.184790	0.898282	6.490379
0.877135	0.205339	0.900850	6.513146
0.874759	0.225828	0.903438	6.535829
0.871944	0.246071	0.906001	6.558242
0.868675	0.266354	0.908593	6.580705
0.864950	0.286529	0.911174	6.603074
0.860710	0.306887	0.913784	6.625685
0.856014	0.327082	0.916374	6.648165
0.850836	0.347259	0.918972	6.670688
0.845295	0.366980	0.921519	6.692775
0.839297	0.386696	0.924095	6.714933
0.833012	0.405940	0.926659	6.736634
0.826291	0.425070	0.929216	6.758311
0.819168	0.444053	0.931783	6.779926
0.811578	0.462969	0.934344	6.801598
0.803582	0.481718	0.936908	6.823210
0.795165	0.500313	0.939468	6.844795
0.786429	0.518572	0.942013	6.866141
0.777288	0.536662	0.944554	6.887459
0.767903	0.554363	0.947097	6.908471
0.758130	0.571884	0.949638	6.929455
0.748099	0.589054	0.952175	6.950197
0.737673	0.606060	0.954710	6.970949
0.726910	0.622832	0.957244	6.991626
0.715785	0.639395	0.959778	7.012274
0.704406	0.655622	0.962304	7.032729
0.692682	0.671631	0.964830	7.053155
0.680722	0.687309	0.967355	7.073399
0.668429	0.702758	0.969880	7.093614
0.656101	0.717691	0.972394	7.113386
0.643453	0.732401	0.974907	7.133143
0.630544	0.746835	0.977419	7.152813
0.617335	0.761027	0.979931	7.172457
0.603955	0.774877	0.982444	7.191916
0.590289	0.788478	0.984956	7.211349
0.576414	0.801773	0.987468	7.230668
0.562265	0.814812	0.989980	7.249962
