time = 7.9499	Re = 1	40	80
0.149031	0.139324	0.204014	0.751749
0.161955	0.130575	0.208036	0.678535
0.182671	0.115537	0.216142	0.563964
0.201621	0.097994	0.224174	0.452410
0.215615	0.085034	0.231778	0.375653
0.228432	0.071896	0.239479	0.304922
0.248477	0.055363	0.254570	0.219229
0.265191	0.048731	0.269631	0.181730
0.279655	0.052798	0.284595	0.186602
0.291946	0.066337	0.299388	0.223431
0.301403	0.088239	0.314054	0.284802
0.306875	0.117643	0.328652	0.366077
0.307327	0.135718	0.335961	0.415854
0.306861	0.153834	0.343262	0.464697
0.304296	0.174408	0.350734	0.520444
0.300354	0.195069	0.358140	0.576000
0.294443	0.217502	0.366066	0.636222
0.286905	0.239900	0.373987	0.696407
0.277474	0.263529	0.382674	0.759627
0.266858	0.286938	0.391850	0.821641
0.254329	0.312310	0.402766	0.887368
0.240923	0.337469	0.414644	0.950795
0.233801	0.351520	0.422172	0.983869
0.226193	0.365309	0.429667	1.016390
0.218434	0.380281	0.438551	1.049411
0.210745	0.395170	0.447854	1.080864
0.202502	0.412079	0.459147	1.114041
0.194002	0.429130	0.470945	1.146212
0.185777	0.449151	0.486055	1.178605
0.176989	0.469288	0.501554	1.210148
0.167535	0.495576	0.523129	1.244796
0.158109	0.523770	0.547114	1.277628
0.151657	0.540542	0.561414	1.297264
0.145666	0.558159	0.576854	1.315514
0.139632	0.578439	0.595054	1.333933
0.132092	0.597986	0.612401	1.353393
0.120472	0.623809	0.635336	1.380022
0.110903	0.648282	0.657700	1.401364
0.105327	0.667253	0.675515	1.414236
0.088832	0.674536	0.680360	1.439857
0.071441	0.681405	0.685140	1.466334
0.062420	0.680190	0.683048	1.479284
0.034142	0.686729	0.687577	1.521120
0.028965	0.686023	0.686634	1.528599
0.012322	0.687304	0.687415	1.552870
-0.004394	0.688069	0.688083	1.577182
-0.003216	0.686549	0.686556	1.575480
-0.026202	0.685472	0.685973	1.609002
-0.052190	0.679276	0.681278	1.647478
-0.053735	0.677284	0.679412	1.649969
-0.066012	0.668219	0.671472	1.669265
-0.073951	0.660315	0.664443	1.682325
-0.080378	0.651382	0.656322	1.693573
-0.090945	0.642315	0.648721	1.711451
-0.104641	0.632526	0.641124	1.734745
-0.108140	0.627451	0.636701	1.741468
-0.119810	0.618545	0.630041	1.762123
-0.135207	0.607890	0.622745	1.789654
-0.135659	0.605263	0.620279	1.791284
-0.148863	0.596290	0.614591	1.815445
-0.165964	0.585320	0.608394	1.847089
-0.168494	0.581562	0.605479	1.852802
-0.182018	0.572531	0.600768	1.878609
-0.198949	0.561897	0.596078	1.911090
-0.199842	0.559548	0.594164	1.913825
-0.211615	0.551429	0.590639	1.937223
-0.230356	0.539579	0.586694	1.974291
-0.230702	0.537728	0.585128	1.976076
-0.245790	0.527755	0.582184	2.006651
-0.260250	0.517710	0.579442	2.036598
-0.261795	0.515273	0.577965	2.040879
-0.276727	0.505014	0.575862	2.072071
-0.290800	0.494681	0.573824	2.102236
-0.292104	0.492326	0.572459	2.106285
-0.306063	0.482048	0.571003	2.136500
-0.319293	0.471661	0.569572	2.165888
-0.324353	0.466587	0.568250	2.178267
-0.347415	0.447639	0.566638	2.230797
-0.352491	0.442243	0.565534	2.243738
-0.373050	0.423903	0.564677	2.292471
-0.382409	0.414516	0.563968	2.315928
-0.396685	0.400472	0.563682	2.351444
-0.401945	0.394193	0.562981	2.365932
-0.419099	0.376148	0.563144	2.410152
-0.427942	0.365803	0.562980	2.434321
-0.441046	0.350593	0.563416	2.469962
-0.448122	0.341314	0.563301	2.490675
-0.458670	0.327804	0.563767	2.521080
-0.468474	0.314765	0.564398	2.549981
-0.477818	0.301529	0.565005	2.578651
-0.492636	0.278596	0.565956	2.626911
-0.501327	0.264719	0.566926	2.655769
-0.509556	0.250645	0.567864	2.684455
-0.521194	0.228649	0.569142	2.728174
-0.528433	0.214526	0.570318	2.755953
-0.535260	0.200207	0.571477	2.783667
-0.544989	0.177174	0.573065	2.827274
-0.550818	0.162743	0.574357	2.854309
-0.556253	0.148145	0.575643	2.881308
-0.563531	0.125660	0.577372	2.922195
-0.567984	0.111195	0.578766	2.948266
-0.572063	0.096584	0.580159	2.974335
-0.577235	0.074193	0.581984	3.013763
-0.580459	0.059311	0.583481	3.039767
-0.583296	0.044313	0.584977	3.065768
-0.586337	0.023072	0.586791	3.102264
-0.588378	0.007635	0.588427	3.128617
-0.590010	-0.007886	0.590063	3.154957
-0.591166	-0.028646	0.591859	3.190012
-0.591885	-0.044149	0.593529	3.216045
-0.592199	-0.059701	0.595201	3.242066
-0.591713	-0.080328	0.597140	3.276524
-0.591191	-0.096002	0.598935	3.302575
-0.590260	-0.111694	0.600735	3.328610
-0.588124	-0.132204	0.602800	3.362707
-0.584373	-0.161553	0.606293	3.411311
-0.580307	-0.184508	0.608933	3.449434
-0.574344	-0.212861	0.612520	3.496515
-0.568649	-0.234568	0.615129	3.532829
-0.560857	-0.261168	0.618684	3.577392
-0.552469	-0.286240	0.622218	3.619624
-0.543248	-0.310560	0.625752	3.660923
-0.533520	-0.333810	0.629343	3.700677
-0.523038	-0.356530	0.632995	3.739898
-0.510909	-0.380902	0.637270	3.782232
-0.497767	-0.404970	0.641695	3.824556
-0.484647	-0.427205	0.646055	3.864080
-0.470829	-0.448992	0.650595	3.903254
-0.455217	-0.472193	0.655888	3.945293
-0.438752	-0.495027	0.661480	3.987184
-0.422309	-0.516456	0.667137	4.026945
-0.405001	-0.537687	0.673152	4.066825
-0.395177	-0.549361	0.676729	4.088802
-0.385056	-0.560853	0.680312	4.110745
-0.374484	-0.572600	0.684185	4.133203
-0.363589	-0.584162	0.688071	4.155654
-0.343033	-0.605107	0.695576	4.196665
-0.332202	-0.615715	0.699616	4.217614
-0.321063	-0.626139	0.703656	4.238581
-0.308179	-0.637937	0.708476	4.262363
-0.294820	-0.649562	0.713337	4.286318
-0.280664	-0.661430	0.718514	4.311087
-0.265897	-0.673095	0.723711	4.336168
-0.251170	-0.684160	0.728808	4.360544
-0.235775	-0.694925	0.733833	4.385295
-0.219132	-0.705802	0.739037	4.411352
-0.201649	-0.716255	0.744099	4.437960
-0.180683	-0.727510	0.749611	4.468956
-0.158503	-0.737765	0.754600	4.500764
-0.134367	-0.747267	0.759251	4.534479
-0.109210	-0.755046	0.762903	4.568745
-0.085754	-0.760652	0.765470	4.600126
-0.062233	-0.764769	0.767297	4.631193
-0.037983	-0.767579	0.768518	4.662945
-0.014110	-0.768942	0.769071	4.694041
0.012746	-0.768918	0.769024	4.728964
0.038642	-0.767247	0.768219	4.762712
0.064299	-0.764050	0.766751	4.796346
0.088478	-0.759483	0.764620	4.828363
0.110254	-0.754199	0.762215	4.857548
0.130605	-0.748360	0.759671	4.885170
0.150400	-0.741843	0.756935	4.912416
0.168899	-0.735076	0.754231	4.938239
0.188533	-0.727321	0.751359	4.966022
0.206962	-0.719439	0.748616	4.992497
0.224943	-0.711315	0.746035	5.018673
0.241920	-0.703219	0.743668	5.043724
0.257115	-0.695670	0.741664	5.066411
0.271654	-0.688194	0.739869	5.088348
0.286018	-0.680550	0.738210	5.110251
0.299831	-0.672991	0.736760	5.131511
0.314312	-0.664843	0.735397	5.154009
0.328246	-0.656765	0.734224	5.175871
0.342122	-0.648487	0.733201	5.197848
0.355513	-0.640276	0.732355	5.219253
0.369025	-0.631770	0.731651	5.241045
0.382087	-0.623308	0.731098	5.262311
0.395170	-0.614585	0.730667	5.283819
0.407837	-0.605903	0.730377	5.304837
0.420094	-0.597236	0.730185	5.325391
0.431999	-0.588592	0.730113	5.345541
0.443840	-0.579730	0.730124	5.365798
0.455369	-0.570888	0.730256	5.385695
0.466793	-0.561867	0.730473	5.405624
0.477937	-0.552861	0.730808	5.425229
0.488968	-0.543635	0.731183	5.444895
0.499746	-0.534414	0.731672	5.464276
0.510098	-0.525212	0.732152	5.483190
0.520304	-0.515964	0.732759	5.501976
0.530297	-0.506536	0.733344	5.520700
0.540190	-0.497039	0.734066	5.539365
0.550386	-0.486881	0.734832	5.558935
0.560341	-0.476693	0.735675	5.578274
0.570152	-0.466264	0.736529	5.597692
0.579741	-0.455799	0.737464	5.616909
0.588927	-0.445339	0.738351	5.635736
0.598016	-0.434770	0.739356	5.654554
0.606795	-0.424081	0.740300	5.673207
0.615510	-0.413256	0.741373	5.691911
0.623820	-0.402468	0.742382	5.710216
0.632070	-0.391538	0.743514	5.728585
0.639995	-0.380511	0.744569	5.746781
0.647861	-0.369334	0.745742	5.765054
0.655269	-0.358256	0.746810	5.782856
0.662655	-0.346984	0.748004	5.800815
0.669646	-0.335704	0.749082	5.818486
0.676691	-0.324144	0.750320	5.836467
0.683633	-0.312109	0.751510	5.854902
0.690489	-0.299897	0.752804	5.873443
0.696985	-0.287666	0.754016	5.891753
0.703389	-0.275266	0.755333	5.910165
0.709285	-0.263102	0.756511	5.927980
0.715242	-0.250583	0.757868	5.946202
0.720691	-0.238267	0.759057	5.963889
0.726204	-0.225568	0.760430	5.982021
0.731160	-0.213314	0.761642	5.999317
0.736147	-0.200697	0.763015	6.017022
0.740665	-0.188319	0.764231	6.034205
0.745224	-0.175526	0.765616	6.051867
0.749238	-0.163149	0.766795	6.068779
0.753386	-0.150176	0.768208	6.086430
0.756985	-0.137653	0.769399	6.103307
0.760687	-0.124508	0.770809	6.120945
0.763978	-0.111407	0.772059	6.138381
0.767309	-0.097751	0.773511	6.156473
0.770128	-0.084581	0.774759	6.173796
0.772982	-0.070814	0.776219	6.191829
0.775336	-0.057646	0.777476	6.208973
0.777678	-0.043912	0.778917	6.226779
0.779566	-0.030702	0.780171	6.243822
0.781438	-0.016879	0.781620	6.261589
0.784252	0.009745	0.784313	6.295610
0.786161	0.036408	0.787003	6.329463
0.787157	0.063209	0.789691	6.363314
0.787234	0.090139	0.792377	6.397189
0.786395	0.117578	0.795137	6.431602
0.784621	0.144926	0.797893	6.465835
0.781937	0.172071	0.800645	6.499790
0.778338	0.199086	0.803396	6.533600
0.773928	0.225583	0.806134	6.566805
0.768641	0.251913	0.808869	6.599892
0.762359	0.278398	0.811602	6.633319
0.755156	0.304750	0.814330	6.666757
0.747054	0.330958	0.817082	6.700217
0.738117	0.356804	0.819832	6.733463
0.728368	0.382248	0.822577	6.766476
0.717804	0.407315	0.825317	6.799324
0.706511	0.431907	0.828071	6.831889
0.694411	0.456134	0.830822	6.864371
0.681220	0.480390	0.833568	6.897387
0.667247	0.504176	0.836309	6.930265
0.652721	0.527155	0.839009	6.962559
0.637478	0.549624	0.841704	6.994712
0.621543	0.571563	0.844393	7.026717
0.604933	0.592959	0.847079	7.058588
0.587604	0.613915	0.849806	7.090478
0.569467	0.634445	0.852534	7.122504
0.550456	0.654563	0.855251	7.154764
0.530822	0.674045	0.857968	7.186898
0.511116	0.692387	0.860604	7.218079
0.490874	0.710091	0.863241	7.249130
0.470147	0.727108	0.865866	7.280001
0.448891	0.743492	0.868495	7.310801
0.426910	0.759387	0.871160	7.341838
0.404064	0.774799	0.873832	7.373276
0.380734	0.789477	0.876489	7.404626
0.357002	0.803397	0.879146	7.435823
0.333452	0.816246	0.881730	7.466153
0.309528	0.828386	0.884325	7.496394
0.285385	0.839730	0.886900	7.526375
0.260853	0.850377	0.889486	7.556344
0.235824	0.860348	0.892083	7.586450
0.210082	0.869682	0.894696	7.616960
0.184091	0.878202	0.897289	7.647351
0.157813	0.885938	0.899884	7.677700
0.131962	0.892721	0.902422	7.707224
0.105918	0.898760	0.904980	7.736673
0.079981	0.903976	0.907508	7.765735
0.053759	0.908471	0.910060	7.794876
0.027320	0.912188	0.912597	7.824040
0.000376	0.915158	0.915158	7.853571
-0.026505	0.917312	0.917695	7.882868
-0.053523	0.918677	0.920235	7.912176
-0.080087	0.919255	0.922737	7.940884
-0.106828	0.919081	0.925269	7.969696
-0.133128	0.918182	0.927783	7.997969
-0.159383	0.916533	0.930288	8.026158
-0.185798	0.914107	0.932799	8.054507
-0.212238	0.910903	0.935301	8.082895
-0.238554	0.906955	0.937803	8.111183
-0.264736	0.902261	0.940298	8.139386
-0.290575	0.896901	0.942797	8.167288
-0.316250	0.890822	0.945293	8.195112
-0.341504	0.884124	0.947787	8.222589
-0.366563	0.876732	0.950277	8.249995
-0.391444	0.868634	0.952761	8.277370
-0.416134	0.859835	0.955240	8.304723
-0.440533	0.850385	0.957718	8.331956
-0.464659	0.840274	0.960192	8.359114
-0.488382	0.829604	0.962684	8.386046
-0.511809	0.818300	0.965175	8.412908
-0.534798	0.806453	0.967665	8.439544
-0.557463	0.793997	0.970152	8.466114
-0.579653	0.781029	0.972628	8.492450
-0.601504	0.767474	0.975101	8.518732
-0.622943	0.753387	0.977573	8.544886
-0.644004	0.738745	0.980043	8.570970
-0.664605	0.723665	0.982543	8.596863
-0.684810	0.708056	0.985042	8.622692
-0.704544	0.691993	0.987541	8.648366
-0.723860	0.675428	0.990039	8.673978
