time = 19.5499	Re = 1	40	80
0.148319	0.136388	0.201495	0.743519
0.160258	0.124641	0.203022	0.661028
0.172809	0.109891	0.204790	0.566404
0.184192	0.093610	0.206615	0.470203
0.193564	0.077720	0.208584	0.381815
0.201485	0.061189	0.210571	0.294841
0.207636	0.045820	0.212632	0.217195
0.212603	0.029907	0.214696	0.139752
0.216342	0.014023	0.216796	0.064729
0.218889	-0.002236	0.218900	-0.010217
0.220216	-0.018371	0.220980	-0.083229
0.220357	-0.034707	0.223073	-0.156222
0.218615	-0.061697	0.227154	-0.275063
0.214080	-0.087840	0.231400	-0.389366
0.209405	-0.108513	0.235851	-0.478100
0.202857	-0.129041	0.240422	-0.566556
0.197138	-0.145521	0.245030	-0.635884
0.190164	-0.161810	0.249689	-0.705015
0.178262	-0.188467	0.259417	-0.813217
0.173163	-0.205730	0.268905	-0.871140
0.168412	-0.221778	0.278474	-0.921325
0.181895	-0.232622	0.295295	-0.907168
0.196740	-0.229531	0.302309	-0.862173
0.211639	-0.225562	0.309305	-0.817234
0.229872	-0.215502	0.315090	-0.753144
0.248817	-0.202323	0.320693	-0.682702
0.269230	-0.182467	0.325237	-0.595629
0.287424	-0.161346	0.329613	-0.511517
0.296205	-0.148716	0.331442	-0.465302
0.304456	-0.135555	0.333270	-0.418886
0.312301	-0.120800	0.334851	-0.369082
0.319413	-0.105635	0.336428	-0.319392
0.325632	-0.089611	0.337737	-0.268543
0.331029	-0.073276	0.339043	-0.217844
0.335143	-0.057410	0.340024	-0.169654
0.338489	-0.041345	0.341005	-0.121542
0.340707	-0.024670	0.341599	-0.072283
0.342008	-0.008005	0.342102	-0.023402
0.342045	0.007646	0.342130	0.022350
0.341257	0.023194	0.342045	0.067862
0.339268	0.038586	0.341455	0.113248
0.336319	0.053538	0.340553	0.157863
0.332501	0.067497	0.339283	0.200275
0.327858	0.081057	0.337730	0.242370
0.321968	0.095312	0.335780	0.287809
0.315100	0.108640	0.333303	0.332015
0.307517	0.121964	0.330820	0.377580
0.298892	0.134608	0.327804	0.423150
0.288170	0.149826	0.324792	0.479459
0.276326	0.164536	0.321603	0.537062
0.262105	0.181343	0.318723	0.605251
0.246422	0.198577	0.316475	0.678291
0.227311	0.219104	0.315717	0.767017
0.206499	0.240174	0.316742	0.860647
0.195181	0.253817	0.320185	0.915257
0.182976	0.267293	0.323923	0.970514
0.171657	0.281226	0.329475	1.022772
0.159869	0.295358	0.335848	1.074680
0.147192	0.317896	0.350319	1.137167
0.137264	0.341728	0.368266	1.188846
0.132207	0.356001	0.379757	1.215215
0.126754	0.370681	0.391754	1.241311
0.122678	0.386507	0.405509	1.263452
0.118217	0.402302	0.419312	1.284990
0.115827	0.428964	0.444327	1.307070
0.114605	0.455579	0.469773	1.324351
0.110901	0.485300	0.497810	1.346134
0.104044	0.511154	0.521635	1.369991
0.101045	0.529779	0.539329	1.382329
0.098134	0.550026	0.558712	1.394236
0.096618	0.573095	0.581182	1.403778
0.095949	0.592511	0.600230	1.410254
0.097678	0.615538	0.623240	1.413421
0.099472	0.627973	0.635803	1.413700
0.101310	0.639655	0.647628	1.413719
0.102448	0.646847	0.654910	1.413720
0.099136	0.660935	0.668328	1.421913
0.075746	0.676342	0.680571	1.459268
0.087362	0.667346	0.673040	1.440627
0.072296	0.671841	0.675720	1.463600
0.053600	0.679134	0.681246	1.492035
0.079093	0.667871	0.672538	1.452920
0.087425	0.669157	0.674844	1.440883
0.095133	0.659469	0.666296	1.427528
0.079304	0.665841	0.670547	1.452251
0.060646	0.674491	0.677212	1.481124
0.038121	0.680851	0.681918	1.514865
0.055420	0.675968	0.678236	1.488992
0.070558	0.670403	0.674106	1.465936
0.090645	0.659637	0.665836	1.434236
0.099800	0.663598	0.671060	1.421522
0.087054	0.667163	0.672818	1.441046
0.097320	0.669191	0.676231	1.426380
0.096474	0.652028	0.659126	1.423901
0.086849	0.661212	0.666892	1.440195
0.073940	0.667953	0.672033	1.460549
0.057295	0.675789	0.678213	1.486217
0.038095	0.679359	0.680426	1.514780
0.018462	0.681748	0.681998	1.543723
0.033480	0.679908	0.680731	1.521595
0.048425	0.677727	0.679455	1.499465
0.073375	0.668917	0.672929	1.461542
0.094540	0.654250	0.661045	1.427289
0.098602	0.650807	0.658234	1.420433
0.094171	0.663015	0.669670	1.429705
0.070557	0.676238	0.679909	1.466834
0.087847	0.669335	0.675075	1.440297
0.073710	0.674269	0.678286	1.461910
0.059397	0.678922	0.681516	1.483532
0.085887	0.667216	0.672722	1.442775
0.099865	0.664429	0.671892	1.421611
0.098045	0.644851	0.652262	1.419910
0.096409	0.648492	0.655619	1.423211
0.093859	0.649643	0.656388	1.427312
0.090626	0.654327	0.660574	1.433169
0.074174	0.668584	0.672686	1.460306
0.057252	0.675100	0.677524	1.486193
0.033243	0.679721	0.680533	1.521928
0.017427	0.680767	0.680990	1.545203
0.001633	0.681389	0.681391	1.568400
0.025901	0.680298	0.680791	1.532741
0.041062	0.678477	0.679718	1.510348
0.056054	0.676296	0.678615	1.488102
0.081766	0.663397	0.668417	1.448161
0.090317	0.656866	0.663046	1.434156
0.095096	0.652653	0.659544	1.426108
0.097068	0.644911	0.652176	1.421404
0.099730	0.646029	0.653681	1.417631
0.095137	0.658889	0.665722	1.427398
0.080089	0.674037	0.678778	1.452530
0.092721	0.665685	0.672111	1.432400
0.080390	0.666774	0.671603	1.450810
0.058382	0.677093	0.679605	1.484784
0.086504	0.666974	0.672560	1.441820
0.082339	0.665094	0.670171	1.447622
0.062127	0.674676	0.677531	1.478972
0.038591	0.681397	0.682489	1.514222
0.054759	0.676652	0.678864	1.490046
0.069505	0.671382	0.674971	1.467638
0.091221	0.661238	0.667500	1.433707
0.089330	0.669165	0.675102	1.438087
0.069158	0.676446	0.679972	1.468913
0.091997	0.664303	0.670643	1.433186
0.098845	0.653850	0.661279	1.420759
0.097572	0.640456	0.647846	1.419611
0.096597	0.641896	0.649123	1.421429
0.093969	0.640352	0.647210	1.425090
0.092838	0.641507	0.648190	1.427076
0.095039	0.653610	0.660484	1.426402
0.078816	0.665803	0.670451	1.452967
0.056656	0.675297	0.677669	1.487095
0.041659	0.677884	0.679163	1.509419
0.026448	0.680100	0.680615	1.531927
0.008320	0.680687	0.680738	1.558574
-0.019012	0.680411	0.680677	1.598731
0.002781	0.680706	0.680712	1.566711
0.017849	0.680495	0.680729	1.544573
0.043250	0.678238	0.679616	1.507114
0.067280	0.672078	0.675437	1.471022
0.089198	0.656695	0.662725	1.435794
0.092624	0.650876	0.657433	1.429438
0.093721	0.646660	0.653416	1.426867
0.094405	0.643829	0.650714	1.425203
0.096859	0.644021	0.651264	1.421518
0.096462	0.639536	0.646770	1.421093
0.099851	0.643311	0.651014	1.416811
0.101340	0.665758	0.673427	1.419738
0.094235	0.666148	0.672780	1.430266
0.079072	0.667250	0.671919	1.452842
0.081018	0.671148	0.676020	1.450663
0.100237	0.663543	0.671072	1.420867
0.094029	0.658154	0.664837	1.428888
0.086522	0.661753	0.667385	1.440787
0.060521	0.675402	0.678108	1.481427
0.085336	0.662831	0.668302	1.442756
0.094483	0.660162	0.666889	1.428642
0.088702	0.669478	0.675329	1.439070
0.099184	0.658924	0.666347	1.421394
0.082383	0.664141	0.669231	1.447383
0.066730	0.671429	0.674737	1.471736
0.049694	0.677985	0.679803	1.497630
0.031319	0.680562	0.681282	1.524809
0.013184	0.682362	0.682490	1.551478
0.039544	0.679503	0.680652	1.512666
0.064056	0.673534	0.676573	1.475977
0.087681	0.660183	0.665980	1.438755
0.093911	0.656623	0.663305	1.428738
0.100594	0.665653	0.673211	1.420811
0.084435	0.667383	0.672703	1.444948
0.057336	0.677460	0.679882	1.486364
0.080036	0.666660	0.671448	1.451313
0.093917	0.664354	0.670959	1.430361
0.082817	0.672607	0.677686	1.448284
0.100738	0.649163	0.656933	1.416843
0.096991	0.636790	0.644134	1.419645
0.095974	0.637355	0.644540	1.421337
0.092988	0.634208	0.640989	1.425212
0.092382	0.634977	0.641662	1.426321
0.097180	0.646777	0.654037	1.421659
0.094369	0.646172	0.653026	1.425778
0.090976	0.658113	0.664372	1.433430
0.080577	0.664122	0.668992	1.450058
0.055040	0.675993	0.678230	1.489555
0.034665	0.678863	0.679747	1.519777
0.015466	0.680414	0.680590	1.548070
0.000281	0.680432	0.680432	1.570384
-0.024112	0.679880	0.680308	1.606247
-0.043652	0.674764	0.676174	1.635398
-0.047388	0.666440	0.668123	1.641783
-0.046681	0.672452	0.674070	1.640105
-0.032286	0.678638	0.679406	1.618335
-0.010430	0.680285	0.680365	1.586126
0.009121	0.680491	0.680552	1.557393
0.037580	0.678972	0.680011	1.515505
0.064670	0.672440	0.675543	1.474919
0.084669	0.662739	0.668126	1.443729
0.092987	0.647024	0.653671	1.428058
0.093600	0.643910	0.650677	1.426446
0.093273	0.641003	0.647754	1.426300
0.093111	0.638478	0.645231	1.425985
0.093564	0.636887	0.643723	1.424932
0.096205	0.638838	0.646041	1.421325
0.095883	0.635297	0.642492	1.421000
0.099882	0.641720	0.649447	1.416388
0.102059	0.659953	0.667798	1.417365
0.089672	0.667555	0.673550	1.437267
0.075189	0.672940	0.677127	1.459526
0.060058	0.679040	0.681691	1.482580
0.086494	0.667359	0.672941	1.441908
0.100729	0.662860	0.670469	1.419989
0.094627	0.664751	0.671453	1.429398
0.068692	0.676421	0.679900	1.469591
0.087791	0.668621	0.674360	1.440242
0.102499	0.663772	0.671640	1.417588
0.094096	0.656250	0.662962	1.428382
0.088742	0.672961	0.678787	1.439685
0.084851	0.666940	0.672316	1.444251
0.103075	0.663124	0.671087	1.416592
0.097758	0.648783	0.656106	1.421242
0.093252	0.656690	0.663278	1.429736
0.075997	0.667308	0.671621	1.457399
0.058168	0.674691	0.677194	1.484794
0.034004	0.679981	0.680831	1.520831
0.012011	0.681270	0.681376	1.553168
-0.011120	0.681412	0.681503	1.587115
0.008602	0.681317	0.681372	1.558171
0.025247	0.680660	0.681128	1.533721
0.054625	0.676277	0.678479	1.490198
0.075877	0.667736	0.672033	1.457649
0.093370	0.651484	0.658141	1.428447
0.095281	0.648222	0.655187	1.424853
0.097945	0.648535	0.655889	1.420903
0.095943	0.662616	0.669526	1.427002
0.082220	0.669862	0.674889	1.448665
0.067713	0.677638	0.681013	1.471201
0.092256	0.667972	0.674313	1.433551
0.091667	0.660557	0.666887	1.432904
0.079316	0.665870	0.670577	1.452239
0.056879	0.676865	0.679251	1.486960
0.083497	0.663385	0.668619	1.445589
0.092617	0.658495	0.664976	1.431064
0.099108	0.660942	0.668331	1.421956
0.081506	0.672632	0.677552	1.450209
0.087008	0.664356	0.670030	1.440571
0.101699	0.663674	0.671420	1.418743
0.101059	0.646579	0.654429	1.415753
0.096448	0.633704	0.641002	1.419758
0.093054	0.628227	0.635081	1.423743
0.095880	0.635041	0.642238	1.420945
0.093465	0.632667	0.639534	1.424125
0.093168	0.634194	0.641001	1.424933
0.093436	0.636918	0.643735	1.425136
0.093944	0.640427	0.647281	1.425146
0.094512	0.644726	0.651616	1.425241
0.093606	0.650743	0.657441	1.427932
0.087327	0.659908	0.665661	1.439229
0.067974	0.670788	0.674224	1.469807
0.053427	0.675213	0.677323	1.491835
0.037690	0.679231	0.680276	1.515364
0.016138	0.680206	0.680397	1.547075
-0.001167	0.680282	0.680283	1.572512
-0.026485	0.679628	0.680144	1.609746
-0.044661	0.673920	0.675398	1.636970
-0.046584	0.666887	0.668512	1.640536
-0.038845	0.666654	0.667785	1.628999
-0.022332	0.675383	0.675753	1.603850
-0.019350	0.674885	0.675163	1.599460
-0.026438	0.676388	0.676905	1.609863
-0.036696	0.667296	0.668304	1.625733
-0.045333	0.666239	0.667779	1.638734
-0.047376	0.671489	0.673158	1.641233
-0.032262	0.678869	0.679635	1.618284
-0.002658	0.680261	0.680267	1.574703
0.013131	0.680240	0.680367	1.551495
0.028173	0.679894	0.680477	1.529382
0.044350	0.677289	0.678740	1.505408
0.059710	0.674191	0.676830	1.482461
0.082859	0.663308	0.668463	1.446523
0.094059	0.651458	0.658213	1.427405
0.095075	0.644381	0.651357	1.424308
0.094300	0.639656	0.646570	1.424428
0.093778	0.636066	0.642942	1.424417
0.093865	0.633904	0.640816	1.423790
0.095924	0.635477	0.642676	1.420979
0.092544	0.627537	0.634324	1.424379
0.095614	0.632215	0.639404	1.420697
0.100937	0.642911	0.650786	1.415067
0.102769	0.662939	0.670858	1.417000
0.088702	0.667983	0.673846	1.438778
0.074320	0.673250	0.677339	1.460851
0.059451	0.678933	0.681531	1.483454
0.086747	0.668528	0.674132	1.441759
0.093062	0.660787	0.667308	1.430881
0.072808	0.669641	0.673587	1.462494
0.057176	0.675812	0.678226	1.486394
0.039104	0.681083	0.682204	1.513445
0.056297	0.676039	0.678379	1.487713
0.071481	0.670285	0.674086	1.464556
0.092129	0.660715	0.667107	1.432251
0.088528	0.669038	0.674869	1.439239
0.063484	0.676919	0.679890	1.477287
0.078108	0.672120	0.676643	1.455104
0.096365	0.657601	0.664624	1.425292
0.099980	0.645771	0.653464	1.417194
0.093651	0.668606	0.675133	1.431633
0.100506	0.649109	0.656844	1.417180
0.096383	0.644290	0.651459	1.422301
0.095547	0.646417	0.653440	1.424049
0.094539	0.650371	0.657206	1.426446
0.091666	0.656244	0.662615	1.432011
0.083499	0.662865	0.668103	1.445489
0.069357	0.670413	0.673991	1.467709
0.053547	0.677813	0.679925	1.491960
0.024957	0.680583	0.681040	1.534143
0.002682	0.681178	0.681183	1.566859
-0.023614	0.680432	0.680841	1.605487
-0.044125	0.674571	0.676012	1.636116
-0.051033	0.667809	0.669756	1.647067
-0.039383	0.677476	0.678620	1.628862
-0.022002	0.680395	0.680751	1.603122
-0.003328	0.681034	0.681042	1.575683
0.022239	0.680757	0.681120	1.538140
0.038049	0.678711	0.679776	1.514794
0.053793	0.676187	0.678323	1.491411
0.078260	0.666110	0.670692	1.453845
0.094577	0.652519	0.659337	1.426858
0.097737	0.647896	0.655226	1.421072
0.101063	0.649746	0.657558	1.416490
0.091972	0.669441	0.675729	1.434265
0.080989	0.669052	0.673936	1.450332
0.058333	0.679103	0.681604	1.485110
0.085259	0.669949	0.675352	1.444214
0.099612	0.658456	0.665948	1.420654
0.090979	0.658587	0.664842	1.433522
0.078951	0.665414	0.670081	1.452700
0.064576	0.673101	0.676191	1.475151
0.045598	0.678249	0.679780	1.503668
0.023425	0.681674	0.682076	1.536445
0.041237	0.678954	0.680206	1.510135
0.058169	0.675444	0.677944	1.484889
0.084482	0.662682	0.668045	1.443995
0.095718	0.653479	0.660452	1.425356
0.101473	0.659358	0.667121	1.418097
0.074530	0.671611	0.675733	1.460276
0.093795	0.668100	0.674652	1.431317
0.102678	0.650685	0.658736	1.414287
0.097314	0.633599	0.641029	1.418397
0.096068	0.632118	0.639376	1.419973
0.093600	0.628717	0.635646	1.423007
0.093712	0.630781	0.637704	1.423310
0.094573	0.634681	0.641688	1.422875
0.091537	0.631587	0.638186	1.426867
0.095856	0.640613	0.647745	1.422267
0.092809	0.638795	0.645502	1.426518
0.092015	0.640135	0.646714	1.428031
0.094102	0.654372	0.661104	1.427970
0.083116	0.663111	0.668299	1.446104
0.064242	0.672186	0.675249	1.475514
0.038424	0.678549	0.679637	1.514230
0.021466	0.679730	0.680069	1.539227
0.004855	0.680331	0.680349	1.563660
-0.017022	0.679913	0.680126	1.595826
-0.042469	0.674557	0.675893	1.633672
-0.046944	0.668095	0.669743	1.640946
-0.041691	0.666370	0.667672	1.633279
-0.030874	0.669463	0.670174	1.616881
-0.020058	0.675248	0.675546	1.600492
-0.029542	0.678098	0.678741	1.614334
-0.031955	0.677971	0.678724	1.617894
-0.040152	0.675367	0.676559	1.630178
-0.039916	0.675727	0.676905	1.629799
-0.028519	0.672208	0.672813	1.613197
-0.037353	0.676506	0.677537	1.625955
-0.026097	0.678406	0.678908	1.609245
-0.021197	0.677766	0.678098	1.602061
-0.022426	0.677050	0.677421	1.603907
-0.031671	0.669184	0.669933	1.618089
-0.034982	0.669153	0.670066	1.623027
-0.047531	0.668121	0.669810	1.641819
-0.033620	0.678568	0.679400	1.620302
-0.014119	0.680037	0.680183	1.591555
0.004252	0.680240	0.680253	1.564546
0.026925	0.680059	0.680592	1.531225
0.044285	0.677408	0.678854	1.505515
0.060324	0.674078	0.676772	1.481543
0.084732	0.662165	0.667564	1.443525
0.094366	0.650562	0.657370	1.426748
0.094994	0.643815	0.650785	1.424305
0.094124	0.639155	0.646049	1.424584
0.093441	0.635451	0.642284	1.424796
0.092921	0.632490	0.639279	1.424926
0.092515	0.629994	0.636751	1.424989
0.092220	0.627881	0.634617	1.424965
0.092124	0.626273	0.633012	1.424744
0.092610	0.625831	0.632646	1.423883
0.095732	0.630855	0.638078	1.420195
0.101923	0.645286	0.653286	1.414140
0.093373	0.671586	0.678046	1.432648
0.086740	0.668225	0.673831	1.441711
0.072202	0.673359	0.677219	1.463978
0.057052	0.678916	0.681309	1.486959
0.072932	0.673045	0.676985	1.462857
0.087505	0.668515	0.674218	1.440642
0.092801	0.660750	0.667235	1.431261
0.076121	0.667768	0.672093	1.457293
0.061616	0.674047	0.676857	1.479638
0.046307	0.679800	0.681375	1.502783
0.062258	0.673843	0.676713	1.478666
0.077154	0.667213	0.671659	1.455671
0.093443	0.660854	0.667428	1.430330
0.086765	0.667506	0.673121	1.441537
0.096315	0.669574	0.676466	1.427931
0.096545	0.652804	0.659905	1.423968
0.090643	0.658291	0.664502	1.433962
0.069712	0.670559	0.674173	1.467207
0.053433	0.676282	0.678389	1.491950
0.032897	0.680871	0.681665	1.522518
0.053518	0.676262	0.678377	1.491823
0.069824	0.670505	0.674131	1.467034
0.090688	0.658240	0.664458	1.433885
0.096496	0.652648	0.659743	1.424007
0.098408	0.668127	0.675336	1.424559
0.085554	0.667091	0.672555	1.443243
0.076561	0.667725	0.672099	1.456635
0.094969	0.662446	0.669219	1.428406
0.085069	0.674754	0.680096	1.445384
0.095937	0.660426	0.667358	1.426540
0.101801	0.647097	0.655056	1.414755
0.092465	0.671576	0.677911	1.433973
0.087961	0.667533	0.673303	1.439781
0.070637	0.672481	0.676181	1.466140
0.089161	0.669300	0.675213	1.438362
0.093339	0.660737	0.667298	1.430460
0.080900	0.665145	0.670047	1.449763
0.054649	0.677846	0.680045	1.490349
0.073322	0.669139	0.673144	1.461655
0.087972	0.661785	0.667607	1.438640
0.097893	0.663404	0.670588	1.424292
0.078620	0.672918	0.677495	1.454489
0.098293	0.657363	0.664671	1.422370
0.089135	0.660008	0.666000	1.436557
0.063238	0.673675	0.676637	1.477200
0.045951	0.678297	0.679852	1.503155
0.026259	0.681794	0.682300	1.532301
0.051384	0.677243	0.679189	1.495070
0.070794	0.670293	0.674021	1.465570
0.093182	0.657352	0.663923	1.429981
0.101240	0.662940	0.670626	1.419253
0.082262	0.669130	0.674167	1.448472
0.063122	0.675258	0.678202	1.477589
0.088804	0.664641	0.670547	1.437971
0.088015	0.670777	0.676527	1.440327
0.102964	0.659655	0.667642	1.415958
0.098150	0.639332	0.646822	1.418467
0.095521	0.635940	0.643074	1.421707
0.095049	0.637140	0.644191	1.422708
0.095489	0.640616	0.647694	1.422828
0.096224	0.647043	0.654159	1.423165
0.093594	0.647702	0.654430	1.427289
0.091581	0.651548	0.657952	1.431152
0.074569	0.668313	0.672461	1.459679
0.057734	0.674825	0.677290	1.485450
0.033418	0.679384	0.680205	1.521647
0.003730	0.680926	0.680936	1.565319
0.032373	0.679473	0.680244	1.523187
0.055198	0.675505	0.677757	1.489264
0.071117	0.670106	0.673870	1.465064
0.091327	0.652682	0.659041	1.431774
0.093460	0.648440	0.655140	1.427652
0.096188	0.647524	0.654629	1.423328
0.095590	0.640919	0.648009	1.422743
0.095300	0.637623	0.644706	1.422433
0.096733	0.638044	0.645335	1.420334
0.099041	0.650563	0.658059	1.419718
0.095389	0.664445	0.671258	1.428209
0.080923	0.670393	0.675259	1.450668
0.065597	0.677642	0.680810	1.474295
0.085822	0.670101	0.675574	1.443417
0.094720	0.660389	0.667147	1.428337
0.072695	0.669733	0.673667	1.462677
0.054902	0.676851	0.679074	1.489860
0.031739	0.682092	0.682830	1.524298
0.058941	0.675615	0.678181	1.483776
0.080956	0.665202	0.670110	1.449690
0.098053	0.662704	0.669919	1.423903
0.084213	0.667891	0.673179	1.445371
0.067616	0.673857	0.677241	1.470789
0.047462	0.680414	0.682067	1.501154
0.061633	0.675137	0.677944	1.479760
0.075563	0.669556	0.673807	1.458416
0.083445	0.669340	0.674522	1.446769
0.078392	0.677127	0.681650	1.455537
0.096620	0.659346	0.666388	1.425293
0.098176	0.644578	0.652011	1.419647
0.096091	0.645614	0.652726	1.423045
0.094015	0.653347	0.660077	1.427880
0.088953	0.657446	0.663436	1.436312
0.071380	0.669801	0.673594	1.464628
0.047150	0.677412	0.679051	1.501305
0.019147	0.680766	0.681035	1.542678
0.004344	0.680862	0.680876	1.564417
-0.012820	0.680607	0.680727	1.589631
-0.029356	0.678883	0.679517	1.614010
-0.044527	0.674605	0.676073	1.636705
-0.049579	0.667452	0.669291	1.644941
-0.048878	0.662895	0.664694	1.644397
-0.049400	0.666882	0.668709	1.644737
-0.046104	0.673450	0.675026	1.639148
-0.016954	0.680473	0.680684	1.595706
-0.001366	0.680858	0.680859	1.572803
0.013639	0.680901	0.681037	1.550769
0.030755	0.679501	0.680197	1.525565
0.048083	0.677418	0.679122	1.499936
0.067116	0.670851	0.674199	1.471082
0.083402	0.663285	0.668508	1.445712
0.093074	0.650525	0.657150	1.428685
0.095943	0.648998	0.656051	1.424027
0.097969	0.645340	0.652734	1.420137
0.099669	0.644591	0.652251	1.417388
0.095399	0.658368	0.665244	1.426896
0.085232	0.673965	0.679333	1.445000
0.088429	0.666415	0.672256	1.438873
0.071545	0.672103	0.675900	1.464746
0.050079	0.680507	0.682347	1.497339
0.065723	0.675213	0.678404	1.473766
0.080660	0.669308	0.674151	1.450863
0.095406	0.654871	0.661784	1.426127
0.099327	0.667503	0.674853	1.423077
0.085244	0.671467	0.676856	1.444520
0.070438	0.676464	0.680121	1.467043
0.092967	0.663011	0.669497	1.431485
0.087735	0.672491	0.678190	1.441066
0.063582	0.677728	0.680704	1.477253
0.085053	0.668930	0.674316	1.444327
0.098807	0.666943	0.674223	1.423716
0.101894	0.647058	0.655031	1.414606
0.096454	0.631712	0.639033	1.419280
0.092882	0.625473	0.632332	1.423375
0.092474	0.626132	0.632924	1.424165
0.092822	0.628396	0.635215	1.424144
0.093536	0.631599	0.638488	1.423772
0.094479	0.635679	0.642662	1.423249
0.095682	0.641295	0.648394	1.422688
0.092574	0.639419	0.646086	1.427017
0.095156	0.651275	0.658190	1.425716
0.090738	0.655769	0.662017	1.433301
0.083254	0.661998	0.667212	1.445692
0.057212	0.675346	0.677765	1.486283
0.031816	0.679023	0.679768	1.523975
0.010434	0.680328	0.680408	1.555460
0.000626	0.680162	0.680162	1.569877
-0.022130	0.679724	0.680084	1.603342
-0.041604	0.675597	0.676877	1.632300
-0.046885	0.667605	0.669249	1.640910
-0.038707	0.667004	0.668126	1.628762
-0.022264	0.675947	0.676313	1.603722
-0.021129	0.677242	0.677571	1.601985
-0.025793	0.678187	0.678677	1.608810
-0.037622	0.676236	0.677282	1.626373
-0.045451	0.670260	0.671800	1.638504
-0.040102	0.667955	0.669158	1.630762
-0.026823	0.676878	0.677409	1.610404
-0.031702	0.669813	0.670563	1.618091
-0.034989	0.668663	0.669578	1.623075
-0.047055	0.670063	0.671713	1.640906
-0.035344	0.677570	0.678491	1.622912
-0.019798	0.678968	0.679256	1.599948
-0.004168	0.679638	0.679651	1.576929
0.021666	0.678597	0.678943	1.538879
0.017696	0.678609	0.678840	1.544725
0.011104	0.678671	0.678761	1.554436
-0.009655	0.677664	0.677733	1.585042
-0.012842	0.674783	0.674905	1.589825
-0.033432	0.666341	0.667179	1.620927
-0.055696	0.649808	0.652191	1.656298
-0.073703	0.632597	0.636876	1.686782
-0.086339	0.620661	0.626638	1.709017
-0.106830	0.602478	0.611876	1.746289
-0.128540	0.584623	0.598587	1.787221
-0.148305	0.570286	0.589254	1.825214
-0.167718	0.556121	0.580861	1.863706
-0.149778	0.569280	0.588653	1.828067
-0.130922	0.582887	0.597409	1.791740
-0.111341	0.598618	0.608885	1.754692
-0.096285	0.612195	0.619720	1.726797
-0.083914	0.623657	0.629277	1.704545
-0.065450	0.639844	0.643183	1.672733
-0.050327	0.654544	0.656476	1.647533
-0.030437	0.668287	0.668980	1.616310
-0.005052	0.676750	0.676769	1.578262
0.009933	0.677936	0.678009	1.556146
0.019088	0.678119	0.678387	1.542656
0.022709	0.678329	0.678709	1.537330
0.001133	0.679508	0.679509	1.569128
-0.025858	0.679183	0.679675	1.608850
-0.044479	0.673368	0.674835	1.636756
-0.036034	0.670023	0.670991	1.624525
-0.033600	0.674576	0.675412	1.620564
-0.029759	0.670538	0.671198	1.615148
-0.030090	0.670556	0.671231	1.615639
-0.034060	0.669253	0.670119	1.621645
-0.025665	0.674717	0.675205	1.608816
-0.045436	0.670616	0.672154	1.638445
-0.031098	0.677954	0.678667	1.616634
-0.020049	0.677194	0.677491	1.600393
-0.022494	0.673829	0.674205	1.604167
-0.036160	0.667757	0.668735	1.624896
-0.044632	0.666683	0.668175	1.637643
-0.046771	0.671642	0.673268	1.640321
-0.032381	0.678620	0.679392	1.618476
-0.005385	0.680066	0.680088	1.578714
0.015660	0.680176	0.680357	1.547776
0.037552	0.678330	0.679369	1.515493
0.060835	0.674133	0.676872	1.480798
0.079240	0.664311	0.669020	1.452077
0.088484	0.657840	0.663764	1.437092
0.093941	0.653832	0.660546	1.428095
0.092823	0.641912	0.648588	1.427188
0.095851	0.643110	0.650214	1.422843
0.094748	0.637353	0.644357	1.423219
0.093915	0.633162	0.640089	1.423543
0.093370	0.630059	0.636939	1.423674
0.093398	0.628290	0.635194	1.423223
0.095358	0.630584	0.637753	1.420712
0.092238	0.622523	0.629319	1.423698
0.096499	0.630914	0.638251	1.419021
0.102912	0.650739	0.658826	1.413949
0.098605	0.664868	0.672141	1.423563
0.072763	0.674259	0.678173	1.463297
0.074574	0.669339	0.673480	1.459840
0.071659	0.674923	0.678716	1.465020
0.093134	0.669011	0.675463	1.432474
0.101274	0.649832	0.657676	1.416194
0.094485	0.663538	0.670232	1.429352
0.068203	0.672416	0.675867	1.469713
0.051900	0.677890	0.679874	1.494384
0.031790	0.682228	0.682968	1.524232
0.046757	0.678750	0.680359	1.502018
0.061412	0.674921	0.677709	1.480055
0.085917	0.663080	0.668623	1.441942
0.092357	0.667602	0.673960	1.433328
0.070747	0.673361	0.677068	1.466115
0.089890	0.666076	0.672114	1.436652
0.101745	0.662468	0.670236	1.418402
0.100779	0.645176	0.652999	1.415844
0.097700	0.641526	0.648923	1.419665
0.095617	0.641148	0.648239	1.422753
0.095861	0.645898	0.652973	1.423457
0.092047	0.656665	0.663085	1.431531
0.084805	0.661208	0.666624	1.443236
0.059748	0.674674	0.677314	1.482468
0.037134	0.678738	0.679753	1.516141
0.015306	0.680706	0.680878	1.548314
0.001497	0.680630	0.680631	1.568597
-0.013727	0.680357	0.680495	1.590970
-0.028964	0.679710	0.680327	1.613384
-0.046905	0.671267	0.672904	1.640558
-0.047410	0.666160	0.667845	1.641846
-0.044787	0.664445	0.665953	1.638100
-0.043751	0.663423	0.664864	1.636649
-0.038845	0.666506	0.667637	1.629013
-0.047121	0.665685	0.667350	1.641464
-0.048367	0.671068	0.672809	1.642747
-0.035494	0.678177	0.679105	1.623086
-0.009480	0.680495	0.680561	1.584726
0.017361	0.680564	0.680785	1.545292
0.039873	0.678939	0.680109	1.512135
0.061702	0.674696	0.677511	1.479599
0.085631	0.661133	0.666655	1.441992
0.091821	0.655419	0.661820	1.431607
0.094193	0.650086	0.656874	1.426905
0.094937	0.646137	0.653074	1.424910
0.094762	0.642909	0.649855	1.424454
0.094311	0.640057	0.646968	1.424502
0.094089	0.637696	0.644600	1.424308
0.094547	0.636529	0.643512	1.423340
0.098459	0.641368	0.648881	1.418472
0.101155	0.655972	0.663726	1.417795
0.097217	0.662533	0.669627	1.425101
0.081085	0.666243	0.671159	1.449687
0.079155	0.671756	0.676403	1.453505
0.100147	0.660998	0.668541	1.420431
0.093135	0.657432	0.663996	1.430069
0.078702	0.665958	0.670593	1.453164
0.060909	0.674137	0.676883	1.480689
0.039721	0.680458	0.681616	1.512489
0.054937	0.675930	0.678159	1.489699
0.069367	0.671008	0.674584	1.467785
0.089930	0.660713	0.666806	1.435517
0.092235	0.667789	0.674128	1.433545
0.091157	0.659943	0.666209	1.433536
0.079503	0.665506	0.670238	1.451897
0.056818	0.676645	0.679026	1.487023
0.035308	0.680449	0.681364	1.518954
0.013405	0.682726	0.682858	1.551164
0.032937	0.680653	0.681450	1.522444
0.052989	0.677534	0.679603	1.492747
0.070790	0.669784	0.673514	1.465497
0.085798	0.662315	0.667849	1.441971
0.100214	0.661411	0.668960	1.420425
0.083461	0.668976	0.674162	1.446678
0.055544	0.678814	0.681083	1.489153
0.072515	0.671542	0.675446	1.463230
0.088080	0.665306	0.671111	1.439172
0.089274	0.670988	0.676901	1.438524
0.099795	0.647948	0.655588	1.417980
0.096463	0.636090	0.643362	1.420293
0.095704	0.637105	0.644253	1.421694
0.092951	0.634305	0.641080	1.425292
0.097101	0.644474	0.651748	1.421255
0.095556	0.647951	0.654959	1.424378
0.091290	0.656943	0.663255	1.432719
0.069354	0.670532	0.674109	1.467732
0.051786	0.676043	0.678024	1.494344
0.028615	0.679838	0.680440	1.528730
0.006829	0.680476	0.680510	1.560762
-0.015968	0.680193	0.680380	1.594268
-0.044038	0.674615	0.676051	1.635983
-0.028093	0.679239	0.679819	1.612132
-0.009285	0.680342	0.680406	1.584443
0.009862	0.680468	0.680540	1.556305
0.026574	0.679773	0.680293	1.531724
0.043679	0.678490	0.679895	1.506508
0.070216	0.669577	0.673249	1.466313
0.087118	0.659797	0.665524	1.439519
0.093087	0.651447	0.658064	1.428865
0.094465	0.645709	0.652582	1.425531
0.094778	0.642197	0.649153	1.424270
0.096642	0.641806	0.649042	1.421341
0.092652	0.632999	0.639744	1.425459
0.095329	0.635767	0.642875	1.421961
0.095619	0.634164	0.641333	1.421143
0.098929	0.639529	0.647135	1.417323
0.100821	0.654427	0.662147	1.417938
0.092121	0.666627	0.672962	1.433476
0.077885	0.672499	0.676995	1.455496
0.063155	0.678964	0.681895	1.478047
0.080337	0.668829	0.673636	1.451253
0.095980	0.658320	0.665280	1.426021
0.093082	0.664844	0.671328	1.431695
0.079572	0.676061	0.680728	1.453637
0.091400	0.662401	0.668677	1.433679
0.097751	0.649461	0.656777	1.421406
0.093378	0.655766	0.662381	1.429352
0.087534	0.659719	0.665501	1.438883
0.064302	0.673277	0.676341	1.475579
0.039676	0.679155	0.680313	1.512443
0.013733	0.681826	0.681964	1.550657
0.030277	0.680218	0.680891	1.526315
0.046844	0.678070	0.679687	1.501822
0.062470	0.672760	0.675654	1.478206
0.077135	0.666891	0.671337	1.455645
0.095468	0.652131	0.659082	1.425434
0.098512	0.648808	0.656245	1.420112
0.095306	0.662334	0.669156	1.427883
0.071132	0.677059	0.680786	1.466121
0.094415	0.662272	0.668968	1.429189
0.080677	0.665594	0.670465	1.450174
0.054909	0.677949	0.680169	1.489980
0.075043	0.668600	0.672798	1.459025
0.090156	0.661978	0.668089	1.435437
0.092166	0.667917	0.674246	1.433672
0.074054	0.672989	0.677051	1.461200
0.098850	0.658806	0.666180	1.421864
0.100137	0.645459	0.653181	1.416883
0.096968	0.642509	0.649785	1.421005
0.096543	0.646763	0.653929	1.422619
0.094211	0.647284	0.654105	1.426263
0.091816	0.650689	0.657135	1.430617
0.081440	0.664516	0.669487	1.448849
0.060815	0.674037	0.676775	1.480814
0.032738	0.679704	0.680491	1.522669
0.016177	0.680715	0.680908	1.547036
-0.000228	0.681223	0.681223	1.571131
0.027683	0.680099	0.680662	1.530114
0.048425	0.677189	0.678918	1.499409
0.064962	0.673062	0.676190	1.474577
0.082459	0.662221	0.667335	1.446915
0.090635	0.655440	0.661677	1.433386
0.093387	0.650310	0.656981	1.428168
0.096247	0.648744	0.655845	1.423512
0.096859	0.643047	0.650301	1.421295
0.099247	0.644144	0.651745	1.417922
0.097586	0.657474	0.664676	1.423446
0.074884	0.674683	0.678826	1.460258
0.092563	0.666986	0.673379	1.432899
0.086200	0.663594	0.669169	1.441621
0.069890	0.671288	0.674916	1.467056
0.052027	0.679020	0.681010	1.494325
0.066825	0.674250	0.677553	1.472009
0.081236	0.669137	0.674050	1.449983
0.101239	0.659970	0.667690	1.418583
0.095632	0.653011	0.659977	1.425382
0.090641	0.658019	0.664233	1.433909
0.076091	0.667174	0.671499	1.457237
0.061219	0.673580	0.676356	1.480160
0.045181	0.679348	0.680849	1.504388
0.031068	0.681408	0.682116	1.525234
0.054193	0.676457	0.678624	1.490854
0.071730	0.669772	0.673603	1.464107
0.092440	0.657803	0.664267	1.431183
0.099982	0.660084	0.667613	1.420471
0.079014	0.671450	0.676083	1.453659
0.088972	0.662989	0.668932	1.437395
0.102166	0.658945	0.666818	1.416976
0.099123	0.642114	0.649720	1.417635
0.094922	0.636527	0.643566	1.422763
0.094377	0.637584	0.644531	1.423840
0.094501	0.640009	0.646948	1.424200
0.094867	0.643225	0.650183	1.424365
0.094720	0.647518	0.654409	1.425545
0.092363	0.654632	0.661115	1.430630
0.080416	0.664603	0.669450	1.450383
0.061562	0.673358	0.676167	1.479624
0.037683	0.679674	0.680718	1.515410
0.022190	0.680406	0.680768	1.538195
0.006772	0.680753	0.680787	1.560848
-0.013733	0.680406	0.680545	1.590977
-0.042289	0.675706	0.677028	1.633300
-0.046519	0.667923	0.669541	1.640332
-0.045848	0.664802	0.666381	1.639653
-0.043336	0.664252	0.665664	1.635944
-0.022450	0.674387	0.674761	1.604073
-0.048128	0.660632	0.662383	1.643519
-0.042645	0.663996	0.665364	1.634932
-0.041182	0.665525	0.666798	1.632596
-0.047824	0.666195	0.667909	1.642461
-0.045774	0.671672	0.673230	1.638840
-0.032731	0.679087	0.679875	1.618958
-0.015310	0.680415	0.680587	1.593293
0.001875	0.680784	0.680787	1.568043
0.021007	0.680174	0.680498	1.539922
0.041932	0.678509	0.679804	1.509074
0.068099	0.670586	0.674035	1.469592
0.086250	0.660920	0.666524	1.441030
0.094558	0.653941	0.660742	1.427194
0.093884	0.642003	0.648832	1.425589
0.096614	0.643205	0.650421	1.421704
0.098230	0.642262	0.649730	1.419028
0.097832	0.655718	0.662976	1.422691
0.086978	0.665403	0.671063	1.440818
0.074121	0.675282	0.679337	1.461471
0.092277	0.666792	0.673147	1.433281
0.081565	0.665482	0.670461	1.448839
0.061978	0.674886	0.677726	1.479218
0.039373	0.681700	0.682836	1.513103
0.054473	0.677028	0.679216	1.490511
0.068864	0.671967	0.675486	1.468672
0.091005	0.662045	0.668271	1.434192
0.088132	0.669767	0.675540	1.439962
0.094818	0.659087	0.665872	1.427914
0.082502	0.664031	0.669136	1.447186
0.064691	0.672754	0.675857	1.474933
0.044293	0.679846	0.681287	1.505737
0.064453	0.672846	0.675926	1.475296
0.082138	0.664232	0.669291	1.447762
0.094716	0.659140	0.665911	1.428078
0.088244	0.669610	0.675399	1.439767
0.063992	0.677784	0.680798	1.476662
0.080129	0.675823	0.680557	1.452782
0.090312	0.662789	0.668914	1.435370
0.097572	0.650088	0.657369	1.421818
0.093775	0.653676	0.660369	1.428311
0.083041	0.663194	0.668372	1.446231
0.062034	0.673435	0.676286	1.478939
0.034091	0.680105	0.680959	1.520713
0.019008	0.680931	0.681196	1.542890
0.003906	0.681416	0.681427	1.565064
-0.016944	0.681022	0.681232	1.595671
-0.041360	0.677215	0.678477	1.631795
-0.023281	0.680748	0.681146	1.604982
-0.003082	0.681348	0.681354	1.575319
0.013728	0.681306	0.681444	1.550649
0.030258	0.679992	0.680665	1.526328
0.046853	0.678139	0.679756	1.501816
0.064172	0.672305	0.675360	1.475634
0.079841	0.665496	0.670268	1.451394
0.093643	0.651421	0.658118	1.428022
0.095558	0.648115	0.655122	1.424412
0.097097	0.646745	0.653993	1.421778
0.102795	0.659874	0.667832	1.416259
0.094847	0.665003	0.671733	1.429125
0.098942	0.657429	0.664833	1.421420
0.088332	0.665584	0.671420	1.438854
0.070624	0.672202	0.675902	1.466117
0.049267	0.680462	0.682243	1.498519
0.063534	0.674793	0.677777	1.476920
0.077466	0.668775	0.673246	1.455478
0.086879	0.669151	0.674768	1.441684
0.093482	0.672085	0.678555	1.432591
0.098112	0.656194	0.663488	1.422379
0.100227	0.641468	0.649251	1.415803
0.094760	0.625503	0.632640	1.420446
0.094173	0.625617	0.632665	1.421390
0.090846	0.620032	0.626652	1.425314
0.090281	0.619866	0.626406	1.426167
0.089494	0.619487	0.625918	1.427324
0.095670	0.632404	0.639599	1.420654
0.091406	0.625761	0.632401	1.425751
0.090166	0.624972	0.631443	1.427513
0.095960	0.636777	0.643966	1.421226
0.093649	0.635111	0.641978	1.424398
0.092829	0.636188	0.642924	1.425905
0.092516	0.638199	0.644870	1.426835
0.092463	0.640671	0.647309	1.427465
0.092532	0.643398	0.650018	1.427959
0.090708	0.645994	0.652331	1.431291
0.087850	0.660582	0.666398	1.438583
0.075796	0.666775	0.671069	1.457607
0.059022	0.674723	0.677300	1.483542
0.042485	0.677545	0.678876	1.508174
0.024760	0.679593	0.680044	1.534379
0.001995	0.680121	0.680124	1.567864
-0.023791	0.679664	0.680081	1.605786
-0.044189	0.674061	0.675508	1.636259
-0.045441	0.666804	0.668351	1.638839
-0.034423	0.668315	0.669201	1.622258
-0.020009	0.675940	0.676236	1.600390
-0.039622	0.674689	0.675852	1.629455
-0.041305	0.674248	0.675512	1.631981
-0.045128	0.670669	0.672186	1.637983
-0.042153	0.668214	0.669542	1.633796
-0.035591	0.668864	0.669810	1.623958
-0.023673	0.675726	0.676141	1.605816
-0.024443	0.676750	0.677191	1.606899
-0.028923	0.673490	0.674111	1.613715
-0.027084	0.677536	0.678077	1.610749
-0.022111	0.675980	0.676342	1.603494
-0.040449	0.671790	0.673007	1.630934
-0.042068	0.669217	0.670538	1.633576
-0.042360	0.672003	0.673337	1.633748
-0.033210	0.676450	0.677265	1.619851
-0.031231	0.669636	0.670364	1.617402
-0.046185	0.667842	0.669438	1.639842
-0.039574	0.674202	0.675362	1.629427
-0.026195	0.679426	0.679930	1.609331
-0.005341	0.679833	0.679854	1.578652
0.011358	0.679666	0.679760	1.554087
0.005827	0.679631	0.679656	1.562223
0.023211	0.678335	0.678732	1.536592
0.013761	0.678426	0.678565	1.550516
0.014387	0.677599	0.677752	1.549567
-0.006995	0.677256	0.677292	1.581125
-0.015863	0.673724	0.673910	1.594337
-0.037425	0.663968	0.665022	1.627103
-0.055906	0.648540	0.650945	1.656786
-0.072459	0.632975	0.637109	1.684775
-0.084723	0.621297	0.627047	1.706326
-0.104092	0.605122	0.614009	1.741147
-0.118444	0.592576	0.604297	1.768076
-0.138100	0.577422	0.593707	1.805553
-0.151904	0.567493	0.587472	1.832341
-0.165402	0.557372	0.581396	1.859271
-0.185357	0.542578	0.573365	1.899989
-0.199408	0.532465	0.568579	1.929129
-0.212754	0.522308	0.563977	1.957609
-0.232277	0.508075	0.558653	1.999597
-0.250255	0.494181	0.553934	2.039554
-0.230737	0.509366	0.559190	1.996133
-0.207372	0.526074	0.565471	1.946283
-0.190365	0.538921	0.571555	1.910348
-0.170401	0.552756	0.578425	1.869828
-0.152976	0.565616	0.585938	1.834937
-0.134871	0.578976	0.594478	1.799662
-0.114366	0.595251	0.606138	1.760614
-0.097855	0.610145	0.617942	1.729822
-0.083068	0.623813	0.629320	1.703179
-0.069519	0.637012	0.640794	1.679500
-0.059448	0.648168	0.650889	1.662258
-0.048966	0.659247	0.661063	1.644935
-0.035116	0.665865	0.666790	1.623484
-0.021206	0.672046	0.672381	1.602340
-0.009278	0.675646	0.675710	1.584528
0.002242	0.677204	0.677208	1.567485
0.012531	0.677755	0.677871	1.552309
0.021021	0.677817	0.678143	1.539793
0.028300	0.677624	0.678215	1.529057
0.030747	0.677766	0.678463	1.525463
0.007144	0.679491	0.679529	1.560284
-0.009546	0.679617	0.679685	1.584841
-0.027484	0.679255	0.679811	1.611236
-0.047044	0.670467	0.672115	1.640848
-0.027649	0.672463	0.673032	1.611890
-0.021982	0.675490	0.675848	1.603328
-0.037489	0.675724	0.676763	1.626219
-0.027612	0.677610	0.678172	1.611523
-0.030564	0.677355	0.678044	1.615888
-0.034660	0.676388	0.677275	1.621994
-0.024075	0.675058	0.675487	1.606444
-0.034157	0.669309	0.670180	1.621785
-0.042490	0.668266	0.669615	1.634294
-0.043961	0.669056	0.670499	1.636408
-0.026379	0.678217	0.678730	1.609672
-0.020072	0.675751	0.676049	1.600491
-0.033758	0.668557	0.669408	1.621247
-0.045142	0.666764	0.668290	1.638396
-0.044350	0.673917	0.675375	1.636511
-0.023569	0.679650	0.680058	1.605460
0.002506	0.680083	0.680088	1.567111
0.015186	0.680052	0.680221	1.548470
0.037728	0.678249	0.679298	1.515228
0.062389	0.673591	0.676474	1.478439
0.085593	0.659851	0.665379	1.441801
0.091101	0.654427	0.660738	1.432478
0.095166	0.651005	0.657924	1.425641
0.092365	0.638761	0.645405	1.427192
0.095929	0.641275	0.648410	1.422307
0.091813	0.632294	0.638925	1.426598
0.095314	0.636156	0.643257	1.422074
0.095593	0.633850	0.641018	1.421111
0.088355	0.620093	0.626357	1.429263
0.089924	0.621305	0.627778	1.427060
0.090668	0.621605	0.628182	1.425956
0.093956	0.626682	0.633686	1.421978
0.092927	0.622833	0.629728	1.422688
0.092829	0.621438	0.628333	1.422516
0.094123	0.623326	0.630392	1.420928
0.100066	0.640539	0.648308	1.415827
0.100123	0.655177	0.662783	1.419151
0.090165	0.666055	0.672131	1.436243
0.076670	0.677147	0.681473	1.458052
0.084656	0.669209	0.674542	1.444963
0.089477	0.662540	0.668555	1.436557
0.067181	0.672741	0.676087	1.471265
0.039581	0.681550	0.682698	1.512787
0.060732	0.675261	0.677987	1.481099
0.078851	0.666913	0.671558	1.453109
0.092359	0.666213	0.672584	1.433042
0.095330	0.655947	0.662838	1.426475
0.092309	0.668493	0.674836	1.433579
0.103705	0.661990	0.670064	1.415403
0.096987	0.644640	0.651895	1.421465
0.095864	0.645934	0.653009	1.423461
0.094980	0.648923	0.655837	1.425463
0.093193	0.653452	0.660063	1.429136
0.088743	0.658824	0.664774	1.436903
0.076542	0.666403	0.670785	1.456438
0.062633	0.674319	0.677222	1.478178
0.047199	0.677639	0.679281	1.501256
0.029331	0.680275	0.680907	1.527707
0.002766	0.681275	0.681281	1.566736
-0.023272	0.680535	0.680933	1.604980
-0.046618	0.673496	0.675107	1.639903
-0.051472	0.666825	0.668808	1.647834
-0.037869	0.678130	0.679186	1.626581
-0.020360	0.680614	0.680918	1.600701
-0.001926	0.681184	0.681187	1.573624
0.015616	0.680981	0.681160	1.547869
0.033978	0.680101	0.680949	1.520878
0.049126	0.676624	0.678405	1.498318
0.063777	0.672782	0.675798	1.476283
0.085259	0.661724	0.667194	1.442658
0.093855	0.652216	0.658934	1.427876
0.095838	0.646810	0.653872	1.423697
0.098774	0.647267	0.654761	1.419363
0.091202	0.670504	0.676678	1.435606
0.091897	0.664151	0.670479	1.433302
0.076539	0.669085	0.673448	1.456897
0.057822	0.677655	0.680117	1.485676
0.080884	0.670624	0.675484	1.450767
0.100222	0.659447	0.667019	1.419971
0.094638	0.655124	0.661924	1.427330
0.088462	0.659877	0.665781	1.437532
0.074143	0.668230	0.672331	1.460293
0.051345	0.678403	0.680343	1.495255
0.047275	0.679275	0.680918	1.501312
0.070807	0.669983	0.673715	1.465503
0.087582	0.660761	0.666540	1.439018
0.095113	0.656324	0.663180	1.426881
0.100117	0.665409	0.672899	1.421457
0.080578	0.669809	0.674639	1.451071
0.069835	0.672258	0.675876	1.467287
0.092089	0.668973	0.675282	1.433998
0.102632	0.659768	0.667703	1.416475
0.098334	0.640397	0.647903	1.418435
0.095142	0.636874	0.643941	1.422503
0.095362	0.640109	0.647174	1.422907
0.096201	0.646488	0.653606	1.423074
0.093528	0.646769	0.653497	1.427183
0.091377	0.650140	0.656530	1.431161
0.080237	0.665098	0.669920	1.450737
0.062052	0.673244	0.676098	1.478887
0.037449	0.678839	0.679871	1.515686
0.022144	0.679974	0.680334	1.538243
0.006816	0.680738	0.680773	1.560784
-0.006968	0.680406	0.680442	1.581038
-0.023112	0.679379	0.679772	1.604802
-0.038918	0.676998	0.678116	1.628219
-0.048841	0.669272	0.671052	1.643644
-0.045377	0.665330	0.666876	1.638893
-0.028151	0.672233	0.672822	1.612649
-0.034475	0.667687	0.668577	1.622383
-0.031233	0.668707	0.669436	1.617469
-0.042379	0.663401	0.664753	1.634592
-0.019611	0.674502	0.674787	1.599863
-0.035620	0.667143	0.668093	1.624137
-0.041531	0.665357	0.666652	1.633135
-0.043505	0.666307	0.667726	1.635996
-0.047529	0.671826	0.673505	1.641425
-0.032175	0.679053	0.679815	1.618142
-0.003715	0.680458	0.680469	1.576256
0.010568	0.680637	0.680719	1.555271
0.028981	0.679670	0.680287	1.528182
0.048609	0.677701	0.679442	1.499192
0.068893	0.670077	0.673609	1.468343
0.084819	0.661807	0.667220	1.443328
0.093803	0.656095	0.662766	1.428787
0.093791	0.643641	0.650439	1.426095
0.094459	0.641753	0.648668	1.424656
0.094448	0.639713	0.646648	1.424214
0.094310	0.637730	0.644666	1.423977
0.094163	0.635892	0.642826	1.423784
0.094151	0.634397	0.641345	1.423462
0.094736	0.634004	0.641043	1.422469
0.099181	0.641075	0.648702	1.417302
0.098099	0.655825	0.663121	1.422316
0.091072	0.673381	0.679512	1.436366
0.099161	0.662869	0.670245	1.422303
0.087224	0.664795	0.670492	1.440337
0.095660	0.670305	0.677097	1.429042
0.097020	0.651475	0.658660	1.422959
0.091019	0.658105	0.664369	1.433364
0.080079	0.664588	0.669395	1.450881
0.064669	0.673007	0.676107	1.475001
0.045076	0.678282	0.679778	1.504438
0.022329	0.681652	0.682018	1.538051
0.040842	0.679771	0.680997	1.510786
0.063229	0.672919	0.675883	1.477109
0.081773	0.663941	0.668958	1.448250
0.092662	0.655286	0.661805	1.430321
0.095530	0.649289	0.656279	1.424715
0.097006	0.646582	0.653818	1.421879
0.100268	0.649608	0.657301	1.417653
0.093737	0.668684	0.675222	1.431522
0.084387	0.667400	0.672714	1.445022
0.063695	0.676094	0.679088	1.476864
0.081700	0.669567	0.674533	1.449377
0.066082	0.675359	0.678584	1.473259
0.049240	0.680631	0.682410	1.498577
0.073338	0.670911	0.674908	1.461917
0.090378	0.665736	0.671842	1.435865
0.088888	0.672643	0.678490	1.439410
0.094307	0.657574	0.664302	1.428351
0.097870	0.643202	0.650605	1.419793
0.094652	0.640857	0.647809	1.424160
0.094425	0.642799	0.649697	1.424943
0.094307	0.645460	0.652313	1.425714
0.093016	0.648644	0.655280	1.428367
0.084199	0.663055	0.668380	1.444486
0.065445	0.671991	0.675170	1.473713
0.041671	0.678739	0.680017	1.509479
0.025853	0.680007	0.680499	1.532796
0.010053	0.680848	0.680922	1.556032
-0.006851	0.680692	0.680726	1.580861
-0.021851	0.679574	0.679925	1.602939
-0.036805	0.678097	0.679095	1.625019
-0.049573	0.670372	0.672203	1.644611
-0.029944	0.679794	0.680453	1.614816
-0.014558	0.680558	0.680714	1.592184
0.000823	0.680899	0.680899	1.569588
0.024428	0.680603	0.681041	1.534920
0.046997	0.677328	0.678956	1.501521
0.065826	0.672254	0.675469	1.473190
0.090793	0.657686	0.663923	1.433614
0.095715	0.648583	0.655607	1.424278
0.098613	0.647326	0.654794	1.419620
0.095475	0.663014	0.669853	1.427778
0.077968	0.668339	0.672871	1.454661
0.063970	0.675077	0.678101	1.476319
0.049506	0.681377	0.683173	1.498268
0.064480	0.675282	0.678353	1.475599
0.078876	0.668631	0.673267	1.453372
0.089882	0.668984	0.674995	1.437241
0.100644	0.651444	0.659173	1.417514
0.095827	0.636481	0.643654	1.421361
0.094748	0.636298	0.643313	1.422977
0.094625	0.638046	0.645025	1.423564
0.094834	0.640749	0.647729	1.423857
0.095229	0.644468	0.651466	1.424094
0.094448	0.650305	0.657128	1.426568
0.086922	0.660678	0.666372	1.439983
0.062738	0.673356	0.676273	1.477892
0.046355	0.677346	0.678931	1.502466
0.027860	0.680483	0.681053	1.529878
0.000739	0.680676	0.680677	1.569710
-0.020367	0.680179	0.680484	1.600730
-0.039998	0.676722	0.677903	1.629833
-0.047551	0.666251	0.667946	1.642047
-0.034743	0.669032	0.669933	1.622680
-0.040252	0.665463	0.666679	1.631210
-0.037614	0.666089	0.667150	1.627206
-0.024043	0.677349	0.677776	1.606277
-0.020405	0.674069	0.674377	1.601058
-0.033490	0.667507	0.668346	1.620925
-0.050240	0.659146	0.661057	1.646868
-0.037105	0.666210	0.667243	1.626434
-0.038122	0.666185	0.667275	1.627958
-0.046152	0.665251	0.666850	1.640060
-0.048563	0.670603	0.672359	1.643087
-0.035219	0.678370	0.679283	1.622667
-0.019837	0.679765	0.680055	1.599970
-0.004392	0.680539	0.680553	1.577249
0.011908	0.680858	0.680962	1.553309
0.028099	0.679660	0.680240	1.529478
0.044330	0.677955	0.679403	1.505501
0.063730	0.672222	0.675236	1.476274
0.080180	0.665091	0.669907	1.450821
0.092908	0.649997	0.656604	1.428822
0.095626	0.648554	0.655566	1.424406
0.095369	0.641922	0.648968	1.423308
0.094774	0.637984	0.644985	1.423323
0.095228	0.636440	0.643524	1.422273
0.100155	0.643535	0.651282	1.416402
0.097670	0.657727	0.664940	1.423377
0.082240	0.675538	0.680526	1.449653
0.089527	0.668145	0.674117	1.437596
0.078862	0.668265	0.672902	1.453330
0.059077	0.676994	0.679567	1.483753
0.075742	0.670538	0.674802	1.458316
0.088408	0.668453	0.674274	1.439302
0.079504	0.676127	0.680785	1.453747
0.078891	0.674576	0.679173	1.454377
0.097590	0.657198	0.664404	1.423380
0.092477	0.658567	0.665028	1.431287
0.073767	0.668989	0.673044	1.460973
0.058991	0.674464	0.677039	1.483555
0.042849	0.679372	0.680722	1.507809
0.026021	0.681467	0.681964	1.532631
0.009231	0.683009	0.683071	1.557282
0.035311	0.680519	0.681434	1.518955
0.060481	0.675306	0.678009	1.481473
0.075345	0.667741	0.671979	1.458435
0.088059	0.660814	0.666655	1.438318
0.095280	0.658642	0.665498	1.427131
0.087385	0.668879	0.674563	1.440888
0.077914	0.668434	0.672959	1.454758
0.064002	0.674523	0.677553	1.476195
0.049759	0.680262	0.682080	1.497780
0.075776	0.669748	0.674021	1.458134
0.086647	0.668900	0.674488	1.441977
0.086714	0.674880	0.680428	1.443009
0.098609	0.657286	0.664642	1.421882
0.101198	0.642844	0.650761	1.414655
0.094091	0.622663	0.629732	1.420820
0.092724	0.620477	0.627367	1.422454
0.092536	0.621098	0.627954	1.422896
0.093158	0.623707	0.630625	1.422531
0.090199	0.619084	0.625620	1.426117
0.094454	0.628555	0.635612	1.421641
0.092000	0.625239	0.631971	1.424701
0.091263	0.625341	0.631966	1.425878
0.091001	0.626297	0.632874	1.426505
0.090920	0.627546	0.634099	1.426915
0.090976	0.628961	0.635506	1.427148
0.090763	0.630090	0.636593	1.427732
0.097097	0.642872	0.650164	1.420892
0.095099	0.643388	0.650378	1.424050
0.094103	0.646504	0.653317	1.426254
0.092323	0.651552	0.658060	1.430036
0.087786	0.658373	0.664200	1.438241
0.077493	0.665579	0.670075	1.454889
0.056456	0.675770	0.678124	1.487447
0.028572	0.679276	0.679876	1.528759
0.008414	0.680092	0.680144	1.558425
-0.019787	0.679782	0.680069	1.599896
-0.035560	0.676304	0.677238	1.623328
-0.047745	0.670199	0.671898	1.641916
-0.037939	0.668745	0.669820	1.627468
-0.030552	0.669927	0.670624	1.616370
-0.021744	0.674658	0.675008	1.603015
-0.020607	0.677166	0.677480	1.601218
-0.027259	0.678230	0.678778	1.610966
-0.041053	0.668902	0.670161	1.632093
-0.042482	0.668462	0.669810	1.634264
-0.034472	0.669323	0.670210	1.622254
-0.029210	0.677024	0.677654	1.613914
-0.028962	0.677242	0.677861	1.613535
-0.037191	0.675545	0.676568	1.625794
-0.028459	0.674905	0.675505	1.612939
-0.042734	0.669697	0.671059	1.634521
-0.043122	0.669689	0.671076	1.635099
-0.043326	0.672095	0.673490	1.635171
-0.030930	0.674538	0.675246	1.616618
-0.037787	0.674437	0.675495	1.626765
-0.030578	0.674912	0.675605	1.616072
-0.033477	0.677114	0.677941	1.620196
-0.028700	0.674598	0.675208	1.613314
-0.030443	0.676445	0.677130	1.615770
-0.037872	0.674577	0.675640	1.626880
-0.026964	0.673346	0.673886	1.610819
-0.030833	0.671700	0.672407	1.616667
-0.040170	0.670227	0.671429	1.630660
-0.023804	0.677455	0.677873	1.605920
-0.022772	0.674357	0.674741	1.604552
-0.038410	0.667406	0.668511	1.628285
-0.047504	0.669156	0.670840	1.641668
-0.030989	0.678961	0.679667	1.616406
-0.011878	0.679836	0.679939	1.588267
0.005769	0.679884	0.679909	1.562311
0.025235	0.678897	0.679366	1.533643
0.047462	0.676345	0.678008	1.500736
0.034114	0.678005	0.678862	1.520523
0.056224	0.674034	0.676375	1.487575
0.031737	0.677822	0.678565	1.524008
0.010777	0.679388	0.679473	1.554934
0.016979	0.678533	0.678745	1.545779
0.023335	0.677416	0.677818	1.536362
-0.006250	0.677577	0.677605	1.580019
-0.024488	0.670921	0.671368	1.607280
-0.037561	0.662647	0.663711	1.627418
-0.050206	0.653916	0.655840	1.647423
-0.066757	0.636715	0.640205	1.675261
-0.079917	0.624904	0.629994	1.697992
-0.091393	0.614224	0.620987	1.718507
-0.103026	0.604497	0.613213	1.739607
-0.114335	0.594582	0.605475	1.760772
-0.130703	0.581249	0.595763	1.791984
-0.145690	0.570663	0.588967	1.820757
-0.159427	0.560112	0.582359	1.848097
-0.181675	0.543910	0.573449	1.893162
-0.196372	0.533446	0.568442	1.923521
-0.210102	0.522974	0.563600	1.952806
-0.225432	0.512024	0.559454	1.985534
-0.239949	0.501001	0.555498	2.017453
-0.253206	0.490846	0.552308	2.047048
-0.265874	0.480580	0.549224	2.076121
-0.279908	0.469266	0.546405	2.108625
-0.293282	0.457901	0.543772	2.140459
-0.315273	0.437936	0.539616	2.194758
-0.331176	0.422894	0.537138	2.235158
-0.345153	0.408546	0.534827	2.272283
-0.359585	0.393551	0.533089	2.311125
-0.372683	0.378942	0.531498	2.347867
-0.384113	0.365623	0.530305	2.380852
-0.394717	0.352395	0.529135	2.412780
-0.379895	0.370602	0.530722	2.368576
-0.362844	0.389859	0.532584	2.320320
-0.351613	0.402108	0.534156	2.289301
-0.339574	0.414390	0.535751	2.257288
-0.325851	0.427891	0.537838	2.221635
-0.310898	0.441638	0.540094	2.184179
-0.298306	0.453112	0.542491	2.153020
-0.284871	0.464552	0.544941	2.120878
-0.269934	0.477014	0.548093	2.085751
-0.253931	0.489603	0.551536	2.049249
-0.239952	0.500707	0.555234	2.017688
-0.225210	0.511835	0.559191	1.985307
-0.206874	0.525444	0.564701	1.945870
-0.186902	0.539638	0.571088	1.904212
-0.174359	0.549137	0.576153	1.878242
-0.161122	0.558422	0.581201	1.851698
-0.141087	0.573556	0.590654	1.811994
-0.128098	0.583713	0.597603	1.786825
-0.113782	0.594281	0.605076	1.759969
-0.097632	0.608957	0.616734	1.729769
-0.083030	0.622246	0.627761	1.703448
-0.070033	0.634670	0.638522	1.680698
-0.051194	0.653382	0.655385	1.648989
-0.037078	0.663050	0.664085	1.626658
-0.021516	0.671284	0.671629	1.602838
-0.005236	0.675693	0.675713	1.578545
0.009559	0.677086	0.677154	1.556680
0.020807	0.677345	0.677664	1.540087
0.028488	0.677311	0.677910	1.528760
0.014482	0.679042	0.679197	1.549473
0.035254	0.677098	0.678015	1.518777
0.058013	0.673186	0.675681	1.484832
0.037371	0.677410	0.678440	1.515684
0.055983	0.674472	0.676792	1.487983
0.033909	0.677947	0.678795	1.520821
0.013706	0.679683	0.679821	1.550634
-0.002083	0.679893	0.679896	1.573861
-0.023254	0.679559	0.679956	1.605003
-0.045801	0.671152	0.672713	1.638933
-0.043933	0.666864	0.668309	1.636582
-0.022778	0.674279	0.674664	1.604565
-0.030100	0.677630	0.678298	1.615186
-0.043121	0.672582	0.673963	1.634822
-0.034831	0.676773	0.677668	1.622218
-0.032839	0.674767	0.675565	1.619425
-0.040408	0.672911	0.674124	1.630774
-0.037897	0.670078	0.671148	1.627293
-0.040143	0.671585	0.672783	1.630499
-0.032914	0.675249	0.676051	1.619502
-0.037413	0.668972	0.670017	1.626664
-0.042292	0.669298	0.670633	1.633901
-0.041261	0.673546	0.674808	1.631979
-0.035116	0.675467	0.676379	1.622737
-0.023751	0.673417	0.673836	1.606052
-0.039388	0.667140	0.668302	1.629769
-0.047581	0.669480	0.671169	1.641748
-0.030490	0.679048	0.679732	1.615667
-0.011952	0.679839	0.679944	1.588376
0.005399	0.679895	0.679916	1.562855
0.031259	0.678557	0.679276	1.524763
0.049357	0.675560	0.677361	1.497865
0.064734	0.671890	0.675001	1.474746
0.049989	0.675208	0.677056	1.496896
0.033228	0.678052	0.678865	1.521831
0.009423	0.679672	0.679737	1.556933
0.013680	0.679176	0.679314	1.550657
0.031027	0.677205	0.677916	1.525012
0.024173	0.677313	0.677744	1.535122
0.014016	0.677291	0.677436	1.550105
0.001273	0.676538	0.676539	1.568915
-0.013206	0.674057	0.674187	1.590386
-0.030340	0.667420	0.668109	1.616224
-0.050542	0.655210	0.657157	1.647782
-0.061527	0.644113	0.647045	1.666029
-0.071993	0.633137	0.637217	1.684019
-0.085473	0.620236	0.626098	1.707741
-0.100341	0.606630	0.614873	1.734719
-0.117172	0.591583	0.603075	1.766330
-0.140751	0.573739	0.590751	1.811367
-0.159996	0.559146	0.581586	1.849494
-0.183864	0.542371	0.572688	1.897639
-0.206349	0.525983	0.565012	1.944656
-0.221698	0.514879	0.560581	1.977387
-0.236071	0.503780	0.556348	2.009009
-0.223933	0.513166	0.559897	1.982262
-0.211332	0.522279	0.563415	1.955292
-0.198144	0.531975	0.567678	1.927347
-0.184626	0.541520	0.572129	1.899377
-0.170776	0.551822	0.577644	1.870924
-0.156140	0.562259	0.583537	1.841672
-0.132993	0.580048	0.595100	1.796180
-0.112954	0.596480	0.607080	1.757948
-0.095278	0.612709	0.620072	1.725064
-0.075241	0.630841	0.635312	1.689507
-0.063251	0.642766	0.645870	1.668886
-0.049356	0.657378	0.659228	1.645736
-0.034704	0.665299	0.666204	1.622912
-0.020248	0.672181	0.672486	1.600911
-0.013117	0.676271	0.676398	1.590190
0.002389	0.678430	0.678434	1.567275
0.009899	0.678653	0.678725	1.556211
0.017748	0.678539	0.678771	1.544646
0.027610	0.677986	0.678547	1.530095
0.037871	0.677036	0.678094	1.514918
0.049922	0.675328	0.677171	1.497008
0.062461	0.672454	0.675349	1.478177
0.062695	0.672603	0.675519	1.477853
0.037651	0.677522	0.678568	1.515282
0.014961	0.679577	0.679741	1.548784
-0.000079	0.679837	0.679837	1.570912
-0.016026	0.679739	0.679928	1.594369
-0.044257	0.673164	0.674618	1.636446
-0.045542	0.667407	0.668959	1.638929
-0.025167	0.672620	0.673090	1.608195
-0.041710	0.666771	0.668074	1.633270
-0.046636	0.671731	0.673348	1.640111
-0.024063	0.679542	0.679968	1.606192
0.005741	0.679906	0.679930	1.562353
0.024799	0.679232	0.679685	1.534302
0.007351	0.679873	0.679913	1.559984
-0.021925	0.679615	0.679969	1.603046
-0.046803	0.671584	0.673213	1.640374
-0.035911	0.668583	0.669547	1.624457
-0.025050	0.672891	0.673357	1.608006
-0.021673	0.676548	0.676895	1.602820
-0.027429	0.677968	0.678522	1.611232
-0.038625	0.670512	0.671623	1.628338
-0.033407	0.670307	0.671139	1.620593
-0.026406	0.674897	0.675413	1.609903
-0.028338	0.676673	0.677266	1.612650
-0.030215	0.675330	0.676006	1.615508
-0.041574	0.668704	0.669996	1.632888
-0.040067	0.674794	0.675983	1.630103
-0.022477	0.677360	0.677732	1.603967
-0.025862	0.672085	0.672583	1.609257
-0.043796	0.666708	0.668145	1.636392
-0.040969	0.675780	0.677021	1.631347
-0.014912	0.679819	0.679982	1.592728
0.007555	0.679924	0.679966	1.559686
0.028529	0.678891	0.679490	1.528798
0.056489	0.675030	0.677390	1.487307
0.075478	0.667384	0.671639	1.458180
0.059688	0.673914	0.676552	1.482457
0.034403	0.678189	0.679061	1.520112
0.050423	0.675141	0.677021	1.496249
0.065108	0.671679	0.674827	1.474165
0.050166	0.675164	0.677025	1.496630
0.032520	0.678075	0.678854	1.522874
0.008566	0.679658	0.679712	1.558194
0.010262	0.679208	0.679285	1.555689
0.020815	0.677905	0.678224	1.540101
0.007771	0.677725	0.677770	1.559330
-0.015229	0.674493	0.674665	1.593371
-0.029613	0.667647	0.668303	1.615122
-0.049525	0.654986	0.656856	1.646265
-0.070145	0.633330	0.637203	1.681103
-0.087323	0.618536	0.624670	1.711046
-0.099904	0.607190	0.615354	1.733871
-0.114944	0.593515	0.604543	1.762095
-0.136884	0.576757	0.592778	1.803819
-0.155389	0.562640	0.583703	1.840258
-0.175686	0.548381	0.575836	1.880836
-0.193714	0.535144	0.569126	1.918108
-0.206452	0.525841	0.564916	1.944918
-0.218815	0.516373	0.560822	1.971610
-0.235784	0.503754	0.556203	2.008562
-0.251049	0.491523	0.551924	2.043013
-0.272255	0.474576	0.547124	2.091638
-0.291084	0.458484	0.543081	2.136471
-0.310738	0.441352	0.539768	2.184242
-0.327835	0.425219	0.536923	2.227590
-0.344014	0.409363	0.534718	2.269670
-0.358174	0.394314	0.532703	2.308204
-0.374618	0.376160	0.530881	2.354140
-0.389020	0.358895	0.529284	2.396452
-0.400963	0.343747	0.528141	2.432873
-0.411833	0.328893	0.527046	2.467702
-0.423437	0.312667	0.526365	2.505555
-0.433904	0.296817	0.525712	2.541645
-0.442241	0.283343	0.525224	2.571784
-0.450058	0.269764	0.524714	2.601616
-0.439512	0.287746	0.525327	2.561925
-0.427301	0.306693	0.525973	2.519057
-0.413404	0.326797	0.526971	2.472669
-0.397265	0.348079	0.528184	2.422089
-0.380455	0.368987	0.529997	2.371495
-0.370333	0.380715	0.531122	2.342371
-0.359744	0.392264	0.532247	2.312978
-0.346979	0.406143	0.534179	2.277798
-0.332987	0.420345	0.536256	2.240748
-0.313450	0.439045	0.539455	2.190814
-0.290974	0.458915	0.543386	2.135875
-0.302829	0.448694	0.541324	2.164486
-0.314269	0.438250	0.539284	2.192907
-0.334527	0.418749	0.535965	2.244850
-0.348058	0.404927	0.533957	2.280813
-0.360342	0.391430	0.532037	2.314866
-0.378720	0.370804	0.530023	2.366756
-0.394135	0.351815	0.528314	2.412868
-0.407608	0.334224	0.527114	2.454797
-0.419370	0.317495	0.525999	2.493578
-0.430844	0.300617	0.525354	2.532385
-0.441115	0.284206	0.524743	2.569243
-0.448998	0.270650	0.524262	2.599127
-0.456347	0.257038	0.523756	2.628633
-0.464226	0.242183	0.523601	2.660743
-0.471425	0.227405	0.523407	2.692142
-0.482735	0.201459	0.523086	2.746238
-0.473573	0.222430	0.523208	2.702489
-0.462418	0.244999	0.523312	2.654374
-0.471823	0.225971	0.523144	2.694940
-0.479912	0.207751	0.522950	2.733055
-0.486115	0.192410	0.522809	2.764701
-0.491616	0.177295	0.522608	2.795472
-0.499397	0.154759	0.522826	2.841086
-0.505471	0.133995	0.522930	2.882464
-0.510237	0.115503	0.523147	2.918974
-0.513999	0.097940	0.523247	2.953305
-0.510630	0.113256	0.523039	2.923329
-0.506746	0.128575	0.522803	2.893111
-0.501809	0.145846	0.522574	2.858745
-0.495978	0.163623	0.522271	2.822935
-0.501787	0.145432	0.522438	2.859493
-0.506567	0.128057	0.522502	2.893986
-0.510192	0.113074	0.522572	2.923487
-0.513336	0.098070	0.522620	2.952822
-0.517499	0.076211	0.523081	2.995375
-0.520474	0.055653	0.523441	3.035069
-0.522406	0.037932	0.523781	3.069110
-0.523622	0.020799	0.524035	3.101893
-0.520982	0.047130	0.523109	3.051375
-0.523174	0.022291	0.523649	3.099011
-0.524051	-0.000287	0.524051	3.142140
-0.524166	-0.027723	0.524898	3.194433
-0.522970	-0.052390	0.525588	3.241438
-0.521748	-0.059879	0.525173	3.255859
-0.519458	-0.082111	0.525908	3.298365
-0.516441	-0.102428	0.526500	3.337387
-0.513940	-0.117361	0.527170	3.366099
-0.511017	-0.132223	0.527846	3.394785
-0.504883	-0.157744	0.528952	3.444421
-0.505514	-0.152470	0.528007	3.434529
-0.499948	-0.173073	0.529058	3.474862
-0.494000	-0.191965	0.529988	3.512227
-0.484410	-0.219529	0.531833	3.567095
-0.474432	-0.244218	0.533599	3.616977
-0.479010	-0.231359	0.531956	3.591544
-0.470755	-0.250947	0.533465	3.631348
-0.462283	-0.269118	0.534911	3.668783
-0.449172	-0.295363	0.537583	3.723272
-0.436401	-0.318272	0.540132	3.771720
-0.438528	-0.313183	0.538878	3.761764
-0.428946	-0.329434	0.540852	3.796520
-0.419207	-0.344936	0.542877	3.830100
-0.405651	-0.365659	0.546131	3.875187
-0.392512	-0.384376	0.549373	3.916519
-0.397032	-0.376896	0.547435	3.900979
-0.380176	-0.399713	0.551638	3.952037
-0.364448	-0.420273	0.556284	3.998011
-0.349308	-0.438977	0.560996	4.040256
-0.354730	-0.431341	0.558469	4.024144
-0.342713	-0.445931	0.562412	4.057132
-0.330666	-0.460067	0.566570	4.089200
-0.319761	-0.472576	0.570592	4.117518
-0.308825	-0.484872	0.574868	4.145264
-0.311753	-0.480703	0.572944	4.137044
-0.299732	-0.494177	0.577971	4.167183
-0.287714	-0.507464	0.583352	4.196615
-0.277064	-0.519164	0.588469	4.222167
-0.266426	-0.530675	0.593801	4.247102
-0.269988	-0.525898	0.591154	4.238091
-0.258819	-0.538152	0.597155	4.264105
-0.247698	-0.550382	0.603552	4.289495
-0.237760	-0.561583	0.609841	4.311896
-0.227430	-0.572638	0.616148	4.334332
-0.223801	-0.576009	0.617959	4.341802
-0.204383	-0.598123	0.632078	4.383121
-0.184692	-0.620270	0.647183	4.422988
-0.180550	-0.624548	0.650122	4.430972
-0.170244	-0.636807	0.659171	4.451157
-0.159188	-0.648619	0.667868	4.471720
-0.146497	-0.662117	0.678130	4.494641
-0.130283	-0.676604	0.689033	4.522163
-0.111141	-0.687733	0.696655	4.552170
-0.091619	-0.695407	0.701417	4.581394
-0.069834	-0.700549	0.704021	4.613032
-0.049939	-0.704123	0.705892	4.641583
-0.028384	-0.705820	0.706391	4.672196
-0.007630	-0.706412	0.706454	4.701588
0.009502	-0.705385	0.705449	4.725859
0.038135	-0.701591	0.702627	4.766690
0.063351	-0.694092	0.696978	4.803409
0.085849	-0.682502	0.687880	4.837518
0.102108	-0.671244	0.678966	4.863349
0.115498	-0.660883	0.670900	4.885404
0.126728	-0.652014	0.664215	4.904359
0.136265	-0.643944	0.658204	4.920923
0.146734	-0.636157	0.652860	4.939081
0.155126	-0.629057	0.647902	4.954165
0.165305	-0.621677	0.643279	4.972277
0.171696	-0.615794	0.639282	4.984304
0.181447	-0.608835	0.635298	5.002032
0.186245	-0.603986	0.632050	5.011498
0.197563	-0.596620	0.628480	5.032162
0.200574	-0.592840	0.625850	5.038627
0.211342	-0.585821	0.622778	5.058619
0.215373	-0.581509	0.620111	5.067093
0.227139	-0.573847	0.617165	5.089284
0.229840	-0.570368	0.614936	5.095451
0.240704	-0.563208	0.612488	5.116274
0.243751	-0.559571	0.610356	5.123205
0.255373	-0.551866	0.608088	5.145791
0.258177	-0.548479	0.606206	5.152335
0.268399	-0.541415	0.604292	5.172620
0.279359	-0.532465	0.601299	5.195563
0.290401	-0.523598	0.598738	5.218778
0.301024	-0.514583	0.596164	5.241695
0.311941	-0.505505	0.594006	5.265278
0.315256	-0.501540	0.592393	5.273555
0.327782	-0.492041	0.591223	5.300047
0.329732	-0.488986	0.589772	5.305671
0.340952	-0.480096	0.588846	5.329911
0.343374	-0.476661	0.587462	5.336658
0.355696	-0.466661	0.586764	5.363662
0.357988	-0.463365	0.585545	5.370188
0.368149	-0.454572	0.584952	5.393125
0.376705	-0.445776	0.583628	5.414005
0.387022	-0.435608	0.582701	5.438793
0.395103	-0.426772	0.581585	5.459273
0.405113	-0.416305	0.580885	5.484163
0.407265	-0.412708	0.579821	5.491150
0.419032	-0.400926	0.579940	5.519865
0.421189	-0.397335	0.579030	5.526922
0.430443	-0.387342	0.579064	5.550444
0.432504	-0.383652	0.578143	5.557572
0.443110	-0.371850	0.578462	5.585005
0.453824	-0.357806	0.577911	5.615543
0.461097	-0.347558	0.577414	5.637280
0.469946	-0.335395	0.577356	5.663331
0.476622	-0.325148	0.576966	5.684510
0.484932	-0.312760	0.577042	5.710364
0.486914	-0.308472	0.576402	5.718480
0.495583	-0.295706	0.577100	5.745209
0.504420	-0.280348	0.577092	5.775913
0.507657	-0.273945	0.576854	5.788341
0.513851	-0.263156	0.577316	5.809885
0.521732	-0.247498	0.577460	5.840245
0.526584	-0.236847	0.577397	5.860514
0.532918	-0.223430	0.577860	5.886188
0.537097	-0.213062	0.577813	5.905533
0.542714	-0.199764	0.578311	5.930493
0.549627	-0.181612	0.578855	5.964052
0.555288	-0.164991	0.579281	5.994366
0.561048	-0.146669	0.579902	6.027488
0.565657	-0.129950	0.580391	6.057371
0.568211	-0.118958	0.580529	6.076810
0.571740	-0.104633	0.581235	6.102181
0.573560	-0.094548	0.581301	6.119811
0.576409	-0.080528	0.582007	6.144378
0.579579	-0.061236	0.582805	6.177919
0.581805	-0.043746	0.583447	6.208137
0.583758	-0.024526	0.584273	6.241196
0.584922	-0.007014	0.584964	6.271195
0.585079	0.002611	0.585085	6.287649
0.585767	0.017756	0.586036	6.313489
0.585442	0.025874	0.586014	6.327352
0.585532	0.040250	0.586914	6.351818
0.584809	0.060665	0.587947	6.386550
0.583479	0.078651	0.588756	6.417175
0.581487	0.098798	0.589820	6.451484
0.579041	0.116708	0.590685	6.482075
0.577433	0.124837	0.590774	6.496102
0.575021	0.140506	0.591938	6.522838
0.573567	0.144920	0.591592	6.530671
0.570522	0.161491	0.592937	6.559028
0.565825	0.181065	0.594089	6.592889
0.560944	0.198668	0.595086	6.623569
0.555078	0.217789	0.596275	6.657085
0.549130	0.235039	0.597317	6.687611
0.546370	0.241365	0.597308	6.699166
0.540387	0.257968	0.598804	6.728571
0.538120	0.262055	0.598536	6.736366
0.531671	0.278145	0.600032	6.765183
0.522953	0.296975	0.601394	6.799653
0.514413	0.313824	0.602583	6.830970
0.504625	0.331843	0.603959	6.864887
0.494982	0.348237	0.605208	6.896279
0.491466	0.353079	0.605147	6.906167
0.481605	0.369307	0.606903	6.937368
0.478213	0.373535	0.606808	6.946298
0.468761	0.387734	0.608337	6.974262
0.457446	0.403045	0.609674	7.005447
0.445986	0.417649	0.611011	7.035784
0.433820	0.432198	0.612368	7.066710
0.421511	0.446088	0.613732	7.096903
0.413056	0.454906	0.614455	7.116761
0.400999	0.467520	0.615934	7.145026
0.392810	0.475236	0.616562	7.163256
0.380815	0.486668	0.617953	7.190006
0.366544	0.499292	0.619392	7.220717
0.352027	0.511422	0.620867	7.251131
0.337269	0.522960	0.622284	7.281184
0.321859	0.534356	0.623802	7.311850
0.314052	0.539487	0.624239	7.326805
0.297729	0.550776	0.626097	7.358413
0.291949	0.553984	0.626205	7.368969
0.274891	0.564791	0.628135	7.401020
0.259961	0.573236	0.629427	7.428223
0.242469	0.582684	0.631120	7.459653
0.227856	0.589841	0.632321	7.485340
0.209738	0.598355	0.634049	7.516840
0.195376	0.604409	0.635203	7.541332
0.176220	0.612193	0.637051	7.573708
0.162226	0.617168	0.638133	7.596941
0.143168	0.623712	0.639932	7.628349
0.128780	0.627980	0.641049	7.651715
0.108767	0.633674	0.642941	7.683993
0.095156	0.636875	0.643944	7.705668
0.075337	0.641378	0.645788	7.737056
0.061033	0.643991	0.646876	7.759491
0.040293	0.647569	0.648821	7.791839
0.026827	0.649251	0.649805	7.812686
0.006757	0.651618	0.651653	7.843612
-0.007554	0.652691	0.652735	7.865555
-0.028699	0.654068	0.654697	7.897832
-0.040103	0.654203	0.655431	7.915206
-0.062171	0.654564	0.657510	7.948678
-0.078756	0.654088	0.658812	7.973810
-0.101890	0.653043	0.660944	8.008757
-0.117733	0.651620	0.662170	8.032731
-0.140131	0.649271	0.664221	8.066550
-0.156643	0.646834	0.665531	8.091577
-0.179733	0.643017	0.667663	8.126540
-0.195410	0.639718	0.668898	8.150442
-0.217352	0.634735	0.670917	8.183897
-0.229714	0.631315	0.671808	8.202955
-0.254347	0.624390	0.674207	8.240810
-0.265284	0.620642	0.674961	8.257913
-0.288655	0.612658	0.677252	8.294285
-0.300395	0.607962	0.678126	8.312900
-0.324425	0.598232	0.680539	8.350899
-0.335505	0.593052	0.681377	8.368819
-0.357214	0.582796	0.683559	8.403855
-0.372833	0.574584	0.684946	8.429566
-0.394709	0.562499	0.687168	8.465852
-0.407157	0.554857	0.688217	8.487037
-0.429326	0.540884	0.690562	8.524900
-0.442113	0.531974	0.691708	8.547389
-0.464342	0.515980	0.694153	8.586754
-0.474954	0.507503	0.695083	8.606262
-0.496075	0.490317	0.697497	8.645217
-0.507420	0.480198	0.698617	8.666936
-0.526793	0.462371	0.700926	8.704417
-0.537194	0.451914	0.702000	8.725387
-0.553996	0.434511	0.704067	8.759670
-0.564660	0.422545	0.705256	8.782355
-0.581434	0.403013	0.707450	8.818673
-0.593686	0.387604	0.709013	8.846383
-0.605520	0.371827	0.710570	8.874083
-0.615008	0.358251	0.711744	8.897315
-0.623583	0.345756	0.713024	8.918513
-0.631904	0.333058	0.714304	8.939710
-0.640236	0.319272	0.715428	8.962187
-0.654595	0.294496	0.717790	9.002015
-0.662516	0.279312	0.718987	9.025796
-0.669465	0.265645	0.720244	9.047032
-0.676131	0.251808	0.721499	9.068267
-0.682930	0.236339	0.722668	9.091613
-0.693874	0.209961	0.724945	9.130944
-0.701413	0.189613	0.726590	9.160759
-0.708343	0.169010	0.728227	9.190558
-0.714262	0.149489	0.729738	9.218464
-0.719636	0.129769	0.731243	9.246369
-0.724781	0.108522	0.732860	9.276151
-0.729290	0.087083	0.734471	9.305932
-0.732912	0.066862	0.735955	9.333802
-0.735965	0.046513	0.737433	9.361661
-0.738294	0.026887	0.738783	9.388376
-0.740994	-0.002661	0.740998	9.428369
-0.742202	-0.026172	0.742663	9.460026
-0.742652	-0.049753	0.744317	9.491671
-0.742321	-0.074632	0.746063	9.524981
-0.741144	-0.099522	0.747796	9.558261
-0.739241	-0.123057	0.749413	9.589730
-0.736580	-0.146557	0.751019	9.621183
-0.733246	-0.169571	0.752598	9.652044
-0.729186	-0.192500	0.754167	9.682882
-0.724654	-0.214159	0.755637	9.712131
-0.719473	-0.235701	0.757097	9.741362
-0.713307	-0.258322	0.758642	9.772233
-0.706428	-0.280765	0.760177	9.803078
-0.699233	-0.301873	0.761613	9.832327
-0.691403	-0.322786	0.763040	9.861561
-0.681442	-0.347022	0.764714	9.895795
-0.670630	-0.370926	0.766375	9.929998
-0.659497	-0.393439	0.767939	9.962675
-0.647614	-0.415585	0.769490	9.995308
-0.634328	-0.438462	0.771117	10.029589
-0.620244	-0.460880	0.772730	10.063824
-0.606075	-0.481802	0.774248	10.096435
-0.591210	-0.502257	0.775752	10.129006
-0.576902	-0.520695	0.777135	10.159011
-0.562026	-0.538705	0.778509	10.188993
-0.547216	-0.555575	0.779813	10.217756
-0.531908	-0.572018	0.781109	10.246494
-0.515525	-0.588605	0.782446	10.276268
-0.498638	-0.604700	0.783774	10.306010
-0.481856	-0.619762	0.785042	10.334713
-0.464630	-0.634342	0.786302	10.363393
-0.443851	-0.650841	0.787780	10.397055
-0.422510	-0.666629	0.789246	10.430672
-0.401618	-0.681023	0.790626	10.462742
-0.380261	-0.694735	0.791995	10.494770
-0.357496	-0.708314	0.793418	10.528163
-0.334272	-0.721120	0.794828	10.561514
-0.311613	-0.732647	0.796162	10.593428
-0.288589	-0.743436	0.797484	10.625297
-0.266102	-0.753120	0.798749	10.655933
-0.243315	-0.762106	0.800005	10.686536
-0.220995	-0.770126	0.801207	10.716124
-0.198432	-0.777477	0.802400	10.745683
-0.174888	-0.784363	0.803624	10.776195
-0.151132	-0.790521	0.804839	10.806673
-0.127909	-0.795789	0.806003	10.836205
-0.104533	-0.800362	0.807159	10.865703
-0.077752	-0.804720	0.808468	10.899254
-0.050847	-0.808165	0.809763	10.932741
-0.024797	-0.810617	0.810996	10.964993
0.001322	-0.812218	0.812219	10.997201
0.028376	-0.812980	0.813475	11.030463
0.055438	-0.812832	0.814720	11.063672
0.081482	-0.811824	0.815903	11.095608
0.107480	-0.809976	0.817076	11.127499
0.131572	-0.807508	0.818157	11.157091
0.155578	-0.804321	0.819230	11.186642
0.179207	-0.800466	0.820282	11.215821
0.202716	-0.795916	0.821326	11.244967
0.226223	-0.790638	0.822366	11.274256
0.249566	-0.784666	0.823398	11.303510
0.272491	-0.778077	0.824412	11.332437
0.295216	-0.770820	0.825419	11.361331
0.319420	-0.762274	0.826493	11.392383
0.343334	-0.752977	0.827558	11.423381
0.366495	-0.743134	0.828593	11.453747
0.389338	-0.732587	0.829619	11.484070
0.412195	-0.721164	0.830652	11.514826
0.434681	-0.709039	0.831676	11.545539
0.456406	-0.696446	0.832673	11.575692
0.477735	-0.683200	0.833662	11.605804
0.499290	-0.668871	0.834673	11.636810
0.520380	-0.653879	0.835675	11.667771
0.540654	-0.638496	0.836651	11.698186
0.560443	-0.622502	0.837619	11.728558
0.580066	-0.605609	0.838593	11.759434
0.599148	-0.588118	0.839560	11.790262
0.617427	-0.570289	0.840503	11.820640
0.635146	-0.551915	0.841440	11.850973
0.651842	-0.533517	0.842341	11.880465
0.667977	-0.514639	0.843236	11.909913
0.683386	-0.495493	0.844115	11.939026
0.698221	-0.475911	0.844987	11.968097
0.712491	-0.455875	0.845852	11.997177
0.726162	-0.435438	0.846710	12.026214
0.739160	-0.414724	0.847558	12.055064
0.751547	-0.393648	0.848400	12.083877
0.763351	-0.372152	0.849236	12.112753
0.774521	-0.350330	0.850067	12.141591
0.785079	-0.328137	0.850895	12.170472
0.794983	-0.305654	0.851718	12.199316
0.804130	-0.283137	0.852521	12.227823
0.812624	-0.260374	0.853319	12.256295
0.820492	-0.237286	0.854115	12.284852
0.827691	-0.213989	0.854906	12.313373
0.833923	-0.191594	0.855649	12.340539
0.839537	-0.169045	0.856387	12.367673
0.844647	-0.145813	0.857141	12.395424
0.849105	-0.122457	0.857889	12.423139
0.852789	-0.099744	0.858602	12.449937
0.855858	-0.076947	0.859311	12.476705
0.858383	-0.053356	0.860040	12.504292
0.860251	-0.029714	0.860764	12.531843
0.861487	-0.005256	0.861503	12.560269
0.862023	0.019213	0.862237	12.588655
0.861858	0.043840	0.862972	12.617193
0.860986	0.068436	0.863701	12.645690
0.859421	0.092799	0.864416	12.673933
0.857165	0.117093	0.865126	12.702135
0.854208	0.141424	0.865836	12.730444
0.850562	0.165646	0.866542	12.758712
0.846437	0.188650	0.867205	12.785662
0.841692	0.211526	0.867865	12.812582
0.836162	0.234949	0.868543	12.840293
0.829984	0.258198	0.869218	12.867969
0.823450	0.280316	0.869854	12.894482
0.816331	0.302245	0.870487	12.920969
0.808344	0.324762	0.871143	12.948395
0.799743	0.347040	0.871794	12.975789
0.790976	0.368035	0.872406	13.001869
0.781665	0.388786	0.873015	13.027921
0.771439	0.410047	0.873646	13.054927
0.760643	0.431016	0.874273	13.081904
0.749785	0.450785	0.874863	13.107686
0.738422	0.470261	0.875450	13.133443
0.726114	0.490138	0.876058	13.160131
0.713284	0.509670	0.876662	13.186788
0.700774	0.527665	0.877220	13.211773
0.687818	0.545337	0.877774	13.236737
0.673817	0.563449	0.878353	13.262802
0.659352	0.581182	0.878929	13.288839
0.645302	0.597527	0.879462	13.313347
0.630856	0.613519	0.879991	13.337838
0.615067	0.630137	0.880556	13.363871
0.598856	0.646330	0.881119	13.389877
0.582352	0.661970	0.881668	13.415666
0.565456	0.677172	0.882215	13.441431
0.547558	0.692445	0.882780	13.468085
0.529268	0.707227	0.883343	13.494709
0.511385	0.720915	0.883874	13.520189
0.493164	0.734137	0.884402	13.545647
0.473993	0.747305	0.884949	13.571930
0.454490	0.759958	0.885493	13.598185
0.436099	0.771228	0.885988	13.622531
0.417443	0.782043	0.886482	13.646858
0.397166	0.793129	0.887014	13.672913
0.376614	0.803677	0.887544	13.698942
0.357436	0.812909	0.888022	13.722911
0.338046	0.821677	0.888498	13.746863
0.316975	0.830585	0.889013	13.772598
0.295688	0.838943	0.889526	13.798309
0.276014	0.846104	0.889987	13.821835
0.256178	0.852799	0.890446	13.845346
0.234854	0.859427	0.890938	13.870411
0.213378	0.865514	0.891429	13.895454
0.193365	0.870660	0.891873	13.918624
0.173240	0.875338	0.892316	13.941780
0.151535	0.879840	0.892795	13.966610
0.129732	0.883800	0.893271	13.991419
0.109958	0.886900	0.893690	14.013816
0.090121	0.889555	0.894108	14.036201
0.068094	0.891981	0.894577	14.060974
0.046021	0.893859	0.895043	14.085727
0.026146	0.895069	0.895451	14.107964
0.006250	0.895836	0.895858	14.130190
-0.015750	0.896173	0.896311	14.154740
-0.037745	0.895968	0.896763	14.179270
-0.058325	0.895278	0.897176	14.202222
-0.078881	0.894114	0.897587	14.225162
-0.101208	0.892317	0.898038	14.250106
-0.123475	0.889963	0.898488	14.275029
-0.143597	0.887341	0.898885	14.297604
-0.163652	0.884265	0.899281	14.320168
-0.185497	0.880389	0.899718	14.344828
-0.207231	0.875975	0.900154	14.369468
-0.226775	0.871518	0.900539	14.391729
-0.246212	0.866626	0.900923	14.413978
-0.267118	0.860851	0.901342	14.438042
-0.287873	0.854576	0.901760	14.462088
-0.306652	0.848415	0.902133	14.483998
-0.325292	0.841844	0.902506	14.505898
-0.345422	0.834230	0.902915	14.529736
-0.365360	0.826139	0.903323	14.553557
-0.383910	0.818103	0.903703	14.575929
-0.402274	0.809654	0.904081	14.598289
-0.420379	0.800826	0.904456	14.620561
-0.438282	0.791598	0.904830	14.642822
-0.455843	0.782044	0.905200	14.664908
-0.473188	0.772105	0.905568	14.686984
-0.490253	0.761818	0.905933	14.708981
-0.507087	0.751157	0.906297	14.730968
-0.523613	0.740173	0.906657	14.752855
-0.539893	0.728830	0.907016	14.774732
-0.555872	0.717169	0.907372	14.796534
-0.571591	0.705162	0.907727	14.818327
-0.587005	0.692844	0.908079	14.840057
-0.602147	0.680194	0.908430	14.861777
-0.616951	0.667269	0.908777	14.883404
-0.631471	0.654026	0.909124	14.905021
-0.645927	0.640252	0.909475	14.926977
-0.660075	0.626165	0.909825	14.948922
-0.673854	0.611827	0.910171	14.970772
-0.687316	0.597191	0.910517	14.992613
-0.700348	0.582387	0.910858	15.014268
-0.713056	0.567304	0.911198	15.035914
-0.725386	0.552006	0.911535	15.057470
-0.737384	0.536446	0.911871	15.079019
-0.748928	0.520788	0.912202	15.100347
-0.760136	0.504885	0.912533	15.121668
-0.770964	0.488803	0.912860	15.142907
-0.781447	0.472494	0.913187	15.164139
-0.791509	0.456084	0.913509	15.185213
-0.801223	0.439464	0.913831	15.206279
-0.810554	0.422697	0.914150	15.227271
-0.819530	0.405737	0.914468	15.248255
-0.828015	0.388862	0.914780	15.268905
-0.836151	0.371813	0.915092	15.289548
-0.843909	0.354649	0.915401	15.310127
-0.851313	0.337326	0.915709	15.330700
-0.858313	0.319967	0.916013	15.351135
-0.864956	0.302468	0.916317	15.371563
-0.871224	0.284880	0.916618	15.391935
-0.877132	0.267167	0.916918	15.412300
-0.882692	0.249282	0.917217	15.432720
-0.887885	0.231287	0.917515	15.453134
-0.892692	0.213252	0.917811	15.473471
-0.897131	0.195122	0.918105	15.493803
-0.901181	0.176991	0.918397	15.514033
-0.904862	0.158780	0.918688	15.534257
-0.908163	0.140559	0.918976	15.554408
-0.911096	0.122274	0.919264	15.574555
-0.913658	0.103929	0.919550	15.594700
-0.915851	0.085535	0.919837	15.614840
-0.917666	0.067159	0.920120	15.634909
-0.919112	0.048748	0.920404	15.654975
-0.920180	0.030457	0.920684	15.674876
-0.920884	0.012149	0.920964	15.694772
-0.921222	-0.006117	0.921243	15.714603
-0.921198	-0.024386	0.921521	15.734430
-0.920816	-0.042500	0.921796	15.754085
-0.920078	-0.060603	0.922071	15.773735
-0.918986	-0.078639	0.922345	15.793327
-0.917541	-0.096652	0.922618	15.812914
-0.915758	-0.114501	0.922888	15.832352
-0.913627	-0.132314	0.923159	15.851786
-0.911156	-0.150040	0.923427	15.871168
-0.908342	-0.167716	0.923696	15.890546
-0.905204	-0.185240	0.923963	15.909815
-0.901727	-0.202702	0.924230	15.929081
-0.897922	-0.220060	0.924495	15.948304
-0.893784	-0.237344	0.924760	15.967523
-0.889330	-0.254480	0.925023	15.986663
-0.884549	-0.271528	0.925286	16.005801
-0.879457	-0.288434	0.925548	16.024878
-0.874043	-0.305242	0.925809	16.043952
-0.868277	-0.322025	0.926070	16.063115
-0.862191	-0.338696	0.926331	16.082275
-0.855803	-0.355202	0.926589	16.101377
-0.849101	-0.371585	0.926848	16.120476
-0.842134	-0.387728	0.927105	16.139442
-0.834861	-0.403739	0.927361	16.158405
-0.827305	-0.419569	0.927616	16.177316
-0.819449	-0.435255	0.927871	16.196224
-0.811461	-0.450487	0.928120	16.214756
-0.803190	-0.465570	0.928369	16.233286
-0.794660	-0.480464	0.928617	16.251770
-0.785855	-0.495199	0.928865	16.270250
-0.776838	-0.509675	0.929110	16.288608
-0.767555	-0.523986	0.929355	16.306962
-0.758032	-0.538092	0.929600	16.325272
-0.748251	-0.552023	0.929843	16.343578
-0.738281	-0.565685	0.930085	16.361764
-0.728062	-0.579166	0.930327	16.379948
-0.717620	-0.592434	0.930567	16.398093
-0.706936	-0.605511	0.930808	16.416236
-0.696079	-0.618321	0.931046	16.434272
-0.684990	-0.630936	0.931285	16.452308
-0.673692	-0.643329	0.931522	16.470311
-0.662171	-0.655519	0.931759	16.488313
-0.650367	-0.667565	0.931998	16.506410
-0.638344	-0.679398	0.932236	16.524506
-0.626133	-0.690988	0.932473	16.542561
-0.613713	-0.702357	0.932711	16.560615
-0.601077	-0.713510	0.932947	16.578681
-0.588240	-0.724434	0.933183	16.596744
-0.575234	-0.735102	0.933418	16.614767
-0.562036	-0.745536	0.933653	16.632787
-0.548662	-0.755722	0.933887	16.650790
-0.535104	-0.765666	0.934120	16.668790
-0.521394	-0.775347	0.934353	16.686753
-0.507510	-0.784782	0.934585	16.704715
-0.493526	-0.793922	0.934816	16.722587
-0.479379	-0.802813	0.935047	16.740458
-0.465096	-0.811436	0.935277	16.758296
-0.450660	-0.819804	0.935506	16.776134
-0.436538	-0.827661	0.935729	16.793404
-0.422281	-0.835273	0.935950	16.810674
-0.407919	-0.842626	0.936171	16.827909
-0.393430	-0.849731	0.936392	16.845143
-0.378883	-0.856557	0.936612	16.862300
-0.364218	-0.863133	0.936831	16.879457
-0.349463	-0.869447	0.937050	16.896584
-0.334600	-0.875508	0.937268	16.913711
-0.319750	-0.881270	0.937485	16.930702
-0.304802	-0.886780	0.937701	16.947693
-0.289778	-0.892029	0.937916	16.964661
-0.274664	-0.897023	0.938132	16.981629
-0.259505	-0.901748	0.938346	16.998551
-0.244266	-0.906217	0.938560	17.015472
-0.228966	-0.910424	0.938774	17.032376
-0.213593	-0.914371	0.938987	17.049279
-0.198000	-0.918095	0.939203	17.066349
-0.182342	-0.921551	0.939418	17.083418
-0.166652	-0.924736	0.939632	17.100457
-0.150907	-0.927652	0.939847	17.117496
-0.135019	-0.930314	0.940061	17.134633
-0.119086	-0.932704	0.940276	17.151769
-0.103135	-0.934818	0.940490	17.168878
-0.087147	-0.936660	0.940705	17.185986
-0.071227	-0.938219	0.940919	17.202988
-0.055279	-0.939508	0.941133	17.219989
-0.039328	-0.940526	0.941347	17.236970
-0.023358	-0.941272	0.941562	17.253949
-0.007445	-0.941747	0.941776	17.270855
0.008477	-0.941953	0.941991	17.287759
0.024390	-0.941890	0.942206	17.304649
0.040302	-0.941559	0.942421	17.321537
0.055752	-0.940980	0.942630	17.337940
0.071195	-0.940148	0.942840	17.354342
0.086601	-0.939064	0.943049	17.370720
0.101992	-0.937729	0.943259	17.387098
0.117335	-0.936144	0.943469	17.403448
0.132654	-0.934310	0.943680	17.419797
0.147926	-0.932227	0.943890	17.436128
0.163166	-0.929894	0.944101	17.452459
0.178216	-0.927341	0.944310	17.468625
0.193226	-0.924543	0.944519	17.484790
0.208183	-0.921506	0.944729	17.500946
0.223092	-0.918226	0.944939	17.517101
0.237964	-0.914702	0.945149	17.533272
0.252780	-0.910938	0.945360	17.549443
0.267524	-0.906938	0.945571	17.565600
0.282205	-0.902699	0.945782	17.581757
0.296879	-0.898203	0.945995	17.597981
0.311482	-0.893469	0.946207	17.614205
0.325996	-0.888503	0.946420	17.630414
0.340431	-0.883302	0.946634	17.646623
0.354902	-0.877820	0.946849	17.662966
0.369284	-0.872101	0.947064	17.679309
0.383565	-0.866151	0.947280	17.695643
0.397751	-0.859967	0.947496	17.711975
0.411740	-0.853596	0.947711	17.728196
0.425628	-0.846997	0.947926	17.744416
0.439408	-0.840175	0.948142	17.760635
0.453080	-0.833128	0.948358	17.776853
0.466630	-0.825863	0.948575	17.793062
0.480064	-0.818379	0.948792	17.809270
0.493373	-0.810680	0.949010	17.825473
0.506558	-0.802765	0.949227	17.841674
0.519294	-0.794840	0.949441	17.857473
0.531906	-0.786714	0.949654	17.873272
0.556722	-0.769881	0.950083	17.904839
0.568943	-0.761164	0.950298	17.920637
0.581028	-0.752252	0.950514	17.936434
0.592969	-0.743153	0.950730	17.952225
0.604766	-0.733864	0.950946	17.968015
0.627610	-0.714995	0.951374	17.999164
0.649871	-0.695411	0.951803	18.030319
0.671664	-0.674999	0.952237	18.061681
0.692812	-0.653910	0.952673	18.093036
0.713254	-0.632206	0.953108	18.124323
0.733015	-0.609866	0.953545	18.155608
0.742735	-0.598343	0.953766	18.171413
0.752274	-0.586665	0.953987	18.187219
0.761634	-0.574830	0.954210	18.203033
0.770808	-0.562846	0.954432	18.218846
0.788439	-0.538657	0.954875	18.250198
0.805333	-0.513884	0.955321	18.281591
0.813514	-0.501262	0.955546	18.297332
0.821496	-0.488509	0.955770	18.313074
0.829281	-0.475627	0.955996	18.328819
0.836864	-0.462620	0.956221	18.344564
0.851177	-0.436703	0.956667	18.375516
0.864679	-0.410361	0.957113	18.406448
0.877445	-0.383431	0.957564	18.437577
0.889371	-0.356107	0.958015	18.468702
0.900310	-0.328779	0.958464	18.499418
0.910416	-0.301094	0.958913	18.530158
0.919652	-0.273157	0.959362	18.560833
0.928035	-0.244926	0.959811	18.591521
0.935588	-0.216292	0.960264	18.622365
0.942267	-0.187412	0.960724	18.653223
0.948056	-0.158355	0.961190	18.684052
0.952962	-0.129078	0.961664	18.714926
0.956970	-0.099668	0.962147	18.745781
0.960087	-0.070047	0.962639	18.776726
0.962299	-0.040279	0.963141	18.807723
0.963596	-0.010378	0.963652	18.838786
0.963975	0.019491	0.964172	18.869773
0.963434	0.049349	0.964697	18.900733
0.961980	0.079093	0.965226	18.931590
0.959615	0.108790	0.965762	18.962443
0.956366	0.138226	0.966304	18.993094
0.952216	0.167598	0.966853	19.023780
0.947170	0.196843	0.967408	19.054462
0.941219	0.225998	0.967971	19.085207
0.934378	0.254975	0.968542	19.115952
0.926644	0.283777	0.969123	19.146729
0.918033	0.312342	0.969712	19.177501
0.908521	0.340731	0.970314	19.208361
0.898127	0.368871	0.970927	19.239262
0.892571	0.382917	0.971240	19.254813
0.886794	0.396878	0.971554	19.270364
0.880759	0.410859	0.971875	19.286032
0.874503	0.424747	0.972197	19.301699
0.867964	0.438684	0.972525	19.317528
0.861203	0.452519	0.972854	19.333356
0.854184	0.466332	0.973188	19.349276
0.846943	0.480035	0.973522	19.365195
0.839490	0.493610	0.973855	19.381096
0.831819	0.507068	0.974188	19.396997
0.823955	0.520369	0.974519	19.412852
0.815879	0.533548	0.974850	19.428706
0.807596	0.546593	0.975180	19.444551
0.799105	0.559508	0.975509	19.460395
0.790449	0.572232	0.975838	19.476164
0.781591	0.584820	0.976166	19.491932
0.772527	0.597277	0.976493	19.507708
0.763264	0.609593	0.976820	19.523483
0.753806	0.621762	0.977145	19.539255
0.744155	0.633783	0.977470	19.555026
0.734277	0.645692	0.977794	19.570848
0.724210	0.657446	0.978118	19.586670
0.714009	0.668980	0.978439	19.602407
0.703624	0.680356	0.978760	19.618143
0.693083	0.691544	0.979080	19.633843
0.682364	0.702569	0.979399	19.649542
0.671516	0.713381	0.979718	19.665174
0.660498	0.724025	0.980036	19.680806
0.649339	0.734485	0.980362	19.696406
0.638017	0.744781	0.980696	19.712010
0.626577	0.754891	0.981050	19.727571
0.614978	0.764825	0.981405	19.743131
0.603176	0.774655	0.981790	19.758774
0.591217	0.784303	0.982176	19.774416
0.578972	0.793910	0.982599	19.790253
0.566571	0.803325	0.983023	19.806090
0.553616	0.812880	0.983496	19.822454
0.540502	0.822224	0.983969	19.838816
0.526839	0.831645	0.984476	19.855671
0.513014	0.840838	0.984983	19.872523
0.499058	0.849783	0.985490	19.889340
0.484949	0.858494	0.985996	19.906154
0.470739	0.866943	0.986501	19.922909
0.456384	0.875155	0.987007	19.939661
0.441916	0.883113	0.987512	19.956379
0.427312	0.890831	0.988016	19.973094
0.412648	0.898273	0.988521	19.989726
0.397858	0.905472	0.989025	20.006354
0.382972	0.912413	0.989528	20.022949
0.367968	0.919109	0.990031	20.039542
0.352856	0.925554	0.990534	20.056124
0.337597	0.931763	0.991037	20.072743
0.322080	0.937770	0.991539	20.089521
0.306460	0.943518	0.992040	20.106296
