time = 15.0499	Re = 1	40	80
0.156263	0.130122	0.203347	0.694372
0.176487	0.108224	0.207027	0.550078
0.192275	0.086757	0.210942	0.423862
0.204908	0.065017	0.214975	0.307249
0.214938	0.042286	0.219058	0.194256
0.222291	0.018606	0.223068	0.083508
0.226906	-0.000506	0.226907	-0.002228
0.229943	-0.019820	0.230795	-0.085984
0.232112	-0.035667	0.234837	-0.152471
0.233197	-0.051869	0.238896	-0.218863
0.234710	-0.076678	0.246917	-0.315762
0.235064	-0.099214	0.255144	-0.399387
0.240397	-0.125922	0.271380	-0.482512
0.254940	-0.131092	0.286669	-0.474950
0.275584	-0.120179	0.300649	-0.411225
0.287242	-0.108306	0.306982	-0.360572
0.298492	-0.095094	0.313273	-0.308417
0.309981	-0.075116	0.318952	-0.237741
0.319924	-0.054519	0.324536	-0.168790
0.328236	-0.029739	0.329581	-0.090356
0.334257	-0.002330	0.334265	-0.006970
0.337382	0.027354	0.338489	0.080899
0.337295	0.056688	0.342025	0.166511
0.335787	0.072212	0.343464	0.211828
0.333520	0.087687	0.344855	0.257096
0.330256	0.102482	0.345791	0.300889
0.326312	0.117151	0.346704	0.344685
0.321209	0.131944	0.347253	0.389759
0.315296	0.146415	0.347634	0.434743
0.308730	0.160095	0.347770	0.478384
0.301465	0.173442	0.347798	0.522083
0.292928	0.187499	0.347797	0.569373
0.283565	0.200815	0.347470	0.616195
0.273813	0.213889	0.347450	0.663140
0.263256	0.226292	0.347149	0.710034
0.251165	0.240466	0.347718	0.763638
0.238695	0.253883	0.348471	0.816222
0.225012	0.268744	0.350505	0.873738
0.211252	0.283688	0.353704	0.930720
0.196286	0.301434	0.359709	0.993598
0.181327	0.319763	0.367597	1.054944
0.166579	0.344366	0.382540	1.120252
0.152174	0.369815	0.399901	1.180427
0.145074	0.390799	0.416857	1.215340
0.139565	0.412543	0.435511	1.244578
0.131912	0.436489	0.455987	1.277313
0.125833	0.463053	0.479845	1.305458
0.123805	0.482968	0.498584	1.319857
0.122065	0.502622	0.517232	1.332552
0.118296	0.523844	0.537035	1.348699
0.112658	0.543750	0.555298	1.366499
0.105679	0.564780	0.574582	1.385821
0.100881	0.592337	0.600866	1.402105
0.099328	0.614197	0.622177	1.410464
0.099823	0.627590	0.635480	1.413061
0.101339	0.639615	0.647593	1.413664
0.102451	0.646843	0.654906	1.413715
0.094698	0.670510	0.677165	1.430492
0.085284	0.668701	0.674117	1.443945
0.060185	0.678289	0.680954	1.482298
0.075318	0.672453	0.676658	1.459256
0.089745	0.667537	0.673542	1.437156
0.086067	0.663330	0.668890	1.441768
0.066967	0.672463	0.675789	1.471539
0.044910	0.680270	0.681750	1.504873
0.062683	0.673925	0.676834	1.478051
0.078755	0.666444	0.671081	1.453170
0.094942	0.661569	0.668347	1.428259
0.084193	0.669231	0.674507	1.445648
0.100272	0.659837	0.667412	1.419986
0.091497	0.658344	0.664672	1.432700
0.081945	0.663800	0.668839	1.447969
0.064128	0.673365	0.676411	1.475848
0.044215	0.678625	0.680064	1.505735
0.021332	0.681935	0.682269	1.539525
0.042873	0.678826	0.680179	1.507723
0.062158	0.674135	0.676994	1.478853
0.079271	0.665224	0.669931	1.452191
0.090011	0.659197	0.665314	1.435089
0.097881	0.654439	0.661719	1.422332
0.077839	0.675069	0.679542	1.455997
0.091937	0.666083	0.672398	1.433636
0.099590	0.668096	0.675478	1.422820
0.098408	0.648112	0.655540	1.420109
0.095624	0.653509	0.660468	1.425503
0.087224	0.660566	0.666300	1.439511
0.065884	0.671974	0.675196	1.473063
0.050985	0.676188	0.678107	1.495538
0.034584	0.679910	0.680789	1.519975
0.009937	0.681260	0.681333	1.556211
-0.018542	0.681062	0.681314	1.598014
-0.002022	0.681307	0.681310	1.573764
0.013135	0.681177	0.681303	1.551516
0.029092	0.680167	0.680789	1.528051
0.045070	0.678709	0.680204	1.504489
0.068587	0.670443	0.673942	1.468850
0.085762	0.661108	0.666648	1.441792
0.093187	0.653631	0.660240	1.429183
0.096764	0.650119	0.657281	1.423041
0.100873	0.650217	0.657995	1.416886
0.086880	0.672024	0.677616	1.442228
0.088762	0.665536	0.671429	1.438209
0.068739	0.672608	0.676112	1.468952
0.080724	0.673522	0.678342	1.451511
0.091625	0.665156	0.671437	1.433908
0.076692	0.668841	0.673223	1.456631
0.055331	0.678343	0.680596	1.489409
0.070833	0.673222	0.676938	1.465968
0.084959	0.669256	0.674627	1.444526
0.075723	0.677284	0.681504	1.459455
0.094527	0.661644	0.668362	1.428889
0.097942	0.647680	0.655043	1.420714
0.095033	0.649217	0.656135	1.425447
0.090987	0.656767	0.663040	1.433134
0.074047	0.668083	0.672174	1.460412
0.057671	0.674490	0.676951	1.485500
0.036518	0.679597	0.680577	1.517114
0.009137	0.680865	0.680926	1.557377
-0.007398	0.680758	0.680799	1.581663
-0.027714	0.680099	0.680663	1.611523
-0.046034	0.672794	0.674368	1.639113
-0.049459	0.666720	0.668552	1.644844
-0.048179	0.663549	0.665295	1.643277
-0.048783	0.661065	0.662863	1.644457
-0.059926	0.653351	0.656093	1.662261
-0.049284	0.660860	0.662696	1.645234
-0.035394	0.668387	0.669324	1.623701
-0.048371	0.664582	0.666340	1.643452
-0.048464	0.671586	0.673333	1.642835
-0.034334	0.678837	0.679705	1.621331
-0.007173	0.680811	0.680848	1.581332
0.013936	0.680646	0.680788	1.550324
0.034838	0.679513	0.680406	1.519572
0.051906	0.675774	0.677764	1.494137
0.066853	0.671487	0.674807	1.471564
0.087742	0.660123	0.665929	1.438653
0.095593	0.652532	0.659497	1.425335
0.095158	0.642228	0.649239	1.423698
0.098419	0.644770	0.652239	1.419323
0.094197	0.669687	0.676279	1.431054
0.086437	0.666689	0.672269	1.441865
0.070400	0.673276	0.676947	1.466612
0.053026	0.680379	0.682442	1.493018
0.074057	0.671481	0.675553	1.460951
0.090002	0.666697	0.672745	1.436611
0.081255	0.665539	0.670481	1.449308
0.064716	0.673320	0.676423	1.474976
0.046593	0.679875	0.681470	1.502371
0.066687	0.672212	0.675512	1.471915
0.084272	0.663357	0.668689	1.444434
0.095713	0.660096	0.666999	1.426801
0.088623	0.671621	0.677443	1.439601
0.081897	0.675447	0.680393	1.450137
0.091416	0.661897	0.668180	1.433552
0.075152	0.670088	0.674289	1.459111
0.053420	0.680869	0.682961	1.492498
0.073921	0.672271	0.676323	1.461279
0.089610	0.667660	0.673646	1.437379
0.101686	0.658614	0.666417	1.417612
0.096823	0.639122	0.646414	1.420446
0.096654	0.642101	0.649334	1.421390
0.093865	0.640638	0.647478	1.425314
0.093603	0.642673	0.649453	1.426167
0.093067	0.645199	0.651876	1.427538
0.089330	0.659710	0.665730	1.436207
0.077589	0.665925	0.670430	1.454806
0.056518	0.675821	0.678180	1.487361
0.037340	0.678726	0.679752	1.515836
0.018477	0.680463	0.680714	1.543650
0.003135	0.680661	0.680668	1.566191
-0.013095	0.680480	0.680606	1.590038
-0.029658	0.679771	0.680417	1.614398
-0.048836	0.667854	0.669637	1.643790
-0.046243	0.664924	0.666530	1.640231
-0.028712	0.671412	0.672026	1.613534
-0.040013	0.665243	0.666445	1.630873
-0.040042	0.664812	0.666017	1.630954
-0.017828	0.675275	0.675510	1.597191
-0.030908	0.668464	0.669178	1.617001
-0.055064	0.655644	0.657952	1.654585
-0.066829	0.644226	0.647683	1.674162
-0.077840	0.633430	0.638195	1.693070
-0.092727	0.621067	0.627951	1.719004
-0.076125	0.634529	0.639079	1.690197
-0.063184	0.646415	0.649496	1.668233
-0.048050	0.660356	0.662101	1.643433
-0.024425	0.671713	0.672157	1.607143
-0.037803	0.666020	0.667092	1.627495
-0.041671	0.665032	0.666336	1.633374
-0.044246	0.665427	0.666896	1.637192
-0.047080	0.672387	0.674033	1.640702
-0.025877	0.679993	0.680485	1.608833
0.001220	0.680829	0.680830	1.569004
0.028749	0.679747	0.680355	1.528528
0.052012	0.676340	0.678337	1.494045
0.068866	0.671222	0.674745	1.468556
0.087712	0.657266	0.663093	1.438131
0.092150	0.651229	0.657717	1.430228
0.093775	0.647387	0.654144	1.426945
0.096403	0.646600	0.653747	1.422794
0.095487	0.639990	0.647074	1.422688
0.095094	0.636607	0.643670	1.422516
0.096095	0.636388	0.643602	1.420928
0.103614	0.662821	0.670871	1.415728
0.086233	0.669791	0.675320	1.442755
0.085732	0.664194	0.669704	1.442430
0.063061	0.674951	0.677891	1.477636
0.037283	0.682527	0.683544	1.516226
0.052974	0.677837	0.679904	1.492803
0.067590	0.672687	0.676074	1.470654
0.090446	0.661761	0.667914	1.434963
0.099539	0.662515	0.669951	1.421668
0.085447	0.669731	0.675160	1.443899
0.070428	0.677500	0.681151	1.467216
0.094801	0.669595	0.676273	1.430152
0.088051	0.665890	0.671686	1.439328
0.068165	0.673655	0.677095	1.469952
0.043348	0.682256	0.683632	1.507345
0.065328	0.674606	0.677762	1.474258
0.085069	0.665330	0.670746	1.443626
0.085704	0.671259	0.676708	1.443807
0.100603	0.648797	0.656551	1.416960
0.095950	0.634965	0.642174	1.420820
0.094831	0.634573	0.641620	1.422454
0.094880	0.636827	0.643857	1.422896
0.095809	0.641461	0.648577	1.422531
0.093290	0.640304	0.647064	1.426117
0.095678	0.650720	0.657716	1.424808
0.091205	0.656124	0.662433	1.432676
0.080267	0.664384	0.669215	1.450565
0.064510	0.671594	0.674685	1.475036
0.046821	0.677796	0.679411	1.501827
0.021733	0.680131	0.680478	1.538854
0.000793	0.680765	0.680765	1.569631
-0.018971	0.680098	0.680362	1.598683
-0.046052	0.672600	0.674175	1.639158
-0.047275	0.666831	0.668505	1.641573
-0.042832	0.665464	0.666841	1.635072
-0.024786	0.674058	0.674513	1.607550
-0.024784	0.671952	0.672409	1.607663
-0.019430	0.674443	0.674723	1.599598
-0.015988	0.675652	0.675841	1.594456
-0.035853	0.676893	0.677842	1.623714
-0.014679	0.675835	0.675995	1.592513
-0.026448	0.678599	0.679114	1.609751
-0.039875	0.675596	0.676772	1.629751
-0.017035	0.678733	0.678947	1.595889
-0.014733	0.675633	0.675793	1.592599
-0.029516	0.668460	0.669111	1.614923
-0.042647	0.660211	0.661587	1.635303
-0.055223	0.651567	0.653903	1.655348
-0.068518	0.639183	0.642845	1.677585
-0.080277	0.628313	0.633421	1.697873
-0.101987	0.610489	0.618950	1.736326
-0.124330	0.592271	0.605180	1.777713
-0.140913	0.579453	0.596341	1.809348
-0.157194	0.567808	0.589165	1.840875
-0.172665	0.556470	0.582642	1.871662
-0.151207	0.572056	0.591702	1.829208
-0.137407	0.582329	0.598321	1.802519
-0.122864	0.592766	0.605366	1.775174
-0.110840	0.602568	0.612678	1.752709
-0.098325	0.612355	0.620199	1.730006
-0.086379	0.622967	0.628927	1.708575
-0.071701	0.635102	0.639137	1.683217
-0.053281	0.652511	0.654683	1.652271
-0.039748	0.662194	0.663386	1.630749
-0.024948	0.670920	0.671384	1.607964
-0.010387	0.677820	0.677900	1.586120
-0.013067	0.676482	0.676608	1.590110
-0.042881	0.673752	0.675116	1.634355
-0.042699	0.668139	0.669502	1.634617
-0.040610	0.674076	0.675299	1.630968
-0.011525	0.679099	0.679197	1.587766
-0.010173	0.677110	0.677186	1.585819
-0.022518	0.671764	0.672141	1.604305
-0.045430	0.659876	0.661438	1.639534
-0.062049	0.644596	0.647576	1.666761
-0.078021	0.630909	0.635715	1.693835
-0.090328	0.619965	0.626511	1.715476
-0.070241	0.636956	0.640817	1.680628
-0.051089	0.655298	0.657287	1.648602
-0.036775	0.664336	0.665353	1.626096
-0.022493	0.672246	0.672623	1.604243
-0.003747	0.677861	0.677871	1.576324
-0.006085	0.678753	0.678780	1.579762
-0.030664	0.678691	0.679383	1.615946
-0.009852	0.679110	0.679182	1.585303
0.008815	0.678537	0.678594	1.557806
0.003255	0.677846	0.677854	1.565995
-0.008590	0.676178	0.676233	1.583500
-0.028981	0.668834	0.669462	1.614100
-0.046418	0.658556	0.660190	1.641165
-0.060601	0.646296	0.649131	1.664290
-0.073185	0.634908	0.639112	1.685559
-0.084340	0.624243	0.629915	1.705091
-0.097979	0.611875	0.619670	1.729577
-0.115218	0.597254	0.608266	1.761368
-0.132618	0.584470	0.599327	1.793922
-0.149583	0.572209	0.591438	1.826487
-0.169608	0.557817	0.583032	1.865970
-0.187841	0.544606	0.576091	1.902931
-0.206856	0.531321	0.570167	1.942065
-0.223850	0.518748	0.564985	1.978176
-0.201135	0.535164	0.571714	1.930302
-0.176577	0.552302	0.579843	1.880237
-0.164061	0.561414	0.584894	1.855108
-0.151188	0.570458	0.590152	1.829869
-0.135052	0.582981	0.598419	1.798438
-0.114458	0.598625	0.609470	1.759718
-0.136050	0.582115	0.597802	1.800392
-0.151893	0.569638	0.589542	1.831381
-0.174671	0.553310	0.580226	1.876579
-0.195570	0.538188	0.572620	1.919346
-0.215627	0.523970	0.566603	1.961199
-0.233084	0.510725	0.561399	1.998943
-0.251533	0.497057	0.557076	2.039269
-0.268216	0.483844	0.553213	2.076968
-0.254976	0.494162	0.556066	2.047144
-0.241061	0.504371	0.559017	2.016644
-0.264552	0.486458	0.553741	2.068893
-0.284257	0.470088	0.549349	2.114657
-0.298196	0.458627	0.547047	2.147307
-0.311259	0.447149	0.544815	2.178898
-0.322714	0.436855	0.543127	2.207039
-0.333738	0.426337	0.541428	2.234963
-0.314949	0.443562	0.544003	2.188232
-0.293549	0.461718	0.547133	2.137106
-0.315811	0.442279	0.543458	2.190892
-0.334728	0.424349	0.540477	2.238673
-0.347767	0.411817	0.539013	2.272071
-0.360056	0.399258	0.537631	2.304612
-0.370467	0.388133	0.536557	2.332911
-0.380539	0.376748	0.535490	2.361200
-0.365865	0.392265	0.536404	2.321387
-0.380221	0.376492	0.535083	2.361121
-0.393151	0.361199	0.533884	2.398526
-0.408001	0.343017	0.533035	2.442508
-0.421092	0.325591	0.532286	2.483405
-0.425753	0.317842	0.531309	2.500310
-0.436933	0.301547	0.530887	2.537511
-0.446930	0.285718	0.530453	2.572783
-0.460575	0.263088	0.530419	2.622607
-0.471774	0.242276	0.530347	2.667169
-0.470064	0.243864	0.529556	2.663027
-0.478607	0.226916	0.529675	2.698864
-0.486129	0.210438	0.529722	2.733062
-0.496207	0.186910	0.530242	2.781352
-0.504503	0.164708	0.530709	2.826026
-0.500531	0.173377	0.529709	2.808141
-0.506802	0.155609	0.530153	2.843689
-0.512178	0.138289	0.530519	2.877878
-0.519075	0.113959	0.531438	2.925479
-0.524302	0.091351	0.532201	2.969091
-0.523096	0.093239	0.531340	2.965200
-0.526347	0.076805	0.531921	2.996694
-0.529016	0.060464	0.532460	3.027791
-0.532025	0.039079	0.533458	3.068271
-0.534007	0.018682	0.534334	3.106623
-0.532830	0.023810	0.533362	3.096937
-0.534368	-0.002228	0.534373	3.145762
-0.535055	-0.024970	0.535637	3.188227
-0.534759	-0.046569	0.536783	3.228457
-0.534202	-0.040724	0.535752	3.217678
-0.533598	-0.057674	0.536705	3.249260
-0.532458	-0.074512	0.537646	3.280629
-0.530978	-0.089732	0.538506	3.309004
-0.529070	-0.104912	0.539371	3.337348
-0.528728	-0.102642	0.538599	3.333338
-0.526437	-0.118795	0.539675	3.363534
-0.523680	-0.134863	0.540766	3.393644
-0.517528	-0.163375	0.542703	3.447374
-0.517501	-0.160604	0.541850	3.442513
-0.510066	-0.189482	0.544124	3.497278
-0.501974	-0.215359	0.546221	3.546868
-0.499370	-0.221445	0.546267	3.558985
-0.490896	-0.244693	0.548501	3.604009
-0.481925	-0.266501	0.550704	3.646730
-0.478696	-0.272661	0.550903	3.659352
-0.469430	-0.292792	0.553255	3.699269
-0.459728	-0.312083	0.555649	3.737978
-0.450918	-0.327910	0.557541	3.770344
-0.443228	-0.341508	0.559535	3.798086
-0.435232	-0.354879	0.561575	3.825640
-0.430426	-0.361889	0.562343	3.840704
-0.419803	-0.378585	0.565298	3.875410
-0.408883	-0.394874	0.568429	3.909563
-0.397813	-0.410269	0.571469	3.942404
-0.388602	-0.423009	0.574411	3.969358
-0.379137	-0.435521	0.577429	3.996092
-0.369512	-0.447486	0.580330	4.022142
-0.353136	-0.467813	0.586135	4.065781
-0.336806	-0.487405	0.592454	4.107716
-0.320603	-0.506151	0.599145	4.147762
-0.307076	-0.521288	0.605010	4.180044
-0.293468	-0.536318	0.611360	4.211706
-0.275209	-0.556373	0.620718	4.253032
-0.256902	-0.576229	0.630903	4.293005
-0.242896	-0.591042	0.639006	4.322469
-0.228391	-0.606240	0.647834	4.352100
-0.217890	-0.617595	0.654905	4.373218
-0.206731	-0.628794	0.661906	4.394747
-0.194782	-0.640889	0.669835	4.417336
-0.182318	-0.653007	0.677981	4.440125
-0.171004	-0.663066	0.684762	4.459991
-0.159311	-0.672927	0.691528	4.479926
-0.144749	-0.683319	0.698482	4.503643
-0.128927	-0.693295	0.705181	4.528526
-0.101855	-0.704935	0.712256	4.568894
-0.073965	-0.712267	0.716097	4.608915
-0.059213	-0.714776	0.717225	4.629736
-0.044242	-0.716984	0.718348	4.650761
-0.015436	-0.718611	0.718777	4.690911
0.006153	-0.717896	0.717923	4.720959
0.027025	-0.716042	0.716551	4.750113
0.047681	-0.712251	0.713845	4.779233
0.067117	-0.707001	0.710180	4.807037
0.092096	-0.696573	0.702635	4.843839
0.112177	-0.685775	0.694889	4.874530
0.130510	-0.674600	0.687109	4.903491
0.146062	-0.664133	0.680005	4.928871
0.156669	-0.656556	0.674989	4.946631
0.167311	-0.649411	0.670617	4.964541
0.176563	-0.642476	0.666295	4.980584
0.186356	-0.635718	0.662469	4.997543
0.200400	-0.625738	0.657045	5.022330
0.213261	-0.616424	0.652272	5.045465
0.226605	-0.606759	0.647693	5.069815
0.238918	-0.597663	0.643648	5.092683
0.246644	-0.591548	0.640908	5.107419
0.255925	-0.585087	0.638612	5.124726
0.262792	-0.579373	0.636187	5.138216
0.271556	-0.573118	0.634198	5.154875
0.284888	-0.563051	0.631021	5.180802
0.296987	-0.553573	0.628207	5.204801
0.309988	-0.543381	0.625584	5.230820
0.321819	-0.533750	0.623263	5.254967
0.328194	-0.527990	0.621679	5.268534
0.337176	-0.521045	0.620625	5.286734
0.341897	-0.516115	0.619087	5.297463
0.351060	-0.508971	0.618300	5.316198
0.363341	-0.498279	0.616684	5.342439
0.374537	-0.488141	0.615273	5.366853
0.386389	-0.477219	0.614031	5.392997
0.397205	-0.466831	0.612946	5.417379
0.402306	-0.461126	0.611954	5.429770
0.411326	-0.452872	0.611786	5.449750
0.415334	-0.447832	0.610782	5.460155
0.423999	-0.439591	0.610750	5.479734
0.435271	-0.427614	0.610176	5.506661
0.445458	-0.416261	0.609677	5.531656
0.456114	-0.404050	0.609341	5.558242
0.465851	-0.392356	0.609065	5.583216
0.469761	-0.386631	0.608407	5.594554
0.478186	-0.376924	0.608879	5.615658
0.481665	-0.371471	0.608269	5.626240
0.489117	-0.362299	0.608684	5.645650
0.497902	-0.350201	0.608726	5.670213
0.506172	-0.338369	0.608855	5.693925
0.514378	-0.326064	0.609017	5.718212
0.522095	-0.314015	0.609253	5.741699
0.527267	-0.305189	0.609221	5.758490
0.533857	-0.294547	0.609723	5.779011
0.538388	-0.286090	0.609680	5.794748
0.544315	-0.275731	0.610169	5.814300
0.551051	-0.262935	0.610567	5.837984
0.557403	-0.250330	0.611034	5.861079
0.563437	-0.237546	0.611465	5.884197
0.569238	-0.224743	0.611998	5.907158
0.572178	-0.216941	0.611924	5.920782
0.577526	-0.204952	0.612814	5.942171
0.579539	-0.198364	0.612547	5.953405
0.584567	-0.186201	0.613505	5.974817
0.588760	-0.174029	0.613942	5.995783
0.593258	-0.160822	0.614670	6.018465
0.596740	-0.149022	0.615066	6.038463
0.600689	-0.135718	0.615831	6.060979
0.603542	-0.124344	0.616218	6.080005
0.607048	-0.110837	0.617083	6.102591
0.609309	-0.099847	0.617435	6.120759
0.612181	-0.086608	0.618277	6.142643
0.614025	-0.075586	0.618660	6.160702
0.616454	-0.062066	0.619570	6.182841
0.617737	-0.051602	0.619888	6.199844
0.619589	-0.038374	0.620776	6.221329
0.620539	-0.027740	0.621159	6.238512
0.621956	-0.014250	0.622119	6.260278
0.622428	-0.004185	0.622442	6.276462
0.623285	0.008812	0.623347	6.297323
0.623440	0.019189	0.623736	6.313956
0.623864	0.032592	0.624715	6.335380
0.623513	0.041415	0.624887	6.349511
0.623523	0.055081	0.625951	6.371295
0.622912	0.066622	0.626465	6.389733
0.622278	0.081044	0.627534	6.412694
0.621220	0.092085	0.628008	6.430347
0.620037	0.106015	0.629035	6.452529
0.618541	0.117312	0.629568	6.470618
0.616783	0.131532	0.630652	6.493294
0.614888	0.142327	0.631146	6.510648
0.612627	0.155955	0.632166	6.532458
0.610569	0.164953	0.632459	6.547048
0.607743	0.179689	0.633750	6.570662
0.605477	0.187904	0.633964	6.584101
0.602223	0.201997	0.635198	6.606811
0.599586	0.210589	0.635493	6.620950
0.595714	0.225066	0.636812	6.644416
0.592864	0.233248	0.637097	6.658011
0.588712	0.246615	0.638280	6.679883
0.584796	0.257328	0.638909	6.697718
0.579857	0.271119	0.640109	6.720547
0.575979	0.280220	0.640527	6.735984
0.570404	0.294246	0.641827	6.759437
0.566045	0.303583	0.642316	6.775468
0.559750	0.317837	0.643692	6.799606
0.555427	0.326037	0.644049	6.813992
0.548694	0.339860	0.645422	6.837747
0.543892	0.348428	0.645926	6.852938
0.536907	0.361474	0.647250	6.875734
0.531954	0.369577	0.647737	6.890382
0.525004	0.381393	0.648914	6.911447
0.519488	0.389825	0.649485	6.926943
0.511760	0.401986	0.650762	6.949020
0.498439	0.421028	0.652462	6.984590
0.492021	0.429358	0.653019	7.000678
0.482099	0.442760	0.654565	7.026074
0.475539	0.450580	0.655103	7.041640
0.465578	0.462895	0.656532	7.065694
0.458391	0.470843	0.657127	7.081984
0.447286	0.483515	0.658674	7.107486
0.439926	0.491019	0.659269	7.123411
0.429006	0.502440	0.660675	7.147259
0.411107	0.519687	0.662634	7.184712
0.393559	0.535336	0.664435	7.220044
0.374439	0.551274	0.666414	7.257335
0.355806	0.565630	0.668233	7.292480
0.346301	0.572426	0.669026	7.309915
0.333148	0.581867	0.670490	7.333991
0.310804	0.596492	0.672608	7.373634
0.286800	0.610918	0.674889	7.415065
0.263318	0.623714	0.677020	7.454504
0.239906	0.635372	0.679156	7.492947
0.217085	0.645641	0.681159	7.529624
0.192679	0.655585	0.683313	7.568127
0.168971	0.664173	0.685330	7.604858
0.140947	0.673144	0.687742	7.647577
0.113573	0.680607	0.690018	7.688635
0.084540	0.687263	0.692443	7.731587
0.056387	0.692440	0.694733	7.772729
0.030266	0.696209	0.696867	7.810537
0.004903	0.698887	0.698904	7.846967
-0.021494	0.700707	0.701036	7.884647
-0.047182	0.701499	0.703084	7.921140
-0.062238	0.701550	0.704305	7.942465
-0.077317	0.701277	0.705526	7.963791
-0.106269	0.699812	0.707835	8.004685
-0.121332	0.698593	0.709051	8.025946
-0.136390	0.697049	0.710268	8.047208
-0.165315	0.693136	0.712577	8.088110
-0.193028	0.688258	0.714814	8.127416
-0.219806	0.682443	0.716968	8.165577
-0.247302	0.675348	0.719203	8.205002
-0.273837	0.667363	0.721360	8.243359
-0.288822	0.662361	0.722592	8.265174
-0.303717	0.657021	0.723823	8.286987
-0.318029	0.651524	0.725001	8.308089
-0.332244	0.645715	0.726178	8.329190
-0.346813	0.639400	0.727401	8.350974
-0.361263	0.632756	0.728623	8.372756
-0.375093	0.626018	0.729790	8.393793
-0.388800	0.618977	0.730957	8.414831
-0.413928	0.605094	0.733127	8.453938
-0.438300	0.590354	0.735272	8.492624
-0.462340	0.574484	0.737421	8.531637
-0.485589	0.557798	0.739550	8.570283
-0.497858	0.548422	0.740695	8.591090
-0.509946	0.538777	0.741839	8.611895
-0.521634	0.529040	0.742957	8.632331
-0.533136	0.519050	0.744074	8.652766
-0.544632	0.508632	0.745205	8.673546
-0.555925	0.497960	0.746336	8.694325
-0.566831	0.487209	0.747443	8.714776
-0.577529	0.476221	0.748549	8.735226
-0.588342	0.464635	0.749688	8.756326
-0.598921	0.452805	0.750825	8.777426
-0.609107	0.440911	0.751940	8.798214
-0.619058	0.428786	0.753054	8.819006
-0.628951	0.416185	0.754182	8.840213
-0.638589	0.403354	0.755309	8.861423
-0.647852	0.390451	0.756415	8.882386
-0.656854	0.377334	0.757521	8.903352
-0.665373	0.364332	0.758590	8.923810
-0.673634	0.351140	0.759659	8.944266
-0.681557	0.337889	0.760716	8.964528
-0.689217	0.324461	0.761771	8.984788
-0.696631	0.310808	0.762821	9.005123
-0.703772	0.296988	0.763870	9.025456
-0.710604	0.283075	0.764912	9.045687
-0.717161	0.269009	0.765954	9.065918
-0.723462	0.254721	0.766994	9.086246
-0.729477	0.240289	0.768033	9.106573
-0.735218	0.225686	0.769077	9.126944
-0.740665	0.210950	0.770120	9.147313
-0.745766	0.196193	0.771141	9.167531
-0.750573	0.181313	0.772162	9.187753
-0.755101	0.166261	0.773189	9.208052
-0.759327	0.151098	0.774215	9.228354
-0.763071	0.136478	0.775179	9.247795
-0.766532	0.121770	0.776144	9.267236
-0.769784	0.106649	0.777137	9.287110
-0.772737	0.091448	0.778129	9.306983
-0.775300	0.076588	0.779074	9.326312
-0.777578	0.061664	0.780019	9.345641
-0.779631	0.046235	0.781000	9.365544
-0.781376	0.030749	0.781981	9.385446
-0.782845	0.014646	0.782982	9.406071
-0.783979	-0.001502	0.783981	9.426693
-0.784784	-0.017799	0.784986	9.447454
-0.785248	-0.034127	0.785989	9.468211
-0.785356	-0.050405	0.786972	9.488871
-0.785126	-0.066699	0.787954	9.509527
-0.784555	-0.083078	0.788942	9.530277
-0.783641	-0.099459	0.789928	9.551023
-0.782427	-0.115150	0.790855	9.570900
-0.780897	-0.130833	0.791781	9.590778
-0.779003	-0.146951	0.792742	9.611227
-0.776774	-0.163046	0.793702	9.631676
-0.774292	-0.178520	0.794605	9.651377
-0.771501	-0.193960	0.795509	9.671080
-0.768299	-0.209890	0.796453	9.691459
-0.764766	-0.225770	0.797395	9.711839
-0.761062	-0.240903	0.798279	9.731335
-0.757059	-0.255977	0.799163	9.750831
-0.752607	-0.271520	0.800088	9.771017
-0.747835	-0.286987	0.801011	9.791204
-0.742930	-0.301766	0.801878	9.810603
-0.737732	-0.316461	0.802743	9.830002
-0.732054	-0.331583	0.803648	9.850081
-0.726065	-0.346602	0.804552	9.870158
-0.720118	-0.360652	0.805382	9.889084
-0.713899	-0.374600	0.806212	9.908009
-0.707135	-0.389036	0.807087	9.927742
-0.700080	-0.403348	0.807961	9.947472
-0.693109	-0.416774	0.808765	9.966161
-0.685880	-0.430081	0.809569	9.984850
-0.677945	-0.444066	0.810434	10.004672
-0.669724	-0.457904	0.811300	10.024495
-0.661225	-0.471542	0.812140	10.044264
-0.652448	-0.485022	0.812979	10.064034
-0.643087	-0.498793	0.813853	10.084477
-0.633436	-0.512383	0.814725	10.104919
-0.623871	-0.525262	0.815546	10.124574
-0.614044	-0.537963	0.816366	10.144229
-0.603640	-0.550878	0.817220	10.164507
-0.592965	-0.563590	0.818072	10.184783
-0.582753	-0.575243	0.818845	10.203691
-0.572313	-0.586711	0.819617	10.222598
-0.560922	-0.598763	0.820458	10.242795
-0.549278	-0.610592	0.821297	10.262990
-0.538246	-0.621335	0.822050	10.281709
-0.527004	-0.631878	0.822802	10.300426
-0.514740	-0.642962	0.823625	10.320482
-0.502243	-0.653806	0.824446	10.340537
-0.490533	-0.663551	0.825181	10.358986
-0.478635	-0.673086	0.825915	10.377435
-0.465781	-0.683006	0.826710	10.397060
-0.452724	-0.692678	0.827503	10.416683
-0.440380	-0.701436	0.828219	10.434944
-0.427868	-0.709973	0.828935	10.453206
-0.414306	-0.718870	0.829713	10.472741
-0.400562	-0.727507	0.830491	10.492274
-0.375091	-0.742486	0.831852	10.527789
-0.360816	-0.750381	0.832622	10.547368
-0.346377	-0.758001	0.833392	10.566947
-0.319818	-0.771030	0.834728	10.602381
-0.304990	-0.777823	0.835480	10.621890
-0.290019	-0.784329	0.836232	10.641399
-0.275787	-0.790169	0.836914	10.659770
-0.261438	-0.795749	0.837596	10.678141
-0.245757	-0.801521	0.838351	10.698061
-0.229952	-0.806982	0.839105	10.717979
-0.215435	-0.811664	0.839768	10.736133
-0.200824	-0.816084	0.840431	10.754286
-0.184807	-0.820617	0.841170	10.774065
-0.168689	-0.824835	0.841908	10.793843
-0.153959	-0.828370	0.842556	10.811813
-0.139156	-0.831643	0.843205	10.829783
-0.123110	-0.834890	0.843918	10.849173
-0.106991	-0.837826	0.844630	10.868560
-0.092162	-0.840222	0.845261	10.886324
-0.077281	-0.842355	0.845892	10.904087
-0.061074	-0.844386	0.846592	10.923371
-0.044820	-0.846104	0.847291	10.942652
-0.029471	-0.847426	0.847939	10.960812
-0.014089	-0.848469	0.848586	10.978971
0.001283	-0.849227	0.849228	10.997085
0.016678	-0.849705	0.849869	11.015199
0.031990	-0.849900	0.850502	11.033196
0.047315	-0.849818	0.851134	11.051193
0.062615	-0.849456	0.851761	11.069153
0.077918	-0.848819	0.852387	11.087114
0.093174	-0.847903	0.853007	11.105022
0.108421	-0.846712	0.853626	11.122931
0.123625	-0.845246	0.854239	11.140804
0.138811	-0.843506	0.854852	11.158677
0.153957	-0.841491	0.855458	11.176530
0.169074	-0.839202	0.856065	11.194382
0.184112	-0.836647	0.856665	11.212181
0.199113	-0.833821	0.857265	11.229980
0.214318	-0.830670	0.857872	11.248074
0.229474	-0.827242	0.858479	11.266167
0.244529	-0.823544	0.859080	11.284205
0.259524	-0.819572	0.859681	11.302243
0.274345	-0.815356	0.860273	11.320147
0.289097	-0.810872	0.860866	11.338051
0.303732	-0.806132	0.861453	11.355902
0.318290	-0.801127	0.862040	11.373754
0.332632	-0.795907	0.862619	11.391440
0.346889	-0.790430	0.863198	11.409127
0.361018	-0.784709	0.863772	11.426767
0.375052	-0.778736	0.864346	11.444407
0.388897	-0.772550	0.864913	11.461934
0.402641	-0.766118	0.865480	11.479460
0.416245	-0.759454	0.866043	11.496945
0.429738	-0.752549	0.866605	11.514430
0.455969	-0.738249	0.867709	11.548861
0.481670	-0.723060	0.868805	11.583223
0.506720	-0.707064	0.869887	11.617390
0.531193	-0.690223	0.870961	11.651500
0.555204	-0.672444	0.872028	11.685762
0.578554	-0.653876	0.873085	11.719932
0.601192	-0.634565	0.874131	11.753973
0.623126	-0.614518	0.875168	11.787927
0.644401	-0.593697	0.876201	11.821903
0.664926	-0.572188	0.877226	11.855796
0.684585	-0.550133	0.878239	11.889438
0.703465	-0.527452	0.879243	11.923003
0.721448	-0.504306	0.880234	11.956303
0.738630	-0.480596	0.881218	11.989532
0.754920	-0.456465	0.882193	12.022536
0.770390	-0.431825	0.883161	12.055480
0.784980	-0.406796	0.884125	12.088250
0.798735	-0.381306	0.885083	12.120976
0.811617	-0.355433	0.886033	12.153598
0.823629	-0.329186	0.886977	12.186142
0.834850	-0.302361	0.887917	12.218891
0.845170	-0.275217	0.888851	12.251564
0.854547	-0.247894	0.889776	12.284031
0.863019	-0.220310	0.890696	12.316431
0.870461	-0.192974	0.891595	12.348207
0.877022	-0.165436	0.892489	12.379928
0.882676	-0.137844	0.893374	12.411456
0.887450	-0.110109	0.894255	12.442928
0.891328	-0.082377	0.895126	12.474212
0.894331	-0.054552	0.895993	12.505448
0.896452	-0.026768	0.896852	12.536519
0.897705	0.001063	0.897706	12.567555
0.898093	0.029096	0.898564	12.598757
0.897603	0.057107	0.899418	12.629906
0.896231	0.085155	0.900267	12.661101
0.893985	0.113121	0.901113	12.692237
0.890861	0.141027	0.901955	12.723372
0.886873	0.168802	0.902794	12.754455
0.882043	0.196334	0.903630	12.785390
0.876366	0.223691	0.904464	12.816283
0.870056	0.250033	0.905270	12.846206
0.862965	0.276156	0.906075	12.876082
0.855125	0.301969	0.906876	12.905830
0.846522	0.327527	0.907674	12.935541
0.837227	0.352650	0.908466	12.965028
0.827194	0.377486	0.909255	12.994489
0.816451	0.401977	0.910042	13.023877
0.804988	0.426146	0.910827	13.053246
0.792682	0.450229	0.911620	13.082915
0.779673	0.473923	0.912411	13.112541
0.765857	0.497393	0.913202	13.142366
0.751353	0.520431	0.913991	13.172153
0.736243	0.542914	0.914773	13.201766
0.720476	0.564936	0.915554	13.231350
0.704124	0.586407	0.916331	13.260805
0.687142	0.607389	0.917108	13.290239
0.670048	0.627299	0.917860	13.318829
0.652397	0.646702	0.918610	13.347385
0.634218	0.665575	0.919359	13.375889
0.615509	0.683917	0.920106	13.404365
0.596464	0.701559	0.920845	13.432558
0.576924	0.718664	0.921585	13.460737
0.556876	0.735241	0.922328	13.488943
0.536369	0.751247	0.923073	13.517125
0.515309	0.766748	0.923821	13.545432
0.493824	0.781646	0.924571	13.573711
0.471717	0.796061	0.925327	13.602233
0.449207	0.809844	0.926085	13.630735
0.426451	0.822902	0.926838	13.659043
0.403323	0.835320	0.927593	13.687344
0.379857	0.847080	0.928351	13.715618
0.356061	0.858176	0.929110	13.743878
0.332558	0.868350	0.929853	13.771422
0.308786	0.877873	0.930596	13.798939
0.284733	0.886751	0.931343	13.826469
0.260435	0.894967	0.932090	13.853987
0.236239	0.902418	0.932828	13.881128
0.211826	0.909216	0.933565	13.908274
0.187062	0.915391	0.934309	13.935590
0.162130	0.920890	0.935053	13.962895
0.137084	0.925698	0.935793	13.990148
0.111908	0.929823	0.936533	14.017389
0.086350	0.933295	0.937281	14.044908
0.060686	0.936065	0.938030	14.072426
0.035172	0.938113	0.938772	14.099692
0.009574	0.939466	0.939515	14.126977
-0.016122	0.940123	0.940262	14.154314
-0.041840	0.940081	0.941012	14.181644
-0.067105	0.939363	0.941757	14.208482
-0.092337	0.937971	0.942505	14.235294
-0.117683	0.935894	0.943264	14.262254
-0.142972	0.933138	0.944027	14.289201
-0.167840	0.929760	0.944788	14.315763
-0.192639	0.925722	0.945553	14.342335
-0.217287	0.921036	0.946320	14.368847
-0.241818	0.915700	0.947091	14.395353
-0.266337	0.909681	0.947869	14.421987
-0.290701	0.903014	0.948652	14.448613
-0.314863	0.895709	0.949439	14.475199
-0.338856	0.887759	0.950231	14.501797
-0.362615	0.879185	0.951029	14.528355
-0.386215	0.869958	0.951834	14.554975
-0.409601	0.860095	0.952647	14.581616
-0.432779	0.849584	0.953463	14.608307
-0.455610	0.838495	0.954282	14.634903
-0.478140	0.826798	0.955098	14.661480
-0.500292	0.814538	0.955910	14.687964
-0.522121	0.801687	0.956719	14.714440
-0.543455	0.788359	0.957524	14.740709
-0.564456	0.774454	0.958327	14.766990
-0.585079	0.760002	0.959125	14.793245
-0.605343	0.744987	0.959920	14.819517
-0.625190	0.729461	0.960717	14.845744
-0.644625	0.713440	0.961529	14.871936
-0.663611	0.696958	0.962356	14.898060
-0.682193	0.679979	0.963202	14.924190
-0.700316	0.662557	0.964066	14.950264
-0.718063	0.644607	0.964953	14.976419
-0.735429	0.626129	0.965864	15.002669
-0.752452	0.607053	0.966797	15.029110
-0.769038	0.587467	0.967748	15.055626
-0.785086	0.567463	0.968697	15.082097
-0.800555	0.547102	0.969643	15.108463
-0.815477	0.526344	0.970588	15.134798
-0.829798	0.505277	0.971529	15.161014
-0.843594	0.483781	0.972469	15.187275
-0.856844	0.461884	0.973406	15.213564
-0.869582	0.439508	0.974341	15.239985
-0.881681	0.416879	0.975269	15.266293
-0.893172	0.393955	0.976195	15.292557
-0.904028	0.370803	0.977119	15.318722
-0.914266	0.347392	0.978040	15.344844
-0.923850	0.323823	0.978959	15.370830
-0.932813	0.300030	0.979876	15.396774
-0.941179	0.276053	0.980828	15.422659
-0.949138	0.251491	0.981891	15.448948
-0.956653	0.226195	0.983031	15.475783
-0.963484	0.200718	0.984170	15.502576
-0.969620	0.175126	0.985308	15.529277
-0.975068	0.149389	0.986445	15.555936
-0.979813	0.123623	0.987581	15.582457
-0.983873	0.097750	0.988717	15.608936
-0.987241	0.071837	0.989851	15.635326
-0.989934	0.045638	0.990985	15.661894
