time = 18.3999	Re = 1	40	80
0.147836	0.136980	0.201542	0.747301
0.159277	0.126017	0.203099	0.669342
0.171322	0.112363	0.204882	0.580480
0.182335	0.097375	0.206707	0.490511
0.191477	0.082947	0.208672	0.408793
0.199418	0.067856	0.210647	0.327981
0.205800	0.053720	0.212696	0.255331
0.211170	0.039026	0.214746	0.182749
0.215460	0.024340	0.216830	0.112493
0.218720	0.009252	0.218915	0.042274
0.220897	-0.005767	0.220972	-0.026102
0.222037	-0.021039	0.223032	-0.094471
0.222297	-0.046110	0.227029	-0.204527
0.220083	-0.070691	0.231157	-0.310793
0.217473	-0.090298	0.235474	-0.393553
0.213210	-0.109929	0.239881	-0.476041
0.209580	-0.125529	0.244297	-0.539650
0.204846	-0.141095	0.248737	-0.603159
0.196416	-0.167255	0.257980	-0.705383
0.193805	-0.183693	0.267027	-0.758619
0.190777	-0.199621	0.276124	-0.808047
0.204421	-0.209152	0.292460	-0.796836
0.231597	-0.200706	0.306464	-0.714062
0.247883	-0.190117	0.312395	-0.654269
0.264644	-0.176660	0.318190	-0.588607
0.282670	-0.156418	0.323062	-0.505419
0.298625	-0.135110	0.327768	-0.424881
0.313242	-0.109408	0.331799	-0.336031
0.319842	-0.094767	0.333586	-0.288051
0.325747	-0.079765	0.335370	-0.240144
0.330782	-0.063888	0.336895	-0.190794
0.335030	-0.047746	0.338416	-0.141560
0.338089	-0.032044	0.339604	-0.094497
0.340409	-0.016179	0.340793	-0.047492
0.341601	0.000350	0.341601	0.001023
0.341900	0.016854	0.342316	0.049255
0.341005	0.032425	0.342543	0.094801
0.339296	0.047887	0.342658	0.140209
0.336390	0.063273	0.342289	0.185923
0.332545	0.078248	0.341626	0.231097
0.327875	0.092278	0.340613	0.274346
0.322384	0.105926	0.339340	0.317459
0.315588	0.120278	0.337732	0.364128
0.307827	0.133754	0.335630	0.409898
0.299375	0.147143	0.333582	0.456825
0.289930	0.159800	0.331052	0.503738
0.278458	0.174687	0.328717	0.560277
0.266024	0.188961	0.326305	0.617616
0.251416	0.205098	0.324462	0.684284
0.235706	0.221482	0.323437	0.754297
0.217176	0.240887	0.324333	0.837114
0.197632	0.260790	0.327215	0.922309
0.187373	0.273896	0.331855	0.970820
0.176426	0.286837	0.336751	1.019365
0.166480	0.300375	0.343425	1.064702
0.156014	0.314010	0.350632	1.109677
0.145211	0.336267	0.366280	1.163153
0.136720	0.359724	0.384830	1.207588
0.127383	0.387663	0.408055	1.253320
0.123709	0.402923	0.421486	1.272904
0.119647	0.418179	0.434959	1.292127
0.117556	0.443546	0.458860	1.311716
0.116344	0.468497	0.482727	1.327385
0.112492	0.495994	0.508591	1.347768
0.105812	0.520111	0.530765	1.370094
0.102784	0.536544	0.546301	1.381522
0.099630	0.553736	0.562628	1.392778
0.097879	0.574292	0.582574	1.401984
0.096704	0.592499	0.600339	1.409009
0.097820	0.615421	0.623146	1.413167
0.099488	0.627956	0.635788	1.413671
0.101310	0.639654	0.647627	1.413718
0.102448	0.646847	0.654910	1.413720
0.097680	0.660311	0.667496	1.423931
0.081374	0.675577	0.680460	1.450923
0.086490	0.667719	0.673297	1.441982
0.071563	0.672802	0.676597	1.464829
0.055331	0.678899	0.681150	1.489475
0.076586	0.669887	0.674250	1.456964
0.088412	0.668707	0.674526	1.439345
0.093130	0.660135	0.666672	1.430643
0.074596	0.668544	0.672693	1.459677
0.058759	0.675091	0.677643	1.483977
0.040537	0.680643	0.681849	1.511309
0.067461	0.671869	0.675248	1.470723
0.087774	0.661407	0.667205	1.438859
0.098564	0.662209	0.669504	1.423039
0.085915	0.667700	0.673205	1.442827
0.100731	0.665994	0.673568	1.420684
0.095809	0.653590	0.660575	1.425244
0.082661	0.663765	0.668893	1.446901
0.055757	0.676194	0.678489	1.488526
0.038515	0.679331	0.680422	1.514162
0.020981	0.681716	0.682038	1.540030
0.047707	0.677843	0.679520	1.500532
0.069662	0.670773	0.674380	1.467314
0.093364	0.655934	0.662546	1.429409
0.098253	0.651810	0.659173	1.421184
0.091329	0.663339	0.669597	1.433976
0.074171	0.675862	0.679920	1.461491
0.089141	0.668686	0.674601	1.438270
0.062823	0.678473	0.681376	1.478465
0.084470	0.668074	0.673392	1.445026
0.099271	0.662616	0.670011	1.422086
0.098007	0.645570	0.652967	1.420132
0.096052	0.649932	0.656991	1.424070
0.093171	0.651805	0.658431	1.428815
0.089047	0.657148	0.663154	1.436112
0.068926	0.671249	0.674778	1.468471
0.053520	0.676001	0.678117	1.491790
0.033012	0.679765	0.680566	1.522271
0.003155	0.681477	0.681484	1.566167
0.026436	0.680297	0.680810	1.531956
0.054209	0.676738	0.678906	1.490864
0.075513	0.666939	0.671200	1.458054
0.087889	0.659306	0.665138	1.438272
0.094210	0.654513	0.661258	1.427839
0.097047	0.645763	0.653014	1.421630
0.099723	0.646568	0.654213	1.417768
0.093342	0.659645	0.666216	1.430226
0.084028	0.673415	0.678637	1.446659
0.091626	0.665352	0.671632	1.433946
0.077333	0.668986	0.673441	1.455711
0.059337	0.676930	0.679526	1.483363
0.084908	0.667778	0.673155	1.444325
0.076510	0.668567	0.672930	1.456853
0.060279	0.675465	0.678150	1.481792
0.041788	0.681145	0.682426	1.509523
0.066567	0.672870	0.676155	1.472188
0.087397	0.662908	0.668644	1.439713
0.090969	0.668035	0.674201	1.435454
0.073202	0.676023	0.679975	1.462933
0.088830	0.664869	0.670777	1.437978
0.098109	0.654619	0.661930	1.422032
0.097638	0.641038	0.648431	1.419645
0.096832	0.643082	0.650332	1.421344
0.094114	0.641882	0.648745	1.425212
0.093660	0.643882	0.650658	1.426348
0.090223	0.659029	0.665177	1.434739
0.080357	0.664455	0.669297	1.450445
0.061578	0.674128	0.676935	1.479705
0.043159	0.677927	0.679299	1.507219
0.022675	0.680330	0.680707	1.537480
0.006722	0.680725	0.680758	1.560922
-0.018287	0.680478	0.680723	1.597664
0.001425	0.680750	0.680752	1.568703
0.016434	0.680574	0.680773	1.546653
0.037683	0.678963	0.680008	1.515353
0.059470	0.675317	0.677930	1.482960
0.084931	0.661196	0.666628	1.443046
0.091004	0.655020	0.661311	1.432748
0.093387	0.649270	0.655952	1.427943
0.094600	0.645555	0.652450	1.425292
0.096933	0.645020	0.652262	1.421633
0.096625	0.640213	0.647464	1.421000
0.100117	0.644060	0.651795	1.416584
0.101884	0.664607	0.672371	1.418681
0.078530	0.667798	0.672399	1.453738
0.082168	0.671499	0.676508	1.449037
0.099480	0.662931	0.670353	1.421846
0.092704	0.659828	0.666309	1.431212
0.066711	0.672699	0.675999	1.471950
0.090291	0.662415	0.668540	1.435326
0.090892	0.668345	0.674497	1.435629
0.095126	0.658359	0.665196	1.427300
0.088169	0.660820	0.666676	1.438156
0.065228	0.673175	0.676327	1.474201
0.042046	0.679323	0.680623	1.508981
0.015772	0.682505	0.682687	1.547692
0.037203	0.679984	0.681001	1.516139
0.057930	0.675979	0.678456	1.485308
0.077710	0.666268	0.670784	1.454686
0.089469	0.660012	0.666049	1.436061
0.100561	0.661328	0.668929	1.419894
0.082208	0.669290	0.674320	1.448580
0.058943	0.677237	0.679797	1.483981
0.075224	0.670109	0.674318	1.459007
0.090129	0.664609	0.670693	1.436006
0.088395	0.671175	0.676971	1.439848
0.100392	0.649526	0.657239	1.417447
0.097009	0.637387	0.644726	1.419758
0.093762	0.633002	0.639909	1.423743
0.096606	0.639850	0.647102	1.420945
0.094390	0.638928	0.645862	1.424125
0.094263	0.641651	0.648538	1.424933
0.094458	0.645791	0.652663	1.425559
0.093050	0.652043	0.658649	1.429048
0.085737	0.661026	0.666563	1.441814
0.067016	0.671085	0.674422	1.471264
0.040302	0.679007	0.680202	1.511511
0.020994	0.680157	0.680481	1.539939
0.003411	0.680515	0.680524	1.565783
-0.018747	0.680111	0.680369	1.598355
-0.041086	0.676121	0.677368	1.631489
-0.046039	0.668481	0.670065	1.639559
-0.045379	0.665112	0.666658	1.638918
-0.043986	0.669471	0.670914	1.636405
-0.044548	0.674209	0.675679	1.636776
-0.022667	0.679967	0.680345	1.604119
0.002452	0.680501	0.680506	1.567193
0.017795	0.680247	0.680480	1.544642
0.033196	0.679619	0.680430	1.521990
0.052163	0.675759	0.677769	1.493757
0.067687	0.671097	0.674501	1.470277
0.088612	0.659086	0.665016	1.437151
0.094279	0.649588	0.656394	1.426666
0.094903	0.643901	0.650857	1.424463
0.094827	0.640404	0.647386	1.423790
0.096671	0.640424	0.647679	1.420979
0.093275	0.632488	0.639329	1.424379
0.096209	0.636151	0.643385	1.420697
0.100994	0.644198	0.652067	1.415287
0.100850	0.665868	0.673462	1.420483
0.087674	0.667929	0.673658	1.440281
0.059790	0.678619	0.681248	1.482918
0.085415	0.667996	0.673435	1.443619
0.097543	0.667730	0.674817	1.425741
0.093914	0.664322	0.670927	1.430359
0.098881	0.650665	0.658135	1.419981
0.080208	0.669165	0.673954	1.451502
0.097488	0.655055	0.662270	1.423057
0.092613	0.656141	0.662645	1.430574
0.084818	0.662108	0.667519	1.443387
0.070378	0.669959	0.673646	1.466132
0.053132	0.677897	0.679976	1.492578
0.036060	0.679984	0.680940	1.517815
0.019103	0.681479	0.681747	1.542773
-0.009028	0.682011	0.682071	1.584033
0.012879	0.681659	0.681781	1.551906
0.034541	0.680190	0.681067	1.520058
0.053006	0.676057	0.678132	1.492551
0.068333	0.671178	0.674648	1.469336
0.089960	0.659551	0.665657	1.435237
0.098524	0.654570	0.661943	1.421400
0.099987	0.666916	0.674370	1.421980
0.088167	0.666858	0.672661	1.439347
0.078901	0.666908	0.671559	1.453035
0.062823	0.674144	0.677064	1.477875
0.045022	0.680215	0.681703	1.504706
0.070772	0.670537	0.674262	1.465641
0.089434	0.661270	0.667290	1.436366
0.096128	0.666735	0.673629	1.427605
0.080425	0.669488	0.674302	1.451240
0.102235	0.651854	0.659823	1.415227
0.097743	0.636393	0.643855	1.418397
0.096596	0.635598	0.642896	1.419973
0.094269	0.633213	0.640192	1.423007
0.094475	0.635919	0.642898	1.423310
0.095484	0.640791	0.647866	1.422875
0.092647	0.639245	0.645924	1.426867
0.095854	0.648691	0.655735	1.424093
0.092715	0.650507	0.657081	1.429222
0.089661	0.655535	0.661638	1.434865
0.066374	0.672192	0.675461	1.472372
0.051819	0.675743	0.677727	1.494262
0.035224	0.678850	0.679763	1.518955
0.009781	0.680486	0.680556	1.556423
-0.001985	0.680285	0.680288	1.573714
-0.031412	0.679065	0.679791	1.617021
-0.047169	0.671773	0.673427	1.640896
-0.045389	0.666268	0.667812	1.638815
-0.026819	0.671308	0.671844	1.610725
-0.020706	0.674331	0.674648	1.601493
-0.016957	0.676638	0.676850	1.595852
-0.014303	0.677654	0.677805	1.591899
-0.039023	0.675065	0.676192	1.628538
-0.018135	0.675853	0.676096	1.597622
-0.025365	0.671832	0.672310	1.608533
-0.036495	0.667454	0.668451	1.625419
-0.041506	0.667021	0.668311	1.632942
-0.046674	0.672274	0.673892	1.640112
-0.032644	0.677710	0.678496	1.618927
-0.015627	0.680062	0.680242	1.593772
0.007881	0.680371	0.680417	1.559213
0.033220	0.679730	0.680541	1.521963
0.053685	0.675520	0.677650	1.491491
0.069577	0.670282	0.673883	1.467364
0.089722	0.658049	0.664137	1.435286
0.094359	0.648874	0.655699	1.426390
0.094597	0.643335	0.650253	1.424800
0.093910	0.639223	0.646085	1.424926
0.093379	0.635884	0.642703	1.424989
0.093001	0.633198	0.639992	1.424965
0.092839	0.631129	0.637920	1.424744
0.093256	0.630200	0.637062	1.423883
0.096245	0.634232	0.641493	1.420195
0.101875	0.645786	0.653772	1.414332
0.095401	0.670242	0.676997	1.429408
0.086887	0.668086	0.673713	1.441469
0.059890	0.678080	0.680719	1.482703
0.074267	0.673352	0.677436	1.460947
0.088444	0.668470	0.674296	1.439252
0.090968	0.661394	0.667621	1.434114
0.073857	0.669034	0.673098	1.460849
0.048706	0.679416	0.681159	1.499231
0.073871	0.669001	0.673067	1.460822
0.090869	0.661275	0.667490	1.434236
0.090040	0.668423	0.674460	1.436897
0.065492	0.675490	0.678657	1.474143
0.079300	0.672821	0.677478	1.453475
0.095175	0.660160	0.666986	1.427613
0.101463	0.648616	0.656504	1.415624
0.090305	0.671539	0.677584	1.437123
0.084551	0.667965	0.673295	1.444886
0.061506	0.677234	0.680021	1.480226
0.077296	0.671910	0.676341	1.456261
0.092829	0.663912	0.670370	1.431875
0.075043	0.669211	0.673406	1.459126
0.049219	0.679945	0.681724	1.498536
0.065803	0.673308	0.676516	1.473375
0.081397	0.665842	0.670799	1.449153
0.091841	0.666683	0.672979	1.433899
0.077603	0.675239	0.679684	1.456372
0.097136	0.656799	0.663943	1.423967
0.098712	0.643106	0.650638	1.418492
0.096365	0.641563	0.648760	1.421707
0.096018	0.643949	0.651068	1.422779
0.095335	0.649374	0.656335	1.425027
0.085905	0.661671	0.667224	1.441688
0.072069	0.668622	0.672494	1.463424
0.054679	0.676220	0.678427	1.490113
0.035468	0.679243	0.680168	1.518627
0.016727	0.681196	0.681401	1.546246
0.034837	0.679312	0.680204	1.519558
0.053330	0.676512	0.678611	1.492128
0.069964	0.669564	0.673209	1.466682
0.084415	0.662620	0.667975	1.444082
0.095267	0.649818	0.656765	1.425228
0.096216	0.644368	0.651512	1.422573
0.097493	0.643120	0.650468	1.420348
0.100976	0.662744	0.670392	1.419598
0.087475	0.666882	0.672595	1.440370
0.073259	0.673023	0.676999	1.462372
0.058634	0.679238	0.681764	1.484686
0.076158	0.671817	0.676120	1.457916
0.090798	0.667733	0.673878	1.435646
0.074440	0.676850	0.680932	1.461257
0.090479	0.666822	0.672932	1.435933
0.101706	0.657249	0.665072	1.417270
0.096365	0.652611	0.659687	1.424194
0.089003	0.659360	0.665340	1.436624
0.066400	0.671919	0.675192	1.472295
0.050312	0.676607	0.678475	1.496573
0.030990	0.680366	0.681071	1.525279
0.005146	0.681455	0.681475	1.563244
-0.012496	0.681246	0.681360	1.589137
-0.032261	0.680106	0.680871	1.618196
-0.013759	0.681215	0.681354	1.590991
0.003663	0.681454	0.681464	1.565421
0.026317	0.680710	0.681218	1.532154
0.041517	0.678320	0.679589	1.509667
0.056510	0.675557	0.677916	1.487341
0.078644	0.665932	0.670560	1.453245
0.095036	0.654792	0.661653	1.426663
0.098977	0.649147	0.656650	1.419490
0.087686	0.674431	0.680107	1.441507
0.093323	0.666247	0.672751	1.431629
0.069326	0.671442	0.675011	1.467912
0.091743	0.660723	0.667062	1.432826
0.098716	0.661945	0.669266	1.422758
0.083427	0.672436	0.677591	1.447359
0.085540	0.665037	0.670516	1.442875
0.100706	0.664557	0.672144	1.420402
0.101616	0.648345	0.656260	1.415329
0.096913	0.634714	0.642070	1.419280
0.093487	0.629545	0.636449	1.423375
0.093147	0.630690	0.637531	1.424165
0.093563	0.633410	0.640283	1.424144
0.094374	0.637260	0.644210	1.423772
0.095481	0.642420	0.649477	1.423249
0.095113	0.650455	0.657372	1.425600
0.091738	0.652460	0.658878	1.431109
0.071167	0.669896	0.673665	1.464958
0.043268	0.677779	0.679159	1.507045
0.015785	0.680382	0.680565	1.547600
0.003072	0.680288	0.680295	1.566281
-0.017201	0.679971	0.680188	1.596087
-0.037696	0.677309	0.678357	1.626395
-0.045014	0.667945	0.669460	1.638086
-0.040322	0.666728	0.667946	1.631200
-0.030134	0.669745	0.670422	1.615760
-0.020274	0.674963	0.675268	1.600825
-0.019176	0.677499	0.677770	1.599093
-0.026961	0.678584	0.679120	1.610506
-0.042765	0.668509	0.669875	1.634681
-0.039049	0.676079	0.677206	1.628490
-0.036606	0.677143	0.678132	1.624803
-0.015079	0.679191	0.679358	1.592994
0.007499	0.678259	0.678300	1.559740
0.000422	0.677697	0.677697	1.570174
-0.008095	0.676567	0.676616	1.582761
-0.035088	0.666666	0.667589	1.623380
-0.052455	0.653498	0.655600	1.650893
-0.066670	0.639658	0.643123	1.674648
-0.083529	0.624039	0.629605	1.703858
-0.100697	0.608920	0.617190	1.734683
-0.115491	0.596915	0.607985	1.761914
-0.130577	0.585156	0.599548	1.790348
-0.116579	0.596126	0.607419	1.763921
-0.102456	0.607479	0.616059	1.737881
-0.087240	0.620824	0.626924	1.710405
-0.074320	0.632869	0.637218	1.687694
-0.055560	0.650982	0.653349	1.655938
-0.038482	0.663528	0.664643	1.628727
-0.018932	0.672793	0.673059	1.598929
-0.004596	0.676570	0.676585	1.577590
0.005453	0.677872	0.677894	1.562752
-0.012296	0.679070	0.679182	1.588901
-0.030618	0.676739	0.677431	1.616009
-0.036726	0.671164	0.672168	1.625462
-0.041390	0.675005	0.676272	1.632037
-0.039833	0.675596	0.676769	1.629688
-0.034718	0.677371	0.678260	1.622006
-0.043523	0.672091	0.673499	1.635464
-0.018844	0.677441	0.677703	1.598606
-0.024413	0.672569	0.673012	1.607079
-0.040389	0.666485	0.667708	1.631323
-0.047224	0.667784	0.669452	1.641397
-0.041505	0.675656	0.676929	1.632149
-0.022601	0.679691	0.680066	1.604037
-0.000259	0.680176	0.680176	1.571178
0.020056	0.680144	0.680440	1.541317
0.044035	0.677506	0.678936	1.505892
0.066061	0.672124	0.675363	1.472825
0.088107	0.658129	0.664001	1.437713
0.093303	0.654620	0.661236	1.429220
0.095715	0.644689	0.651755	1.423407
0.094812	0.639213	0.646206	1.423543
0.094134	0.635213	0.642151	1.423674
0.094071	0.632817	0.639770	1.423223
0.095905	0.634199	0.641410	1.420712
0.092777	0.626161	0.632997	1.423698
0.096919	0.633657	0.641026	1.419021
0.102740	0.651205	0.659259	1.414317
0.097544	0.663614	0.670744	1.424853
0.074676	0.674893	0.679012	1.460597
0.098080	0.663328	0.670540	1.423999
0.080479	0.668835	0.673659	1.451045
0.099059	0.654212	0.661669	1.420521
0.083175	0.672112	0.677239	1.447670
0.060292	0.679146	0.681817	1.482253
0.082381	0.669518	0.674568	1.448367
0.096256	0.667592	0.674496	1.427600
0.100401	0.647833	0.655567	1.417040
0.097789	0.647165	0.654511	1.420827
0.095132	0.650259	0.657181	1.425528
0.087486	0.660399	0.666168	1.439088
0.062174	0.673635	0.676498	1.478761
0.045124	0.677587	0.679088	1.504300
0.025903	0.680522	0.681014	1.532751
-0.001279	0.681028	0.681029	1.572674
-0.018945	0.680530	0.680794	1.598628
-0.036086	0.678573	0.679532	1.623925
-0.050943	0.668379	0.670318	1.646869
-0.042933	0.675291	0.676654	1.634288
-0.020961	0.680498	0.680820	1.601589
0.003976	0.681105	0.681117	1.564959
0.026647	0.680355	0.680876	1.531649
0.055417	0.677086	0.679350	1.489133
0.069664	0.670125	0.673736	1.467212
0.083068	0.662998	0.668182	1.446154
0.091073	0.656471	0.662758	1.432945
0.093993	0.650431	0.657188	1.427281
0.094960	0.646200	0.653140	1.424890
0.095583	0.643648	0.650706	1.423371
0.098728	0.645658	0.653163	1.419061
0.092597	0.659173	0.665645	1.431236
0.085428	0.672886	0.678287	1.444514
0.093064	0.664645	0.671129	1.431681
0.077937	0.667929	0.672460	1.454637
0.053978	0.678824	0.680967	1.491447
0.082370	0.669391	0.674439	1.448359
0.067835	0.674042	0.677446	1.470495
0.045625	0.681114	0.682641	1.503910
0.062333	0.675075	0.677946	1.478723
0.077760	0.668133	0.672643	1.454934
0.090735	0.667017	0.673160	1.435595
0.087380	0.673926	0.679567	1.441857
0.096674	0.655102	0.662196	1.424283
0.097159	0.640676	0.648001	1.420293
0.096595	0.643055	0.650269	1.421699
0.094091	0.642083	0.648940	1.425292
0.094123	0.654967	0.661695	1.428066
0.079995	0.665036	0.669830	1.451085
0.060276	0.673929	0.676620	1.481593
0.033230	0.679582	0.680394	1.521938
0.013799	0.680618	0.680758	1.550525
-0.006105	0.680844	0.680872	1.579763
0.016948	0.680532	0.680743	1.545898
0.042857	0.678596	0.679948	1.507724
0.064783	0.671801	0.674918	1.474662
0.082424	0.663229	0.668331	1.447153
0.092396	0.654713	0.661201	1.430598
0.096188	0.649651	0.656733	1.423804
0.093723	0.640315	0.647138	1.425459
0.096194	0.641535	0.648707	1.421961
0.096331	0.638884	0.646105	1.421143
0.099369	0.642375	0.650015	1.417323
0.102588	0.661662	0.669568	1.416975
0.094005	0.666431	0.673029	1.430663
0.070942	0.672146	0.675879	1.465639
0.083807	0.671141	0.676353	1.446567
0.097458	0.659628	0.666788	1.424111
0.086618	0.661825	0.667469	1.440658
0.064869	0.672938	0.676057	1.474697
0.036695	0.681040	0.682028	1.516967
0.055475	0.676021	0.678293	1.488919
0.071181	0.670086	0.673856	1.464966
0.091168	0.659075	0.665350	1.433341
0.099347	0.660682	0.668110	1.421544
0.079246	0.672940	0.677590	1.453575
0.065638	0.676901	0.680076	1.474131
0.082348	0.669305	0.674352	1.448377
0.097008	0.664571	0.671614	1.425848
0.099312	0.649708	0.657254	1.419114
0.096130	0.650540	0.657604	1.424089
0.087907	0.660433	0.666258	1.438469
0.075683	0.667024	0.671304	1.457816
0.057616	0.675659	0.678111	1.485728
0.037632	0.679354	0.680396	1.515459
0.017343	0.681697	0.681917	1.545361
0.034636	0.679707	0.680589	1.519884
0.052046	0.677013	0.679011	1.494072
0.066814	0.671015	0.674334	1.471552
0.081059	0.664642	0.669566	1.449437
0.095414	0.652081	0.659025	1.425505
0.098555	0.649204	0.656642	1.420138
0.095705	0.662632	0.669508	1.427356
0.082634	0.669900	0.674977	1.448064
0.069297	0.676918	0.680456	1.468780
0.092873	0.666459	0.672899	1.432336
0.086830	0.662733	0.668397	1.440520
0.070878	0.670395	0.674132	1.465463
0.052409	0.678466	0.680487	1.493703
0.051223	0.679528	0.681456	1.495558
0.078338	0.667500	0.672082	1.453970
0.093424	0.664791	0.671324	1.431179
0.081804	0.673360	0.678311	1.449902
0.093965	0.658648	0.665317	1.429089
0.099248	0.645811	0.653393	1.418310
0.095909	0.643169	0.650281	1.422768
0.095299	0.645587	0.652583	1.424239
0.094319	0.649961	0.656768	1.426687
0.090684	0.656991	0.663220	1.433634
0.077247	0.666344	0.670807	1.455385
0.061697	0.673142	0.675964	1.479396
0.044374	0.679052	0.680500	1.505542
0.017377	0.680902	0.681123	1.545282
-0.004598	0.681052	0.681067	1.577548
-0.028682	0.680100	0.680704	1.612945
-0.045932	0.674144	0.675707	1.638825
-0.047038	0.668565	0.670217	1.641037
-0.051195	0.663183	0.665156	1.647840
-0.050733	0.668738	0.670659	1.646515
-0.042386	0.675814	0.677142	1.633432
-0.018090	0.680661	0.680901	1.597367
-0.001883	0.681074	0.681077	1.573561
0.013149	0.681131	0.681258	1.551494
0.040337	0.678696	0.679894	1.511434
0.067590	0.671750	0.675142	1.470516
0.090671	0.656158	0.662393	1.433482
0.094769	0.653076	0.659916	1.426690
0.098118	0.647581	0.654973	1.420425
0.096379	0.662185	0.669162	1.426265
0.083100	0.669952	0.675086	1.447388
0.069106	0.677950	0.681463	1.469213
0.085301	0.667508	0.672936	1.443695
0.070711	0.672885	0.676591	1.466095
0.055558	0.678447	0.680718	1.489089
0.070710	0.672934	0.676639	1.466103
0.085296	0.667619	0.673045	1.443723
0.101020	0.663910	0.671551	1.419795
0.096605	0.660038	0.667070	1.425465
0.084248	0.663205	0.668535	1.444442
0.065663	0.672178	0.675377	1.473418
0.043317	0.679327	0.680706	1.507119
0.023164	0.681583	0.681976	1.536823
0.003691	0.682863	0.682873	1.565391
0.031025	0.680894	0.681600	1.525262
0.059474	0.675663	0.678276	1.483000
0.079441	0.665349	0.670074	1.451961
0.089994	0.659161	0.665276	1.435107
0.096082	0.657468	0.664452	1.425684
0.081710	0.671410	0.676364	1.449693
0.077265	0.667830	0.672285	1.455612
0.088343	0.669769	0.675571	1.439652
0.083282	0.675646	0.680760	1.448152
0.098149	0.657613	0.664897	1.422640
0.100460	0.643233	0.651031	1.415869
0.095184	0.628302	0.635471	1.420446
0.094658	0.628841	0.635925	1.421390
0.091385	0.623716	0.630375	1.425314
0.090853	0.623792	0.630373	1.426167
0.090101	0.623692	0.630167	1.427324
0.096268	0.636357	0.643597	1.420654
0.092166	0.630965	0.637661	1.425751
0.091003	0.630774	0.637305	1.427513
0.096785	0.642256	0.649508	1.421226
0.094744	0.642538	0.649486	1.424398
0.093980	0.645370	0.652177	1.426191
0.092735	0.649738	0.656322	1.429027
0.089746	0.655921	0.662032	1.434816
0.082759	0.662277	0.667428	1.446479
0.059580	0.674912	0.677537	1.482746
0.043257	0.677645	0.679024	1.507049
0.025249	0.679576	0.680045	1.533659
0.003842	0.680209	0.680220	1.565148
-0.020861	0.679819	0.680139	1.601473
-0.043558	0.674516	0.675921	1.635284
-0.044380	0.666438	0.667914	1.637292
-0.025982	0.672611	0.673113	1.609406
-0.021075	0.675101	0.675430	1.602003
-0.019612	0.677103	0.677387	1.599752
-0.023734	0.678201	0.678617	1.605777
-0.032797	0.677826	0.678619	1.619145
-0.045531	0.669273	0.670820	1.638721
-0.043095	0.667946	0.669334	1.635226
-0.039667	0.673375	0.674542	1.629637
-0.038799	0.667842	0.668968	1.628828
-0.044900	0.667808	0.669315	1.637930
-0.028202	0.673526	0.674116	1.612644
-0.024344	0.676890	0.677328	1.606745
-0.025520	0.673851	0.674334	1.608650
-0.037512	0.668859	0.669910	1.626821
-0.043249	0.674363	0.675748	1.634842
-0.018209	0.679539	0.679783	1.597585
0.007594	0.679475	0.679517	1.559620
-0.000404	0.679092	0.679093	1.571391
0.006491	0.677959	0.677990	1.561223
-0.008136	0.676262	0.676311	1.582827
-0.018032	0.672777	0.673019	1.597592
-0.037000	0.665234	0.666262	1.626359
-0.052508	0.652424	0.654533	1.651105
-0.065884	0.639421	0.642806	1.673471
-0.081111	0.626517	0.631745	1.699544
-0.093006	0.615700	0.622685	1.720721
-0.107948	0.602667	0.612258	1.748034
-0.129017	0.585808	0.599847	1.787574
-0.144855	0.573284	0.591301	1.818291
-0.166786	0.556784	0.581228	1.861843
-0.182634	0.545812	0.575557	1.893695
-0.197656	0.534838	0.570193	1.924792
-0.181282	0.546928	0.576189	1.890855
-0.162545	0.559641	0.582768	1.853464
-0.148772	0.570313	0.589398	1.825969
-0.133556	0.581085	0.596236	1.796712
-0.119799	0.591837	0.603840	1.770517
-0.105964	0.603240	0.612476	1.744680
-0.090183	0.617310	0.623863	1.715860
-0.076067	0.630456	0.635028	1.690869
-0.064331	0.642272	0.645486	1.670625
-0.050632	0.656593	0.658542	1.647757
-0.034141	0.665788	0.666662	1.622030
-0.018331	0.672821	0.673071	1.598034
-0.005514	0.676136	0.676158	1.578952
0.006428	0.677423	0.677453	1.561307
0.013330	0.678032	0.678163	1.551140
-0.014332	0.679293	0.679444	1.591892
-0.040240	0.674713	0.675912	1.630365
-0.045767	0.668092	0.669657	1.639193
-0.027304	0.671698	0.672253	1.611424
-0.037924	0.667969	0.669044	1.627510
-0.036369	0.668501	0.669490	1.625147
-0.033614	0.669436	0.670279	1.620966
-0.045519	0.670534	0.672077	1.638577
-0.034008	0.677467	0.678320	1.620952
-0.023321	0.678156	0.678557	1.605171
-0.021919	0.677464	0.677818	1.603140
-0.029369	0.670057	0.670701	1.614599
-0.044732	0.666473	0.667972	1.637813
-0.043944	0.674246	0.675677	1.635880
-0.021474	0.679764	0.680103	1.602376
0.003805	0.680144	0.680155	1.565203
0.017947	0.680045	0.680281	1.544412
0.044811	0.677382	0.678863	1.504740
0.071540	0.669687	0.673497	1.464374
0.092049	0.651287	0.657760	1.430392
0.095511	0.649917	0.656898	1.424882
0.092945	0.640090	0.646803	1.426598
0.096209	0.642129	0.649296	1.422074
0.096289	0.638464	0.645684	1.421111
0.089072	0.625126	0.631440	1.429263
0.090591	0.625914	0.632436	1.427060
0.091293	0.625887	0.632510	1.425956
0.094504	0.630332	0.637377	1.421978
0.093421	0.626143	0.633074	1.422688
0.093278	0.624444	0.631372	1.422516
0.094532	0.626033	0.633130	1.420928
0.100332	0.642243	0.650033	1.415827
0.100835	0.658094	0.665774	1.418757
0.089333	0.667141	0.673096	1.437683
0.067395	0.678071	0.681412	1.471729
0.083474	0.670281	0.675459	1.446898
0.069053	0.671882	0.675421	1.468380
0.081759	0.668999	0.673977	1.449188
0.098391	0.656254	0.663589	1.421977
0.093588	0.655565	0.662212	1.428995
0.087404	0.660460	0.666219	1.439222
0.074551	0.667931	0.672079	1.459641
0.056023	0.676980	0.679294	1.488230
0.038572	0.679658	0.680752	1.514105
0.020432	0.681554	0.681860	1.540826
0.005410	0.682061	0.682083	1.562864
-0.009818	0.682233	0.682304	1.585186
0.015674	0.681755	0.681935	1.547809
0.043123	0.679334	0.680702	1.507403
0.066519	0.671606	0.674892	1.472073
0.084913	0.662164	0.667586	1.443257
0.094568	0.656332	0.663110	1.427696
0.080386	0.675273	0.680040	1.452312
0.092132	0.665608	0.671954	1.433253
0.080662	0.665926	0.670794	1.450256
0.054392	0.678001	0.680179	1.490743
0.055271	0.678248	0.680497	1.489485
0.081952	0.665759	0.670784	1.448316
0.093031	0.665973	0.672439	1.432003
0.081545	0.674425	0.679337	1.450470
0.095381	0.657883	0.664761	1.426817
0.098799	0.644363	0.651893	1.418653
0.096107	0.643418	0.650556	1.422523
0.095476	0.648585	0.655574	1.424639
0.087269	0.660723	0.666461	1.439476
0.074349	0.667466	0.671594	1.459864
0.055837	0.675816	0.678119	1.488362
0.036307	0.678946	0.679916	1.517372
0.017227	0.680886	0.681104	1.545501
0.003216	0.680858	0.680865	1.566073
-0.026728	0.680088	0.680613	1.610078
-0.039493	0.675018	0.676172	1.629237
-0.049587	0.668617	0.670453	1.644824
-0.048392	0.664548	0.666308	1.643488
-0.049599	0.661204	0.663061	1.645670
-0.045632	0.664676	0.666241	1.639342
-0.049680	0.668021	0.669865	1.645029
-0.042528	0.675788	0.677125	1.633644
-0.026421	0.679640	0.680153	1.609651
-0.008691	0.680740	0.680796	1.583562
0.019843	0.680660	0.680949	1.541652
0.044552	0.678298	0.679759	1.505208
0.066010	0.672809	0.676039	1.472998
0.086414	0.660171	0.665803	1.440640
0.092390	0.654301	0.660791	1.430519
0.094453	0.649435	0.656267	1.426370
0.095192	0.645934	0.652910	1.424479
0.095235	0.643136	0.650149	1.423785
0.095107	0.640840	0.647859	1.423462
0.095572	0.639599	0.646700	1.422469
0.099528	0.644142	0.651785	1.417497
0.099324	0.657145	0.664609	1.420787
0.075800	0.670914	0.675182	1.458293
0.089920	0.670037	0.676044	1.437392
0.093706	0.659956	0.666575	1.429751
0.077805	0.666784	0.671308	1.454635
0.061690	0.674114	0.676931	1.479537
0.043636	0.680311	0.681709	1.506743
0.049705	0.678806	0.680623	1.497702
0.075962	0.667358	0.671667	1.457460
0.090020	0.659086	0.665205	1.435052
0.096211	0.656122	0.663138	1.425198
0.092751	0.670859	0.677240	1.433410
0.092082	0.666338	0.672670	1.433474
0.086129	0.674972	0.680445	1.443878
0.097004	0.650194	0.657390	1.422696
0.093828	0.651575	0.658296	1.427777
0.090434	0.656913	0.663108	1.433992
0.082593	0.663065	0.668189	1.446873
0.059830	0.675344	0.677989	1.482436
0.041828	0.678724	0.680012	1.509247
0.021902	0.680844	0.681196	1.538639
-0.007557	0.681501	0.681543	1.581884
0.013798	0.681307	0.681447	1.550548
0.035613	0.680020	0.680952	1.518474
0.060012	0.674157	0.676823	1.482012
0.078744	0.665802	0.670442	1.453074
0.093989	0.656767	0.663459	1.428652
0.080490	0.672604	0.677403	1.451693
0.096973	0.670507	0.677483	1.427166
0.096656	0.641987	0.649222	1.421361
0.095751	0.643036	0.650126	1.422978
0.095450	0.646012	0.653025	1.424106
0.094232	0.650942	0.657727	1.427033
0.088890	0.658943	0.664912	1.436708
0.070180	0.670011	0.673676	1.466433
0.055360	0.675173	0.677439	1.488986
0.038713	0.679786	0.680887	1.513908
0.010639	0.681047	0.681130	1.555175
-0.018448	0.680562	0.680812	1.597897
-0.034193	0.677549	0.678411	1.621219
-0.048042	0.672175	0.673889	1.642147
-0.049604	0.666057	0.667901	1.645134
-0.040071	0.667318	0.668520	1.630772
-0.051474	0.660368	0.662371	1.648587
-0.049302	0.664853	0.666678	1.644815
-0.049775	0.669675	0.671523	1.644987
-0.025035	0.680267	0.680727	1.607581
-0.009640	0.680810	0.680879	1.584955
0.005600	0.681009	0.681032	1.562574
0.023968	0.680767	0.681189	1.535604
0.039599	0.678532	0.679687	1.512502
0.055042	0.675855	0.678092	1.489535
0.078385	0.665986	0.670583	1.453638
0.093957	0.652634	0.659362	1.427813
0.095625	0.645689	0.652732	1.423767
0.096158	0.642657	0.649811	1.422273
0.100030	0.646394	0.654088	1.417264
0.096407	0.659828	0.666833	1.425714
0.077437	0.675494	0.679918	1.456658
0.097722	0.659482	0.666682	1.423687
0.092956	0.662598	0.669087	1.431416
0.073323	0.670220	0.674219	1.461829
0.059410	0.676028	0.678634	1.483141
0.045186	0.681517	0.683013	1.504592
0.070523	0.672607	0.676294	1.466328
0.086739	0.667865	0.673474	1.441644
0.081927	0.675850	0.680798	1.450164
0.098610	0.658007	0.665355	1.422041
0.101252	0.643721	0.651635	1.414783
0.094480	0.625239	0.632337	1.420820
0.093146	0.623298	0.630220	1.422454
0.092995	0.624178	0.631068	1.422896
0.093665	0.627105	0.634061	1.422531
0.090740	0.622799	0.629375	1.426117
0.095022	0.632336	0.639436	1.421641
0.092679	0.629850	0.636632	1.424701
0.092016	0.630503	0.637182	1.425878
0.091828	0.631988	0.638625	1.426505
0.091822	0.633767	0.640384	1.426915
0.091958	0.635750	0.642366	1.427148
0.091853	0.637657	0.644239	1.427732
0.096010	0.651115	0.658155	1.424396
0.090955	0.656883	0.663150	1.433207
0.077797	0.665837	0.670367	1.454482
0.062281	0.672294	0.675173	1.478421
0.044671	0.677835	0.679306	1.504989
0.027254	0.679336	0.679882	1.530700
0.010386	0.680139	0.680219	1.555528
-0.012776	0.679978	0.680098	1.589583
-0.028398	0.678023	0.678618	1.612656
-0.043420	0.674202	0.675599	1.635110
-0.046575	0.667772	0.669395	1.640430
-0.040630	0.666587	0.667824	1.631674
-0.028636	0.670391	0.671002	1.613485
-0.025106	0.677340	0.677805	1.607845
-0.023346	0.677919	0.678320	1.605220
-0.033029	0.677588	0.678392	1.619503
-0.040839	0.668428	0.669674	1.631818
-0.039765	0.668180	0.669363	1.630238
-0.030671	0.670469	0.671171	1.616510
-0.041291	0.671593	0.672861	1.632201
-0.023984	0.676336	0.676761	1.606244
-0.023483	0.676447	0.676855	1.605498
-0.022602	0.675132	0.675510	1.604262
-0.038896	0.671691	0.672816	1.628639
-0.033171	0.670485	0.671305	1.620230
-0.039544	0.671249	0.672413	1.629639
-0.029292	0.670530	0.671169	1.614453
-0.040813	0.671962	0.673200	1.631459
-0.041177	0.669192	0.670458	1.632251
-0.033139	0.670309	0.671128	1.620194
-0.041246	0.673816	0.675077	1.631933
-0.036583	0.675403	0.676393	1.624909
-0.027013	0.675688	0.676228	1.610753
-0.039338	0.667303	0.668462	1.629679
-0.047049	0.669048	0.670701	1.641003
-0.034875	0.677982	0.678878	1.622191
-0.015011	0.679683	0.679848	1.592878
0.004161	0.679765	0.679777	1.564675
0.031391	0.678088	0.678815	1.524535
0.022534	0.678565	0.678939	1.537600
0.029960	0.677450	0.678112	1.526601
0.002124	0.678812	0.678816	1.567668
-0.002073	0.677350	0.677353	1.573857
-0.006847	0.675552	0.675587	1.580931
-0.034732	0.666457	0.667361	1.622864
-0.056293	0.647968	0.650408	1.657455
-0.071544	0.632573	0.636606	1.683418
-0.090568	0.616157	0.622778	1.716740
-0.103287	0.604441	0.613202	1.740041
-0.125294	0.586620	0.599852	1.781221
-0.142715	0.573197	0.590697	1.814816
-0.165402	0.556223	0.580294	1.859835
-0.189713	0.539258	0.571656	1.909078
-0.211690	0.523216	0.564418	1.955257
-0.235858	0.505613	0.557919	2.007269
-0.256226	0.489624	0.552615	2.052918
-0.271144	0.477702	0.549289	2.087052
-0.284861	0.465940	0.546119	2.119533
-0.299069	0.453932	0.543596	2.153361
-0.312400	0.441951	0.541216	2.186116
-0.324257	0.430993	0.539349	2.215798
-0.335582	0.419876	0.537504	2.245074
-0.319861	0.435091	0.540014	2.204730
-0.302426	0.450829	0.542871	2.161670
-0.291085	0.460918	0.545138	2.134081
-0.279318	0.470766	0.547393	2.106295
-0.266181	0.481584	0.550250	2.075726
-0.252336	0.492326	0.553226	2.044425
-0.228652	0.510440	0.559312	1.991945
-0.215405	0.520229	0.563060	1.963362
-0.201701	0.529862	0.566955	1.934526
-0.177717	0.547429	0.575553	1.884702
-0.162730	0.558282	0.581515	1.854422
-0.147034	0.569323	0.588003	1.823536
-0.126894	0.584836	0.598444	1.784459
-0.111061	0.597881	0.608108	1.754461
-0.090570	0.615265	0.621896	1.716951
-0.076666	0.628169	0.632830	1.692243
-0.064948	0.639639	0.642928	1.671988
-0.051269	0.653121	0.655131	1.649135
-0.030483	0.667255	0.667951	1.616448
-0.011998	0.674333	0.674440	1.588586
0.002282	0.676798	0.676802	1.567425
0.002036	0.678333	0.678336	1.567795
0.027211	0.677155	0.677701	1.530633
0.022134	0.678266	0.678627	1.538175
0.033163	0.677624	0.678435	1.521896
0.011059	0.679589	0.679679	1.554525
-0.004988	0.679771	0.679789	1.578134
-0.023361	0.679485	0.679886	1.605164
-0.047116	0.668991	0.670648	1.641109
-0.034022	0.668887	0.669752	1.621616
-0.021969	0.675224	0.675581	1.603320
-0.027778	0.671234	0.671808	1.612156
-0.037542	0.671048	0.672097	1.626684
-0.029374	0.672000	0.672641	1.614479
-0.028952	0.676335	0.676954	1.613578
-0.028267	0.673874	0.674467	1.612719
-0.037973	0.670377	0.671451	1.627380
-0.028715	0.677840	0.678447	1.613133
-0.024171	0.676796	0.677228	1.606495
-0.025464	0.673216	0.673697	1.608603
-0.036441	0.669636	0.670627	1.625161
-0.047523	0.669486	0.671170	1.641662
-0.033466	0.678388	0.679213	1.620088
-0.014456	0.679712	0.679865	1.592062
0.003909	0.679781	0.679793	1.565046
0.023652	0.678888	0.679300	1.535971
0.038009	0.677134	0.678199	1.514723
0.021452	0.678560	0.678899	1.539193
0.005088	0.679401	0.679420	1.563308
0.002970	0.678569	0.678575	1.566420
0.006465	0.677159	0.677189	1.561249
-0.006706	0.675498	0.675531	1.580723
-0.022699	0.670842	0.671226	1.604621
-0.037327	0.662905	0.663955	1.627045
-0.050962	0.654053	0.656035	1.648557
-0.066592	0.638240	0.641705	1.674757
-0.078937	0.626236	0.631191	1.696185
-0.093209	0.613114	0.620159	1.721666
-0.110838	0.597979	0.608164	1.754070
-0.126067	0.585344	0.598766	1.782928
-0.144386	0.571989	0.589931	1.818059
-0.162216	0.558847	0.581914	1.853301
-0.174577	0.550193	0.577225	1.878050
-0.186601	0.541272	0.572535	1.902783
-0.166276	0.555845	0.580183	1.861464
-0.145133	0.571043	0.589197	1.819681
-0.122870	0.588135	0.600833	1.776749
-0.104728	0.603868	0.612882	1.742517
-0.089013	0.618372	0.624746	1.713762
-0.073690	0.632979	0.637254	1.686692
-0.059821	0.646834	0.649594	1.663017
-0.041739	0.663513	0.664825	1.633619
-0.018825	0.673372	0.673635	1.598746
-0.009598	0.676232	0.676300	1.584989
-0.000648	0.677516	0.677517	1.571753
0.010039	0.677957	0.678031	1.555989
0.018998	0.677966	0.678232	1.542781
0.027144	0.677695	0.678238	1.530764
0.034704	0.677209	0.678097	1.519596
0.036875	0.677262	0.678265	1.516404
0.011212	0.679457	0.679550	1.554296
-0.003986	0.679685	0.679697	1.576661
-0.019651	0.679556	0.679840	1.599705
-0.047069	0.670772	0.672422	1.640853
-0.028629	0.679253	0.679856	1.612919
-0.011797	0.679776	0.679878	1.588148
0.004517	0.679816	0.679831	1.564151
0.021106	0.679305	0.679633	1.539737
0.005873	0.679776	0.679801	1.562157
-0.011751	0.679844	0.679945	1.588079
-0.033861	0.677780	0.678625	1.620713
-0.046468	0.671255	0.672862	1.639912
-0.043302	0.667067	0.668471	1.635620
-0.033618	0.668778	0.669622	1.621022
-0.028646	0.675627	0.676234	1.613170
-0.033240	0.676795	0.677611	1.619871
-0.042999	0.671885	0.673260	1.634707
-0.042740	0.669106	0.670469	1.634586
-0.040247	0.670748	0.671955	1.630728
-0.024438	0.677582	0.678022	1.606848
-0.022866	0.674112	0.674500	1.604704
-0.039827	0.667035	0.668223	1.630433
-0.047279	0.670784	0.672448	1.641164
-0.024109	0.679541	0.679968	1.606260
-0.008406	0.679894	0.679946	1.583159
0.006977	0.679888	0.679923	1.560535
0.022936	0.679084	0.679471	1.537034
0.038986	0.677775	0.678895	1.513340
0.047349	0.676386	0.678042	1.500907
0.038470	0.677533	0.678624	1.514078
0.025047	0.678711	0.679173	1.533910
0.037516	0.677092	0.678131	1.515445
0.020428	0.678541	0.678849	1.540699
0.003712	0.679327	0.679338	1.565331
-0.001730	0.678256	0.678258	1.573347
-0.004659	0.676359	0.676375	1.577685
-0.024279	0.670598	0.671038	1.606986
-0.043493	0.659666	0.661099	1.636632
-0.057784	0.646088	0.648667	1.659995
-0.078474	0.626868	0.631761	1.695333
-0.091387	0.614796	0.621551	1.718362
-0.107842	0.600690	0.610294	1.748434
-0.122381	0.588297	0.600892	1.775897
-0.138001	0.576976	0.593250	1.805566
-0.152160	0.566118	0.586210	1.833369
-0.172598	0.550824	0.577233	1.874451
-0.186502	0.541047	0.572289	1.902747
-0.199459	0.531092	0.567312	1.930062
-0.217768	0.517905	0.561827	1.968832
-0.234647	0.505072	0.556917	2.005709
-0.252432	0.491784	0.552787	2.045026
-0.268465	0.478919	0.549033	2.081714
-0.283936	0.466363	0.545998	2.117683
-0.298069	0.454049	0.543145	2.151706
-0.314700	0.439300	0.540389	2.192423
-0.329838	0.424925	0.537917	2.230872
-0.342615	0.412258	0.536043	2.264198
-0.354624	0.399591	0.534258	2.296644
-0.367398	0.386017	0.532907	2.331486
-0.379293	0.372517	0.531631	2.365207
-0.388985	0.360935	0.530644	2.393581
-0.398322	0.349108	0.529657	2.421944
-0.385833	0.364679	0.530903	2.384372
-0.371862	0.380816	0.532261	2.344298
-0.356319	0.397866	0.534098	2.301161
-0.338861	0.415618	0.536250	2.254808
-0.320960	0.433149	0.539104	2.208508
-0.299837	0.452148	0.542531	2.156353
-0.286944	0.463647	0.545257	2.124985
-0.273291	0.475131	0.548122	2.092775
-0.254850	0.490088	0.552390	2.050322
-0.234353	0.505667	0.557334	2.004782
-0.255634	0.489428	0.552167	2.052133
-0.274811	0.473799	0.547729	2.096392
-0.288060	0.462597	0.544954	2.127742
-0.300539	0.451345	0.542251	2.158250
-0.319274	0.434507	0.539196	2.204495
-0.335637	0.418590	0.536535	2.246651
-0.350195	0.403837	0.534528	2.285173
-0.363342	0.389515	0.532672	2.321443
-0.376197	0.375271	0.531368	2.357428
-0.388080	0.361181	0.530149	2.392080
-0.397442	0.349411	0.529196	2.420417
-0.406445	0.337404	0.528242	2.448745
-0.416044	0.324541	0.527655	2.479126
-0.425113	0.311558	0.527057	2.509137
-0.439984	0.288428	0.526096	2.561331
-0.427991	0.307015	0.526721	2.519323
-0.414075	0.326676	0.527424	2.473638
-0.425828	0.310046	0.526742	2.512255
-0.436377	0.293856	0.526096	2.548943
-0.444755	0.280105	0.525610	2.579551
-0.452527	0.266346	0.525091	2.609617
-0.463611	0.246148	0.524903	2.653503
-0.472926	0.227200	0.524670	2.693736
-0.480632	0.210293	0.524624	2.729154
-0.487310	0.193968	0.524494	2.762779
-0.481438	0.208087	0.524483	2.733622
-0.475126	0.222062	0.524458	2.704384
-0.467520	0.237734	0.524493	2.671168
-0.459076	0.253641	0.524485	2.636830
-0.467619	0.237214	0.524345	2.672139
-0.475146	0.221269	0.524141	2.705770
-0.481199	0.207427	0.524002	2.734599
-0.486837	0.193427	0.523855	2.763405
-0.494595	0.173274	0.524069	2.804618
-0.501072	0.154047	0.524217	2.843329
-0.506080	0.137361	0.524390	2.876557
-0.510340	0.121015	0.524491	2.908766
-0.503182	0.145503	0.523797	2.860104
-0.509706	0.122049	0.524115	2.906568
-0.514627	0.100400	0.524329	2.948921
-0.519691	0.074180	0.524958	2.999812
-0.523044	0.050241	0.525452	3.045832
-0.523274	0.042223	0.524975	3.061077
-0.525125	0.020442	0.525523	3.102684
-0.525931	0.000233	0.525931	3.141150
-0.526156	-0.029265	0.526969	3.197155
-0.524896	-0.054988	0.527768	3.245972
-0.524476	-0.050444	0.526896	3.237477
-0.522835	-0.071251	0.527668	3.277037
-0.520478	-0.090622	0.528308	3.313977
-0.516170	-0.118719	0.529647	3.367660
-0.510913	-0.144182	0.530868	3.416645
-0.512884	-0.131739	0.529533	3.393017
-0.508350	-0.151964	0.530578	3.432072
-0.503282	-0.170990	0.531536	3.469106
-0.495115	-0.198334	0.533362	3.522600
-0.486536	-0.222586	0.535034	3.570659
-0.487489	-0.217993	0.534010	3.562095
-0.480811	-0.235285	0.535293	3.596683
-0.473744	-0.251970	0.536584	3.630409
-0.463740	-0.274141	0.538710	3.675481
-0.453588	-0.294457	0.540783	3.717385
-0.456620	-0.287073	0.539363	3.702842
-0.443163	-0.312068	0.542014	3.755121
-0.430426	-0.334326	0.545014	3.801985
-0.417795	-0.354641	0.548017	3.845413
-0.421835	-0.347075	0.546265	3.830067
-0.411655	-0.362914	0.548786	3.864147
-0.401266	-0.378252	0.551443	3.897475
-0.391595	-0.391876	0.553998	3.927350
-0.381710	-0.405238	0.556706	3.956880
-0.383837	-0.401406	0.555390	3.949362
-0.373011	-0.415832	0.558618	3.981220
-0.361973	-0.429969	0.562048	4.012640
-0.352022	-0.442304	0.565290	4.040164
-0.341993	-0.454347	0.568675	4.067153
-0.344724	-0.450114	0.566954	4.058815
-0.334263	-0.462646	0.570765	4.086719
-0.323721	-0.474941	0.574774	4.114117
-0.304387	-0.496800	0.582634	4.162687
-0.300407	-0.500537	0.583765	4.171845
-0.282396	-0.520660	0.592313	4.215414
-0.264988	-0.539666	0.601214	4.255949
-0.260749	-0.543644	0.602942	4.265167
-0.244174	-0.562016	0.612766	4.302531
-0.227580	-0.580165	0.623205	4.338566
-0.214109	-0.594952	0.632306	4.366943
-0.201250	-0.609209	0.641589	4.393330
-0.187952	-0.623868	0.651565	4.419768
-0.181657	-0.630463	0.656112	4.431855
-0.161969	-0.651927	0.671746	4.468872
-0.149455	-0.664374	0.680977	4.491116
-0.134772	-0.676894	0.690180	4.515856
-0.115280	-0.688757	0.698337	4.546553
-0.094647	-0.697152	0.703547	4.577452
-0.073221	-0.702479	0.706285	4.608531
-0.053088	-0.706245	0.708238	4.637361
-0.031847	-0.708171	0.708886	4.667449
-0.011114	-0.708994	0.709081	4.696714
0.007614	-0.707858	0.707899	4.723145
0.027041	-0.706134	0.706652	4.750664
0.043273	-0.702676	0.704007	4.773895
0.062324	-0.697646	0.700424	4.801487
0.074184	-0.691869	0.695835	4.819204
0.088845	-0.684507	0.690249	4.841461
0.098525	-0.677555	0.684681	4.856790
0.111124	-0.669816	0.678971	4.876794
0.117475	-0.663972	0.674284	4.887504
0.127577	-0.657265	0.669532	4.904108
0.133085	-0.651768	0.665217	4.913810
0.143363	-0.645093	0.660832	4.931070
0.148199	-0.640285	0.657212	4.939841
0.157433	-0.634246	0.653493	4.955693
0.168846	-0.625290	0.647685	4.976127
0.179808	-0.616922	0.642591	4.995992
0.190755	-0.608336	0.637542	5.016248
0.201589	-0.600239	0.633186	5.036400
0.206151	-0.595623	0.630289	5.045593
0.217139	-0.588589	0.627365	5.065813
0.220496	-0.584677	0.624873	5.073020
0.230588	-0.578101	0.622392	5.091923
0.234294	-0.574048	0.620019	5.099895
0.245448	-0.566881	0.617736	5.120999
0.248883	-0.563115	0.615663	5.128550
0.258392	-0.556645	0.613694	5.146986
0.267555	-0.549091	0.610808	5.165800
0.278078	-0.541032	0.608311	5.187155
0.286971	-0.533517	0.605800	5.205883
0.297408	-0.525293	0.603643	5.227567
0.300730	-0.521411	0.601921	5.235547
0.312341	-0.513093	0.600684	5.259211
0.315587	-0.509353	0.599196	5.267084
0.325122	-0.502047	0.598127	5.287071
0.328333	-0.498190	0.596654	5.295102
0.339279	-0.489757	0.595795	5.318233
0.351705	-0.478413	0.593781	5.346317
0.360482	-0.469929	0.592268	5.366744
0.370761	-0.460412	0.591137	5.390342
0.379098	-0.451899	0.589854	5.410404
0.389089	-0.442145	0.588967	5.434046
0.392268	-0.437956	0.587945	5.442811
0.402337	-0.428524	0.587799	5.466280
0.413799	-0.416013	0.586768	5.495119
0.418379	-0.410469	0.586111	5.507330
0.426208	-0.402122	0.585965	5.526856
0.437031	-0.389263	0.585253	5.555532
0.444099	-0.380233	0.584637	5.575109
0.452920	-0.369436	0.584482	5.598959
0.459382	-0.360541	0.583971	5.617758
0.467620	-0.349733	0.583936	5.641029
0.478360	-0.334667	0.583807	5.672719
0.487707	-0.320656	0.583677	5.701573
0.497580	-0.305239	0.583744	5.732937
0.506109	-0.290939	0.583774	5.761460
0.511401	-0.281235	0.583630	5.780395
0.518273	-0.269173	0.584004	5.804166
0.522719	-0.260067	0.583841	5.821518
0.528957	-0.248129	0.584264	5.844569
0.536992	-0.231331	0.584700	5.876421
0.543768	-0.215840	0.585039	5.905325
0.550778	-0.198814	0.585562	5.936771
0.556666	-0.183061	0.585994	5.965472
0.559548	-0.173991	0.585976	5.981714
0.564303	-0.160651	0.586725	6.005834
0.566360	-0.152733	0.586593	6.019776
0.570404	-0.139900	0.587310	6.042668
0.575469	-0.121159	0.588085	6.075677
0.579351	-0.104324	0.588669	6.105024
0.583252	-0.085475	0.589482	6.137672
0.586139	-0.068440	0.590121	6.166947
0.587023	-0.060221	0.590104	6.180956
0.589296	-0.045752	0.591069	6.205702
0.589262	-0.040645	0.590662	6.214319
0.591249	-0.025324	0.591791	6.240381
0.592647	-0.006375	0.592681	6.272429
0.593334	0.010919	0.593435	6.301585
0.593609	0.029748	0.594354	6.333258
0.593291	0.046976	0.595148	6.362199
0.592597	0.053933	0.595046	6.373947
0.592173	0.070015	0.596298	6.400872
0.591235	0.074965	0.595969	6.409306
0.590296	0.090699	0.597223	6.435643
0.588108	0.109936	0.598295	6.467984
0.585518	0.127420	0.599222	6.497463
0.582233	0.146214	0.600312	6.529224
0.578621	0.163562	0.601294	6.558674
0.576794	0.169387	0.601152	6.568825
0.573185	0.186093	0.602637	6.597113
0.571281	0.191328	0.602469	6.606355
0.567435	0.206241	0.603753	6.631802
0.562186	0.223051	0.604818	6.660893
0.556651	0.239249	0.605889	6.689115
0.550527	0.255606	0.606972	6.717861
0.544147	0.271381	0.608066	6.745814
0.539459	0.281768	0.608613	6.764526
0.533106	0.296136	0.609834	6.790235
0.528328	0.305508	0.610299	6.807461
0.521716	0.318867	0.611444	6.831791
0.513467	0.334112	0.612600	6.860050
0.504930	0.348980	0.613792	6.887944
0.496009	0.363477	0.614931	6.915590
0.486587	0.378011	0.616165	6.943659
0.481369	0.385117	0.616467	6.957954
0.471448	0.399620	0.618028	6.986310
0.467241	0.404553	0.618043	6.996799
0.456652	0.418884	0.619673	7.025473
0.446777	0.430903	0.620715	7.050499
0.435286	0.444468	0.622115	7.079020
0.425310	0.455342	0.623077	7.102672
0.413122	0.468339	0.624509	7.131144
0.403075	0.478222	0.625433	7.153646
0.389966	0.490940	0.626973	7.182711
0.379923	0.499836	0.627835	7.204051
0.366584	0.511544	0.629334	7.232186
0.356071	0.520000	0.630228	7.253562
0.341807	0.531369	0.631811	7.282362
0.331586	0.538745	0.632610	7.302258
0.317142	0.549158	0.634156	7.330266
0.306246	0.556312	0.635035	7.350760
0.290857	0.566356	0.636677	7.379547
0.280331	0.572520	0.637467	7.398653
0.265106	0.581444	0.639030	7.426196
0.253772	0.587438	0.639909	7.446198
0.237464	0.596012	0.641575	7.474837
0.228057	0.600289	0.642150	7.490911
0.210787	0.608443	0.643921	7.520484
0.197232	0.614096	0.644991	7.543214
0.178656	0.621638	0.646801	7.574129
0.165389	0.626339	0.647807	7.595817
0.146988	0.632702	0.649551	7.625712
0.132907	0.636917	0.650636	7.648262
0.113506	0.642510	0.652459	7.679126
0.099773	0.645820	0.653482	7.700703
0.080838	0.650205	0.655211	7.730289
0.069591	0.652233	0.655935	7.747687
0.048051	0.656257	0.658014	7.780892
0.037779	0.657536	0.658620	7.796589
0.016837	0.660396	0.660610	7.828492
0.005642	0.661302	0.661326	7.845450
-0.016402	0.663223	0.663426	7.878708
-0.027251	0.663554	0.664113	7.895026
-0.047754	0.664299	0.666014	7.925745
-0.063124	0.664200	0.667193	7.948735
-0.084491	0.663776	0.669132	7.980590
-0.097300	0.662909	0.670012	7.999718
-0.119591	0.661346	0.672072	8.032878
-0.133137	0.659745	0.673044	8.053108
-0.156273	0.656870	0.675203	8.087546
-0.168051	0.654763	0.675985	8.105218
-0.190855	0.650715	0.678126	8.139280
-0.203781	0.647792	0.679089	8.158758
-0.225580	0.642707	0.681145	8.191534
-0.237951	0.639218	0.682071	8.210342
-0.257743	0.633488	0.683915	8.240391
-0.270939	0.629086	0.684950	8.260660
-0.291633	0.621938	0.686918	8.292449
-0.307395	0.615854	0.688308	8.316938
-0.323028	0.609370	0.689695	8.341420
-0.336143	0.603410	0.690721	8.362238
-0.359460	0.592534	0.693043	8.399276
-0.371858	0.586003	0.694030	8.419431
-0.393275	0.574456	0.696179	8.454300
-0.406034	0.566814	0.697238	8.475594
-0.428229	0.553148	0.699537	8.512771
-0.440352	0.544888	0.700581	8.533673
-0.460262	0.530950	0.702673	8.568186
-0.475097	0.519760	0.704179	8.594516
-0.489655	0.508155	0.705680	8.620842
-0.503040	0.496883	0.707066	8.645537
-0.516165	0.485257	0.708449	8.670235
-0.529869	0.472502	0.709943	8.696548
-0.543257	0.459358	0.711434	8.722866
-0.555496	0.446677	0.712808	8.747539
-0.567436	0.433670	0.714180	8.772211
-0.578606	0.420773	0.715426	8.796018
-0.594779	0.401322	0.717510	8.831207
-0.607117	0.385322	0.719072	8.859252
-0.619022	0.368940	0.720628	8.887301
-0.631077	0.351323	0.722279	8.916803
-0.642621	0.333316	0.723921	8.946297
-0.653059	0.315908	0.725454	8.974227
-0.663020	0.298174	0.726982	9.002156
-0.672326	0.280491	0.728489	9.029537
-0.681150	0.262528	0.729991	9.056904
-0.689069	0.245209	0.731398	9.082896
-0.696541	0.227654	0.732800	9.108887
-0.703952	0.208881	0.734289	9.136327
-0.710849	0.189876	0.735771	9.163761
-0.716906	0.171616	0.737161	9.189816
-0.722489	0.153168	0.738546	9.215871
-0.728431	0.131355	0.740180	9.246369
-0.733704	0.109324	0.741804	9.276863
-0.738103	0.088054	0.743336	9.306042
-0.741873	0.066632	0.744860	9.335202
-0.745167	0.043976	0.746464	9.365832
-0.747757	0.021199	0.748057	9.396436
-0.749558	-0.000632	0.749559	9.425621
-0.750713	-0.022534	0.751051	9.454786
-0.751210	-0.042775	0.752427	9.481658
-0.751155	-0.063054	0.753797	9.508525
-0.750573	-0.082557	0.755099	9.534329
-0.749479	-0.102064	0.756397	9.560126
-0.747809	-0.122278	0.757740	9.586859
-0.745589	-0.142465	0.759078	9.613580
-0.742914	-0.161936	0.760358	9.639395
-0.739726	-0.181356	0.761633	9.665202
-0.735342	-0.204074	0.763134	9.695488
-0.730253	-0.226677	0.764625	9.725756
-0.724726	-0.248148	0.766032	9.754669
-0.718565	-0.269469	0.767430	9.783558
-0.711473	-0.291540	0.768888	9.813678
-0.703699	-0.313410	0.770336	9.843779
-0.695605	-0.334164	0.771708	9.872618
-0.686899	-0.354694	0.773070	9.901436
-0.677950	-0.374226	0.774378	9.929152
-0.668445	-0.393521	0.775679	9.956856
-0.658711	-0.411962	0.776925	9.983669
-0.648468	-0.430153	0.778166	10.010472
-0.637357	-0.448672	0.779442	10.038155
-0.625717	-0.466893	0.780712	10.065825
-0.613920	-0.484271	0.781931	10.092663
-0.601642	-0.501338	0.783143	10.119486
-0.587091	-0.520378	0.784518	10.150010
-0.571948	-0.538967	0.785882	10.180497
-0.556780	-0.556464	0.787182	10.209892
-0.541085	-0.573514	0.788474	10.239262
-0.524321	-0.590660	0.789805	10.269604
-0.507025	-0.607294	0.791126	10.299916
-0.489867	-0.622818	0.792384	10.329099
-0.472242	-0.637841	0.793633	10.358260
-0.455462	-0.651337	0.794787	10.385337
-0.438307	-0.664378	0.795934	10.412393
-0.420988	-0.676812	0.797060	10.439124
-0.403324	-0.688783	0.798181	10.465840
-0.385212	-0.700349	0.799298	10.492709
-0.366778	-0.711427	0.800409	10.519563
-0.348224	-0.721904	0.801502	10.546131
-0.329382	-0.731886	0.802590	10.572683
-0.308799	-0.742064	0.803751	10.601236
-0.287925	-0.751646	0.804905	10.629757
-0.267171	-0.760460	0.806027	10.657716
-0.246166	-0.768688	0.807142	10.685652
-0.224587	-0.776437	0.808266	10.714006
-0.202785	-0.783567	0.809382	10.742333
-0.181147	-0.789966	0.810469	10.770162
-0.159326	-0.795757	0.811551	10.797968
-0.136651	-0.801085	0.812657	10.826618
-0.113822	-0.805756	0.813756	10.855241
-0.091227	-0.809704	0.814827	10.883381
-0.068518	-0.813010	0.815892	10.911496
-0.045299	-0.815708	0.816965	10.940098
-0.022003	-0.817735	0.818031	10.968673
0.001044	-0.819072	0.819073	10.996849
0.024128	-0.819753	0.820108	11.025000
0.046627	-0.819780	0.821105	11.052390
0.069120	-0.819185	0.822096	11.079752
0.091372	-0.817983	0.823071	11.106817
0.113587	-0.816173	0.824039	11.133856
0.135791	-0.813748	0.825000	11.160922
0.157924	-0.810716	0.825955	11.187961
0.179859	-0.807101	0.826898	11.214838
0.201693	-0.802891	0.827837	11.241691
0.223490	-0.798068	0.828770	11.268619
0.245152	-0.792654	0.829699	11.295523
0.266722	-0.786637	0.830625	11.322476
0.288126	-0.780033	0.831546	11.349406
0.309134	-0.772918	0.832446	11.376044
0.329949	-0.765239	0.833341	11.402661
0.350642	-0.756967	0.834236	11.429367
0.371109	-0.748139	0.835125	11.456051
0.390410	-0.739196	0.835961	11.481491
0.409479	-0.729760	0.836793	11.506911
0.428749	-0.719597	0.837643	11.532913
0.447747	-0.708932	0.838488	11.558891
0.465876	-0.698120	0.839293	11.584035
0.483728	-0.686851	0.840093	11.609160
0.501843	-0.674758	0.840919	11.635056
0.519638	-0.662196	0.841741	11.660928
0.537676	-0.648724	0.842579	11.687644
0.555344	-0.634773	0.843412	11.714331
0.572746	-0.620253	0.844246	11.741172
0.589747	-0.605269	0.845075	11.767985
0.606216	-0.589939	0.845888	11.794579
0.622266	-0.574176	0.846695	11.821145
0.637966	-0.557908	0.847503	11.847818
0.653222	-0.541226	0.848307	11.874463
0.667363	-0.524912	0.849062	11.899888
0.681084	-0.508240	0.849814	11.925292
0.694774	-0.490703	0.850588	11.951444
0.707997	-0.472812	0.851358	11.977573
0.720234	-0.455314	0.852085	12.002628
0.732028	-0.437511	0.852808	12.027666
0.743776	-0.418756	0.853557	12.053591
0.755032	-0.399701	0.854303	12.079494
0.765292	-0.381259	0.855003	12.104174
0.775091	-0.362568	0.855699	12.128834
0.784768	-0.342928	0.856423	12.154397
0.793936	-0.323045	0.857142	12.179939
0.802224	-0.303792	0.857819	12.204371
0.810036	-0.284342	0.858492	12.228784
0.817633	-0.263977	0.859190	12.254080
0.824710	-0.243427	0.859885	12.279354
0.830867	-0.223974	0.860525	12.303062
0.836559	-0.204378	0.861163	12.326757
0.842011	-0.183766	0.861831	12.351494
0.846949	-0.163025	0.862496	12.376211
0.851121	-0.143361	0.863111	12.399499
0.854833	-0.123602	0.863723	12.422774
0.858279	-0.102497	0.864378	12.447511
0.861199	-0.081315	0.865030	12.472229
0.863568	-0.060210	0.865665	12.496761
0.865417	-0.039052	0.866297	12.521276
0.866783	-0.017107	0.866952	12.546637
0.867591	0.004863	0.867604	12.571976
0.867831	0.025932	0.868219	12.596243
0.867559	0.047001	0.868831	12.620494
0.866741	0.068755	0.869464	12.645531
0.865377	0.090480	0.870094	12.670547
0.863612	0.110618	0.870668	12.693764
0.861378	0.130711	0.871239	12.716968
0.858473	0.152178	0.871856	12.741814
0.855032	0.173565	0.872471	12.766642
0.851376	0.193208	0.873024	12.789528
0.847269	0.212765	0.873575	12.812402
0.842362	0.233675	0.874172	12.836971
0.836940	0.254458	0.874767	12.861524
0.831515	0.273378	0.875301	12.884010
0.825662	0.292174	0.875833	12.906485
0.818961	0.312070	0.876404	12.930441
0.811783	0.331799	0.876973	12.954380
0.804701	0.349917	0.877488	12.976547
0.797216	0.367876	0.878001	12.998706
0.788752	0.386952	0.878556	13.022460
0.779834	0.405820	0.879108	13.046199
0.771376	0.422688	0.879594	13.067651
0.762555	0.439373	0.880079	13.089096
0.752383	0.457619	0.880622	13.112817
0.741781	0.475617	0.881164	13.136522
0.731867	0.491585	0.881638	13.157841
0.721612	0.507342	0.882111	13.179152
0.709901	0.524494	0.882640	13.202683
0.697788	0.541364	0.883167	13.226198
0.686070	0.556904	0.883648	13.248223
0.674011	0.572182	0.884129	13.270238
0.660521	0.588498	0.884657	13.294169
0.646645	0.604484	0.885184	13.318083
0.633720	0.618687	0.885649	13.339765
0.620489	0.632607	0.886114	13.361439
0.605688	0.647496	0.886628	13.385118
0.590539	0.662029	0.887141	13.408781
0.576534	0.674856	0.887593	13.430178
0.562255	0.687381	0.888045	13.451566
0.546512	0.700588	0.888538	13.474694
0.530468	0.713426	0.889029	13.497807
0.515568	0.724805	0.889467	13.518884
0.500428	0.735867	0.889904	13.539954
0.483687	0.747550	0.890385	13.562883
0.466683	0.758845	0.890864	13.585798
0.450462	0.769101	0.891309	13.607329
0.434022	0.779005	0.891753	13.628852
0.417424	0.788520	0.892192	13.650296
0.400623	0.797678	0.892630	13.671732
0.383750	0.806410	0.893062	13.693005
0.366692	0.814781	0.893493	13.714272
0.349508	0.822762	0.893920	13.735468
0.332155	0.830378	0.894346	13.756657
0.314711	0.837594	0.894766	13.777755
0.297115	0.844441	0.895186	13.798846
0.279427	0.850895	0.895601	13.819870
0.261604	0.856976	0.896016	13.840887
0.243694	0.862666	0.896426	13.861851
0.225667	0.867979	0.896835	13.882807
0.207598	0.872893	0.897240	13.903677
0.189427	0.877429	0.897643	13.924541
0.170868	0.881647	0.898052	13.945735
0.152221	0.885470	0.898459	13.966921
0.133566	0.888883	0.898861	13.988020
0.114841	0.891900	0.899263	14.009112
0.096205	0.894501	0.899659	14.030027
0.077516	0.896710	0.900054	14.050937
0.058851	0.898520	0.900445	14.071763
0.040149	0.899941	0.900836	14.092583
0.021603	0.900962	0.901221	14.113194
0.003036	0.901601	0.901606	14.133799
-0.015480	0.901855	0.901988	14.154330
-0.033999	0.901728	0.902369	14.174854
-0.052386	0.901224	0.902745	14.195229
-0.070761	0.900345	0.903122	14.215599
-0.089060	0.899094	0.903495	14.235900
-0.107333	0.897472	0.903867	14.256196
-0.125286	0.895511	0.904233	14.276170
-0.143201	0.893192	0.904598	14.296139
-0.161020	0.890520	0.904961	14.316050
-0.178785	0.887494	0.905323	14.335956
-0.196378	0.884134	0.905681	14.355732
-0.213903	0.880426	0.906038	14.375503
-0.231312	0.876380	0.906393	14.395222
-0.248641	0.871991	0.906747	14.414937
-0.265937	0.867241	0.907100	14.434711
-0.283138	0.862150	0.907452	14.454479
-0.300180	0.856735	0.907801	14.474177
-0.317114	0.850984	0.908150	14.493870
-0.333857	0.844927	0.908495	14.513469
-0.350481	0.838542	0.908840	14.533063
-0.366925	0.831852	0.909181	14.552590
-0.383239	0.824840	0.909523	14.572114
-0.399418	0.817507	0.909864	14.591638
-0.415454	0.809857	0.910204	14.611158
-0.431291	0.801918	0.910541	14.630614
-0.446974	0.793671	0.910878	14.650068
-0.462375	0.785185	0.911211	14.669365
-0.477611	0.776402	0.911544	14.688658
-0.492634	0.767350	0.911874	14.707893
-0.507482	0.758009	0.912204	14.727124
-0.522029	0.748463	0.912530	14.746192
-0.536393	0.738639	0.912855	14.765256
-0.550532	0.728566	0.913178	14.784266
-0.564479	0.718225	0.913501	14.803274
-0.578129	0.707695	0.913820	14.822139
-0.591581	0.696908	0.914138	14.841002
-0.604797	0.685892	0.914454	14.859817
-0.617806	0.674626	0.914770	14.878629
-0.630534	0.663178	0.915083	14.897337
-0.643048	0.651491	0.915397	14.916043
-0.655319	0.639592	0.915708	14.934710
-0.667368	0.627463	0.916018	14.953375
-0.679145	0.615154	0.916326	14.971966
-0.690694	0.602627	0.916634	14.990554
-0.701977	0.589920	0.916939	15.009087
-0.713024	0.577003	0.917244	15.027618
-0.723884	0.563812	0.917547	15.046240
-0.734499	0.550419	0.917850	15.064859
-0.744834	0.536864	0.918151	15.083424
-0.754918	0.523118	0.918452	15.101987
-0.764681	0.509277	0.918749	15.120423
-0.774189	0.495255	0.919046	15.138857
-0.783413	0.481093	0.919341	15.157242
-0.792378	0.466761	0.919635	15.175624
-0.800910	0.452549	0.919923	15.193644
-0.809186	0.438183	0.920210	15.211661
-0.817185	0.423701	0.920496	15.229635
-0.824924	0.409074	0.920782	15.247607
-0.832352	0.394403	0.921066	15.265460
-0.839518	0.379599	0.921350	15.283312
-0.846404	0.364701	0.921633	15.301121
-0.853026	0.349679	0.921915	15.318928
-0.859339	0.334636	0.922196	15.336619
-0.865387	0.319480	0.922476	15.354308
-0.871155	0.304247	0.922755	15.371960
-0.876655	0.288911	0.923035	15.389611
-0.881854	0.273566	0.923312	15.407160
-0.886785	0.258127	0.923589	15.424708
-0.891437	0.242627	0.923866	15.442226
-0.895818	0.227043	0.924142	15.459742
-0.899948	0.211298	0.924420	15.477351
-0.903800	0.195478	0.924698	15.494959
-0.907367	0.179623	0.924975	15.512529
-0.910655	0.163704	0.925253	15.530098
-0.913666	0.147713	0.925529	15.547679
-0.916395	0.131668	0.925805	15.565259
-0.918836	0.115609	0.926081	15.582800
-0.920997	0.099506	0.926356	15.600340
-0.922871	0.083376	0.926630	15.617863
-0.924464	0.067213	0.926904	15.635386
-0.925770	0.051053	0.927177	15.652873
-0.926794	0.034868	0.927450	15.670359
-0.927532	0.018744	0.927721	15.687757
-0.927989	0.002606	0.927993	15.705155
-0.928165	-0.013515	0.928263	15.722523
-0.928061	-0.029639	0.928534	15.739889
-0.927693	-0.045253	0.928796	15.756704
-0.927062	-0.060861	0.929058	15.773519
-0.926170	-0.076431	0.929319	15.790301
-0.925017	-0.091988	0.929580	15.807082
-0.923609	-0.107458	0.929839	15.823789
-0.921943	-0.122907	0.930099	15.840494
-0.920021	-0.138304	0.930358	15.857173
-0.917841	-0.153672	0.930617	15.873852
-0.915425	-0.168885	0.930873	15.890400
-0.912756	-0.184061	0.931130	15.906949
-0.909840	-0.199176	0.931386	15.923477
-0.906672	-0.214245	0.931641	15.940005
-0.903265	-0.229223	0.931896	15.956489
-0.899610	-0.244148	0.932151	15.972973
-0.895711	-0.258999	0.932405	15.989441
-0.891568	-0.273789	0.932660	16.005909
-0.887135	-0.288659	0.932916	16.022541
-0.882455	-0.303456	0.933173	16.039173
-0.877536	-0.318153	0.933429	16.055777
-0.872372	-0.332769	0.933685	16.072380
-0.866930	-0.347388	0.933941	16.089082
-0.861244	-0.361917	0.934197	16.105783
-0.855323	-0.376331	0.934453	16.122460
-0.849161	-0.390649	0.934709	16.139136
-0.842799	-0.404778	0.934962	16.155709
-0.836202	-0.418803	0.935216	16.172282
-0.829379	-0.432704	0.935469	16.188836
-0.822325	-0.446494	0.935722	16.205390
-0.815075	-0.460110	0.935974	16.221871
-0.807599	-0.473608	0.936227	16.238352
-0.799906	-0.486972	0.936478	16.254819
-0.791992	-0.500211	0.936730	16.271285
-0.775995	-0.525558	0.937219	16.303270
-0.759211	-0.550356	0.937706	16.335210
-0.741665	-0.574576	0.938193	16.367093
-0.723368	-0.598211	0.938678	16.398940
-0.704512	-0.621032	0.939158	16.430467
-0.684948	-0.643244	0.939637	16.461973
-0.664665	-0.664859	0.940115	16.493508
-0.643719	-0.685817	0.940595	16.525015
-0.622021	-0.706200	0.941079	16.556654
-0.599703	-0.725878	0.941564	16.588261
-0.588214	-0.735534	0.941809	16.604196
-0.576569	-0.745007	0.942055	16.620130
-0.564780	-0.754291	0.942301	16.636055
-0.552842	-0.763388	0.942547	16.651979
-0.528701	-0.780895	0.943039	16.683607
-0.504010	-0.797639	0.943533	16.715230
-0.478808	-0.813594	0.944030	16.746831
-0.453114	-0.828747	0.944529	16.778418
-0.427601	-0.842744	0.945019	16.809217
-0.401682	-0.855945	0.945510	16.839984
-0.375338	-0.868360	0.946006	16.870774
-0.348627	-0.879960	0.946504	16.901547
-0.321933	-0.890597	0.946997	16.931894
-0.294913	-0.900426	0.947492	16.962244
-0.267417	-0.909494	0.947993	16.992790
-0.239653	-0.917722	0.948497	17.023325
-0.211700	-0.925086	0.949000	17.053790
-0.183527	-0.931601	0.949506	17.084248
-0.154862	-0.937313	0.950019	17.115020
-0.126009	-0.942147	0.950536	17.145802
-0.097259	-0.946064	0.951050	17.176316
-0.068352	-0.949111	0.951569	17.206867
-0.039269	-0.951282	0.952092	17.237503
-0.010111	-0.952564	0.952618	17.268145
0.018587	-0.952956	0.953137	17.298262
0.047282	-0.952485	0.953658	17.328360
0.076146	-0.951142	0.954185	17.358647
0.104969	-0.948926	0.954714	17.388930
0.133347	-0.945886	0.955239	17.418813
0.161660	-0.941995	0.955766	17.448719
0.189803	-0.937267	0.956292	17.478564
0.217819	-0.931698	0.956820	17.508422
0.245814	-0.925256	0.957352	17.538433
0.273631	-0.917971	0.957885	17.568456
0.301205	-0.909859	0.958420	17.598450
0.328574	-0.900909	0.958956	17.628482
0.355655	-0.891146	0.959496	17.658488
0.382515	-0.880543	0.960038	17.688572
0.409096	-0.869122	0.960589	17.718694
0.435385	-0.856883	0.961150	17.748869
0.461240	-0.843898	0.961720	17.778957
0.486681	-0.830155	0.962297	17.809010
0.511628	-0.815704	0.962879	17.838955
0.536140	-0.800516	0.963469	17.868889
0.560041	-0.784714	0.964065	17.898614
0.583501	-0.768189	0.964670	17.928363
0.606468	-0.750976	0.965282	17.958101
0.628972	-0.733051	0.965904	17.987891
0.650945	-0.714464	0.966534	18.017671
0.672389	-0.695213	0.967175	18.047470
0.693259	-0.675338	0.967827	18.077252
0.713597	-0.654794	0.968492	18.107103
0.733342	-0.633641	0.969170	18.136964
0.752569	-0.611781	0.969865	18.166984
0.771274	-0.589200	0.970577	18.197198
0.789483	-0.565820	0.971306	18.227711
0.807084	-0.541749	0.972047	18.258392
0.823933	-0.517153	0.972786	18.289044
0.839988	-0.492102	0.973521	18.319610
0.855273	-0.466561	0.974254	18.350165
0.869715	-0.440670	0.974984	18.380576
0.883380	-0.414310	0.975711	18.411009
0.896242	-0.387526	0.976435	18.441442
0.908328	-0.360243	0.977157	18.471984
0.919526	-0.332726	0.977872	18.502368
0.929866	-0.304923	0.978585	18.532684
0.939327	-0.276916	0.979295	18.562874
0.947926	-0.248678	0.980002	18.592998
0.955668	-0.220318	0.980735	18.622976
0.962638	-0.191662	0.981532	18.653025
0.968870	-0.162534	0.982409	18.683347
0.971774	-0.147463	0.982898	18.698959
0.974442	-0.132340	0.983388	18.714570
0.976962	-0.116744	0.983913	18.730623
0.979232	-0.101103	0.984437	18.746673
0.981248	-0.085450	0.984961	18.762692
0.983013	-0.069760	0.985485	18.778709
0.984524	-0.054091	0.986009	18.794670
0.985784	-0.038393	0.986532	18.810629
0.986794	-0.022700	0.987055	18.826557
0.987553	-0.006985	0.987577	18.842483
0.988061	0.008668	0.988099	18.858328
0.988322	0.024334	0.988621	18.874172
0.988335	0.039980	0.989143	18.889985
0.988099	0.055631	0.989664	18.905797
0.987618	0.071248	0.990185	18.921572
0.986888	0.086890	0.990706	18.937374
0.985893	0.102685	0.991226	18.953337
0.984645	0.118470	0.991746	18.969298
