time = 18.5999	Re = 1	40	80
0.147921	0.136876	0.201534	0.746636
0.159449	0.125777	0.203086	0.667886
0.171584	0.111932	0.204866	0.578024
0.182663	0.096722	0.206691	0.486976
0.191850	0.082042	0.208656	0.404101
0.199792	0.066703	0.210633	0.322225
0.206140	0.052352	0.212684	0.248707
0.211446	0.037446	0.214736	0.175280
0.215647	0.022551	0.216823	0.104194
0.218791	0.007258	0.218912	0.033159
0.220829	-0.007957	0.220972	-0.036017
0.221804	-0.023416	0.223037	-0.105182
0.221735	-0.048827	0.227047	-0.216747
0.219136	-0.073691	0.231195	-0.324401
0.216183	-0.093493	0.235534	-0.408183
0.211539	-0.113292	0.239967	-0.491691
0.207564	-0.129057	0.244414	-0.556274
0.202458	-0.144763	0.248889	-0.620740
0.193438	-0.171040	0.258211	-0.724025
0.190412	-0.187639	0.267330	-0.778062
0.187076	-0.203610	0.276504	-0.827695
0.200676	-0.213379	0.292919	-0.816067
0.228293	-0.205148	0.306926	-0.732050
0.244898	-0.194651	0.312832	-0.671578
0.262032	-0.181224	0.318595	-0.605073
0.280471	-0.161032	0.323412	-0.521193
0.296812	-0.139739	0.328062	-0.440016
0.311839	-0.114016	0.332029	-0.350524
0.318654	-0.099344	0.333781	-0.302212
0.324766	-0.084305	0.335529	-0.253981
0.330004	-0.068393	0.337017	-0.204356
0.334450	-0.052209	0.338501	-0.154853
0.337690	-0.036470	0.339654	-0.107581
0.340186	-0.020562	0.340807	-0.060371
0.341555	-0.004001	0.341578	-0.011712
0.342026	0.012539	0.342256	0.036646
0.341291	0.028131	0.342449	0.082240
0.339739	0.043615	0.342527	0.127679
0.336990	0.059011	0.342117	0.173353
0.333295	0.073989	0.341409	0.218448
0.328771	0.088015	0.340349	0.261577
0.323420	0.101655	0.339020	0.304536
0.316776	0.116001	0.337348	0.351026
0.309160	0.129460	0.335171	0.396562
0.300848	0.142848	0.333040	0.443300
0.291538	0.155502	0.330417	0.489997
0.280181	0.170441	0.327950	0.546516
0.267826	0.184797	0.325393	0.603975
0.253255	0.201052	0.323358	0.670993
0.237515	0.217577	0.322107	0.741614
0.218850	0.237156	0.322705	0.825520
0.199068	0.257234	0.325265	0.912187
0.188615	0.270413	0.329695	0.961747
0.177447	0.283438	0.334402	1.011439
0.167256	0.297023	0.340877	1.057945
0.156593	0.310745	0.347971	1.104011
0.145482	0.333060	0.363448	1.158970
0.136747	0.356566	0.381889	1.204585
0.127242	0.384710	0.405207	1.251376
0.123495	0.400061	0.418688	1.271387
0.119370	0.415413	0.432224	1.290982
0.117238	0.441036	0.456352	1.310980
0.116033	0.466282	0.480503	1.326904
0.112208	0.494172	0.506751	1.347520
0.105492	0.518574	0.529195	1.370108
0.102466	0.535379	0.545096	1.381693
0.099354	0.553088	0.561941	1.393058
0.097642	0.574076	0.582321	1.402324
0.096556	0.592502	0.600318	1.409254
0.097789	0.615446	0.623167	1.413223
0.099484	0.627960	0.635792	1.413678
0.101310	0.639654	0.647627	1.413719
0.102448	0.646847	0.654910	1.413720
0.099788	0.661429	0.668914	1.421059
0.086810	0.669096	0.674704	1.441775
0.073378	0.676643	0.680610	1.462774
0.087799	0.667210	0.672962	1.439957
0.072960	0.671257	0.675211	1.462530
0.052814	0.679244	0.681294	1.493198
0.066961	0.673147	0.676469	1.471649
0.080799	0.666726	0.671604	1.450197
0.086919	0.669326	0.674946	1.441658
0.095959	0.659282	0.666228	1.426261
0.081926	0.664414	0.669445	1.448110
0.061592	0.674163	0.676971	1.479688
0.036915	0.680948	0.681948	1.516638
0.056277	0.675767	0.678106	1.487709
0.072304	0.669527	0.673420	1.463221
0.091764	0.658897	0.665256	1.432417
0.099760	0.664573	0.672019	1.421797
0.087640	0.666955	0.672688	1.440142
0.095046	0.670712	0.677413	1.430024
0.096719	0.651364	0.658505	1.423386
0.088295	0.660233	0.666110	1.437853
0.076309	0.666735	0.671088	1.456841
0.057848	0.675635	0.678107	1.485384
0.037690	0.679399	0.680444	1.515378
0.017143	0.681760	0.681976	1.545657
0.032942	0.679947	0.680744	1.522386
0.048694	0.677689	0.679437	1.499067
0.075459	0.667806	0.672055	1.458278
0.094987	0.653385	0.660254	1.426431
0.098759	0.650380	0.657836	1.420100
0.095419	0.663122	0.669952	1.427884
0.068973	0.676381	0.679888	1.469175
0.087192	0.669591	0.675244	1.441309
0.072834	0.674191	0.678114	1.463182
0.058039	0.679114	0.681589	1.485540
0.072494	0.673029	0.676922	1.463497
0.086596	0.666890	0.672489	1.441669
0.099469	0.665451	0.672844	1.422419
0.098041	0.644548	0.651962	1.419845
0.096511	0.648080	0.655227	1.422964
0.094004	0.649034	0.655806	1.426960
0.091362	0.653314	0.659671	1.431854
0.074215	0.668568	0.672675	1.460242
0.056852	0.675279	0.677668	1.486804
0.031917	0.679832	0.680581	1.523883
0.016179	0.680792	0.680984	1.547035
0.000463	0.681337	0.681337	1.570117
0.024892	0.680352	0.680807	1.534226
0.040584	0.678562	0.679775	1.511058
0.055952	0.676337	0.678647	1.488257
0.070261	0.669360	0.673037	1.466213
0.083484	0.662285	0.667526	1.445404
0.091082	0.655924	0.662218	1.432818
0.095417	0.651862	0.658808	1.425453
0.097085	0.644506	0.651777	1.421286
0.099805	0.645890	0.653556	1.417485
0.096001	0.658670	0.665629	1.426065
0.078054	0.674035	0.678540	1.455509
0.093025	0.666048	0.672513	1.432027
0.082677	0.665525	0.670640	1.447201
0.058651	0.676861	0.679397	1.484360
0.073043	0.671804	0.675763	1.462496
0.087191	0.666662	0.672340	1.440747
0.082961	0.664749	0.669906	1.446637
0.061817	0.674782	0.677607	1.479441
0.037029	0.681557	0.682562	1.516520
0.054738	0.676700	0.678911	1.490082
0.070037	0.671099	0.674743	1.466812
0.092003	0.660903	0.667276	1.432477
0.088786	0.669447	0.675309	1.438940
0.068153	0.676541	0.679965	1.470398
0.092839	0.664254	0.670711	1.431931
0.099004	0.653534	0.660990	1.420449
0.097517	0.640240	0.647624	1.419645
0.096671	0.641983	0.649221	1.421337
0.093887	0.640339	0.647185	1.425212
0.093413	0.642064	0.648824	1.426321
0.093084	0.656493	0.663060	1.429945
0.086617	0.660316	0.665972	1.440366
0.064949	0.672838	0.675966	1.474564
0.044578	0.677739	0.679204	1.505116
0.021336	0.680360	0.680694	1.539447
0.005335	0.680674	0.680695	1.562958
-0.010134	0.680567	0.680642	1.585686
-0.025875	0.680098	0.680590	1.608824
0.000065	0.680675	0.680675	1.570701
0.014991	0.680573	0.680738	1.548773
0.037667	0.678965	0.680009	1.515376
0.061608	0.674526	0.677333	1.479714
0.079958	0.664276	0.669071	1.451004
0.089168	0.657433	0.663452	1.435988
0.092558	0.651418	0.657961	1.429654
0.093829	0.646831	0.653601	1.426741
0.094556	0.643773	0.650680	1.424961
0.096907	0.643795	0.651048	1.421393
0.096483	0.639275	0.646515	1.421000
0.100103	0.643618	0.651356	1.416501
0.097448	0.669297	0.676353	1.426214
0.085011	0.664216	0.669634	1.443501
0.080492	0.670626	0.675439	1.451343
0.099085	0.665973	0.673303	1.423097
0.095506	0.658666	0.665555	1.426801
0.070421	0.670832	0.674518	1.466204
0.094265	0.661373	0.668057	1.429220
0.088290	0.669838	0.675631	1.439744
0.097196	0.657583	0.664727	1.424051
0.091893	0.658216	0.664599	1.432084
0.068738	0.671520	0.675029	1.468790
0.040821	0.679439	0.680664	1.510788
0.025823	0.681117	0.681606	1.532901
0.010772	0.682456	0.682541	1.555013
0.035253	0.680131	0.681044	1.519010
0.059523	0.675421	0.678038	1.482896
0.085119	0.661916	0.667367	1.442903
0.092749	0.657591	0.664099	1.430678
0.101469	0.664154	0.671860	1.419189
0.083975	0.667651	0.672912	1.445677
0.057871	0.677275	0.679743	1.485556
0.079682	0.666942	0.671685	1.451886
0.093641	0.664422	0.670988	1.430782
0.083088	0.672669	0.677781	1.447899
0.100584	0.648842	0.656592	1.416999
0.096903	0.636694	0.644026	1.419758
0.093629	0.632109	0.639006	1.423743
0.096468	0.638933	0.646174	1.420945
0.094207	0.637686	0.644607	1.424125
0.094044	0.640157	0.647028	1.424933
0.094439	0.643955	0.650843	1.425180
0.093926	0.649214	0.655973	1.427117
0.089819	0.657516	0.663622	1.435034
0.073425	0.668230	0.672252	1.461355
0.058052	0.674040	0.676535	1.484883
0.039906	0.679043	0.680214	1.512097
0.020086	0.680173	0.680470	1.541274
0.002459	0.680470	0.680475	1.567182
-0.025832	0.679810	0.680301	1.608777
-0.046940	0.672263	0.673900	1.640507
-0.043217	0.667395	0.668793	1.635460
-0.042936	0.665150	0.666534	1.635258
-0.040808	0.668649	0.669893	1.631751
-0.048374	0.670390	0.672133	1.642830
-0.030936	0.679295	0.679999	1.616306
-0.014657	0.680190	0.680348	1.592342
0.001535	0.680455	0.680456	1.568540
0.016896	0.680252	0.680462	1.545964
0.032365	0.679671	0.680441	1.523213
0.056437	0.674899	0.677255	1.487368
0.073784	0.668272	0.672333	1.460832
0.091656	0.655907	0.662280	1.431956
0.094752	0.647330	0.654228	1.425455
0.094702	0.642336	0.649280	1.424417
0.094637	0.639119	0.646088	1.423790
0.096528	0.639480	0.646724	1.420979
0.093137	0.631558	0.638389	1.424379
0.096096	0.635403	0.642628	1.420697
0.100993	0.643953	0.651824	1.415231
0.095269	0.670590	0.677323	1.429673
0.087866	0.667969	0.673724	1.440005
0.073063	0.672474	0.676432	1.462573
0.055995	0.679122	0.681426	1.488530
0.072021	0.672769	0.676613	1.464151
0.087024	0.667159	0.672811	1.441089
0.091416	0.671745	0.677937	1.435540
0.095280	0.665571	0.672357	1.428608
0.099248	0.649494	0.657033	1.419162
0.083511	0.666701	0.671911	1.446185
0.098530	0.653887	0.661269	1.421237
0.094353	0.653364	0.660142	1.427376
0.089454	0.658705	0.664751	1.435819
0.077274	0.666460	0.670925	1.455364
0.053183	0.677888	0.679971	1.492503
0.034233	0.680114	0.680975	1.520504
0.015825	0.681498	0.681682	1.547580
0.000769	0.681723	0.681723	1.569668
-0.016182	0.681566	0.681758	1.594535
0.009581	0.681603	0.681670	1.556741
0.032474	0.680325	0.681099	1.523099
0.056442	0.675340	0.677695	1.487414
0.074005	0.668429	0.672513	1.460530
0.093024	0.657131	0.663683	1.430170
0.099368	0.653642	0.661152	1.419929
0.093439	0.671660	0.678129	1.432568
0.089651	0.666708	0.672709	1.437130
0.085929	0.663179	0.668723	1.441942
0.065643	0.672915	0.676109	1.473554
0.041655	0.680557	0.681830	1.509666
0.060246	0.674590	0.677275	1.481725
0.076488	0.667454	0.671822	1.456698
0.093152	0.659380	0.665928	1.430452
0.092437	0.669795	0.676143	1.433655
0.083078	0.667224	0.672377	1.446922
0.102353	0.651556	0.659546	1.414980
0.097664	0.635877	0.643333	1.418397
0.096497	0.634943	0.642234	1.419973
0.094145	0.632376	0.639346	1.423007
0.094327	0.634923	0.641891	1.423310
0.095306	0.639596	0.646658	1.422875
0.092420	0.637682	0.644345	1.426867
0.096182	0.646903	0.654014	1.423198
0.093360	0.647769	0.654462	1.427656
0.091435	0.651564	0.657949	1.431375
0.071120	0.670006	0.673770	1.465043
0.056233	0.674871	0.677210	1.487664
0.035690	0.678810	0.679747	1.518267
0.008756	0.680461	0.680518	1.557929
-0.003258	0.680247	0.680254	1.575586
-0.022400	0.679624	0.679993	1.603743
-0.039882	0.676453	0.677628	1.629686
-0.048107	0.668566	0.670294	1.642628
-0.042732	0.665992	0.667362	1.634872
-0.022194	0.673982	0.674347	1.603714
-0.018372	0.675908	0.676158	1.597971
-0.017095	0.677481	0.677697	1.596024
-0.015178	0.678199	0.678369	1.593173
-0.042931	0.672485	0.673854	1.634550
-0.017365	0.676938	0.677161	1.596443
-0.020902	0.674298	0.674621	1.601785
-0.029955	0.669774	0.670443	1.615490
-0.037170	0.667826	0.668860	1.626398
-0.048212	0.668927	0.670663	1.642746
-0.039297	0.675527	0.676669	1.628903
-0.021422	0.679863	0.680200	1.602295
0.007117	0.680347	0.680385	1.560336
0.032173	0.679795	0.680556	1.523504
0.057808	0.674605	0.677077	1.485314
0.076267	0.666978	0.671325	1.456944
0.092300	0.654880	0.661352	1.430777
0.094734	0.646708	0.653610	1.425344
0.094368	0.641757	0.648658	1.424796
0.093712	0.637875	0.644722	1.424926
0.093210	0.634730	0.641537	1.424989
0.092853	0.632195	0.638978	1.424965
0.092704	0.630214	0.636996	1.424744
0.093135	0.629382	0.636235	1.423883
0.096149	0.633603	0.640857	1.420195
0.101886	0.645684	0.653673	1.414291
0.096735	0.659391	0.666448	1.425132
0.086886	0.674276	0.679851	1.442645
0.087368	0.667869	0.673559	1.440719
0.072766	0.672559	0.676484	1.463023
0.056978	0.678436	0.680824	1.487009
0.073480	0.672347	0.676350	1.461940
0.087292	0.669017	0.674688	1.441051
0.094503	0.660189	0.666918	1.428616
0.080796	0.665081	0.669971	1.449906
0.064401	0.672978	0.676052	1.475391
0.046397	0.679686	0.681268	1.502640
0.064436	0.672955	0.676033	1.475336
0.080858	0.665031	0.669928	1.449805
0.094381	0.659978	0.666692	1.428752
0.087890	0.669598	0.675341	1.440285
0.064784	0.675110	0.678211	1.475129
0.077141	0.671878	0.676292	1.456483
0.097689	0.660168	0.667357	1.423886
0.101549	0.648272	0.656177	1.415413
0.094378	0.660764	0.667470	1.428925
0.083158	0.673938	0.679049	1.448025
0.086788	0.666775	0.672399	1.441363
0.059375	0.677427	0.680025	1.483371
0.077663	0.670160	0.674645	1.455423
0.095531	0.664563	0.671394	1.428025
0.081132	0.665485	0.670412	1.449481
0.064306	0.673591	0.676654	1.475617
0.045785	0.680346	0.681885	1.503601
0.068830	0.671756	0.675273	1.468690
0.087978	0.662698	0.668512	1.438811
0.091112	0.667957	0.674142	1.435229
0.071948	0.675729	0.679548	1.464722
0.088471	0.665382	0.671238	1.438609
0.098581	0.656212	0.663575	1.421684
0.098621	0.642405	0.649931	1.418467
0.096202	0.640480	0.647664	1.421707
0.095865	0.642613	0.649725	1.422708
0.095754	0.647395	0.654438	1.423954
0.090231	0.658515	0.664668	1.434623
0.080321	0.664293	0.669131	1.450468
0.057159	0.675629	0.678042	1.486397
0.035140	0.679266	0.680175	1.519110
0.014110	0.681191	0.681338	1.550086
0.034441	0.679339	0.680212	1.520142
0.055827	0.675987	0.678288	1.488397
0.077730	0.665774	0.670296	1.454572
0.089318	0.659281	0.665303	1.436138
0.095742	0.647780	0.654817	1.424059
0.096108	0.643040	0.650182	1.422435
0.097356	0.642157	0.649496	1.420334
0.099834	0.666346	0.673783	1.422079
0.089389	0.666464	0.672432	1.437467
0.073508	0.671732	0.675742	1.461800
0.054242	0.679843	0.682003	1.491178
0.077210	0.669919	0.674354	1.456049
0.089189	0.668965	0.674884	1.438254
0.067465	0.677776	0.681125	1.471584
0.090459	0.667592	0.673693	1.436116
0.102547	0.658795	0.666728	1.416377
0.097105	0.650597	0.657803	1.422636
0.092106	0.656462	0.662892	1.431400
0.071614	0.669567	0.673386	1.464246
0.053479	0.676047	0.678159	1.491855
0.028929	0.680473	0.681087	1.528309
0.002460	0.681336	0.681340	1.567186
-0.019384	0.680863	0.681138	1.599258
-0.042438	0.676633	0.677962	1.633433
-0.021044	0.680801	0.681126	1.601697
0.001004	0.681322	0.681323	1.569323
0.023995	0.680789	0.681212	1.535564
0.042344	0.678219	0.679540	1.508443
0.059433	0.674753	0.677366	1.482942
0.085804	0.661771	0.667310	1.441858
0.096237	0.652489	0.659548	1.424360
0.099231	0.648111	0.655664	1.418868
0.094852	0.661702	0.668466	1.428420
0.077751	0.676694	0.681146	1.456400
0.092247	0.667967	0.674306	1.433564
0.074102	0.668904	0.672996	1.460466
0.094951	0.659548	0.666348	1.427814
0.100106	0.664254	0.671754	1.421218
0.079426	0.672387	0.677062	1.453216
0.091145	0.663195	0.669428	1.434218
0.097136	0.668728	0.675746	1.426550
0.101686	0.648056	0.655985	1.415156
0.096827	0.634156	0.641505	1.419280
0.093374	0.628785	0.635681	1.423375
0.093021	0.629835	0.636667	1.424165
0.093424	0.632468	0.639331	1.424144
0.094209	0.636147	0.643085	1.423772
0.095284	0.641096	0.648139	1.423249
0.095672	0.648316	0.655337	1.424284
0.092744	0.649250	0.655841	1.428908
0.077823	0.666379	0.670908	1.454538
0.062510	0.672416	0.675316	1.478100
0.044974	0.677551	0.679042	1.504517
0.029875	0.679143	0.679800	1.526835
0.014731	0.680380	0.680539	1.549149
0.002536	0.680262	0.680267	1.567068
-0.023426	0.679751	0.680155	1.605246
-0.044631	0.673807	0.675284	1.636937
-0.041878	0.667347	0.668660	1.633468
-0.035588	0.667995	0.668942	1.624022
-0.024077	0.672791	0.673222	1.606568
-0.018876	0.676340	0.676603	1.598699
-0.021815	0.678058	0.678409	1.602958
-0.034053	0.677591	0.678447	1.621010
-0.038560	0.668515	0.669626	1.628413
-0.044446	0.672887	0.674354	1.636753
-0.043102	0.674079	0.675456	1.634652
-0.019072	0.679263	0.679531	1.598867
0.010543	0.678420	0.678502	1.555257
0.004448	0.678049	0.678064	1.564237
-0.004313	0.677314	0.677327	1.577164
-0.028168	0.669631	0.670223	1.612837
-0.052748	0.653168	0.655294	1.651379
-0.069611	0.636663	0.640457	1.679701
-0.087351	0.620429	0.626548	1.710668
-0.105065	0.604904	0.613960	1.742769
-0.120633	0.592396	0.604554	1.771686
-0.136518	0.580436	0.596274	1.801796
-0.121799	0.591579	0.603988	1.773847
-0.106910	0.603390	0.612789	1.746159
-0.091207	0.617133	0.623836	1.717526
-0.077927	0.629395	0.634201	1.693982
-0.056662	0.649715	0.652181	1.657787
-0.034034	0.666191	0.667059	1.621839
-0.012912	0.674765	0.674888	1.589929
0.000620	0.677221	0.677221	1.569880
0.009200	0.678104	0.678166	1.557229
-0.014985	0.679221	0.679387	1.592855
-0.035482	0.675741	0.676671	1.623256
-0.034340	0.671595	0.672473	1.621883
-0.045691	0.671717	0.673269	1.638713
-0.044679	0.672446	0.673929	1.637142
-0.041219	0.674754	0.676012	1.631807
-0.044055	0.669863	0.671310	1.636469
-0.021240	0.678024	0.678356	1.602112
-0.020764	0.674773	0.675093	1.601559
-0.035755	0.667791	0.668748	1.624287
-0.044993	0.666487	0.668004	1.638202
-0.046772	0.671943	0.673569	1.640292
-0.030369	0.679156	0.679834	1.615483
-0.000716	0.680157	0.680157	1.571849
0.019228	0.680156	0.680427	1.542534
0.046199	0.677204	0.678779	1.502681
0.071061	0.669885	0.673643	1.465112
0.090842	0.654323	0.660599	1.432844
0.094603	0.651692	0.658523	1.426639
0.095617	0.643226	0.650294	1.423224
0.094635	0.638021	0.645001	1.423543
0.093987	0.634220	0.641146	1.423674
0.093945	0.631973	0.638918	1.423223
0.095803	0.633524	0.640727	1.420712
0.092676	0.625481	0.632310	1.423698
0.096842	0.633153	0.640517	1.419021
0.102784	0.651088	0.659151	1.414224
0.097479	0.666101	0.673196	1.425485
0.070975	0.674885	0.678607	1.466016
0.098064	0.665932	0.673114	1.424588
0.084113	0.666359	0.671647	1.445232
0.099785	0.653364	0.660940	1.419242
0.079856	0.671850	0.676579	1.452492
0.055390	0.679823	0.682076	1.489499
0.069678	0.674051	0.677643	1.467791
0.083676	0.668029	0.673249	1.446188
0.091197	0.671019	0.677188	1.435716
0.100517	0.647252	0.655011	1.416729
0.097940	0.645974	0.653357	1.420326
0.095666	0.648144	0.655166	1.424254
0.091132	0.657329	0.663617	1.433035
0.066167	0.672109	0.675359	1.472665
0.046985	0.677318	0.678946	1.501539
0.023971	0.680586	0.681008	1.535590
-0.003853	0.680900	0.680911	1.576454
-0.026881	0.680114	0.680645	1.610300
-0.044582	0.674819	0.676290	1.636765
-0.050097	0.665641	0.667523	1.645916
-0.047967	0.671342	0.673053	1.642124
-0.029586	0.679897	0.680541	1.614284
-0.013768	0.680688	0.680827	1.591020
0.001946	0.681009	0.681011	1.567938
0.024976	0.680416	0.680874	1.534106
0.040734	0.678861	0.680082	1.510865
0.056053	0.676876	0.679193	1.488173
0.076587	0.666717	0.671102	1.456425
0.088303	0.659285	0.665172	1.437651
0.093026	0.653190	0.659781	1.429330
0.094590	0.648015	0.654882	1.425851
0.095004	0.644435	0.651400	1.424429
0.095396	0.642245	0.649291	1.423340
0.098772	0.644798	0.652319	1.418795
0.095222	0.657686	0.664543	1.427012
0.079383	0.673792	0.678452	1.453522
0.094532	0.665666	0.672345	1.429729
0.084557	0.664208	0.669569	1.444173
0.068781	0.671803	0.675315	1.468770
0.052010	0.679094	0.681083	1.494359
0.068532	0.673389	0.676867	1.469374
0.083872	0.667852	0.673098	1.445866
0.068685	0.673018	0.676514	1.469093
0.040406	0.681636	0.682833	1.511587
0.063707	0.674302	0.677304	1.476597
0.084211	0.664435	0.669750	1.444727
0.090249	0.667962	0.674031	1.436498
0.078398	0.675967	0.680498	1.455333
0.097805	0.653606	0.660883	1.422259
0.097027	0.639808	0.647123	1.420293
0.096425	0.641908	0.649110	1.421694
0.093861	0.640517	0.647358	1.425292
0.095437	0.652374	0.659318	1.425535
0.086590	0.661017	0.666664	1.440544
0.064542	0.672488	0.675578	1.475114
0.049405	0.676334	0.678136	1.497878
0.032468	0.679630	0.680405	1.523060
0.012390	0.680604	0.680717	1.552593
-0.009946	0.680682	0.680754	1.585407
0.015557	0.680534	0.680712	1.547940
0.042962	0.678583	0.679941	1.507569
0.070899	0.669322	0.673067	1.465263
0.087843	0.659361	0.665187	1.438352
0.093782	0.651512	0.658228	1.427833
0.096611	0.647859	0.655023	1.422764
0.093507	0.638839	0.645646	1.425459
0.096027	0.640420	0.647580	1.421961
0.096195	0.637981	0.645192	1.421143
0.099289	0.641856	0.649490	1.417323
0.101859	0.665529	0.673278	1.418925
0.092194	0.668500	0.674827	1.433748
0.073770	0.670143	0.674192	1.461157
0.081606	0.670788	0.675734	1.449734
0.099459	0.660365	0.667813	1.421307
0.090916	0.659027	0.665268	1.433706
0.068950	0.671132	0.674664	1.468418
0.052737	0.676756	0.678808	1.493027
0.032754	0.681313	0.682100	1.522758
0.057989	0.675378	0.677863	1.485144
0.077500	0.666704	0.671193	1.455072
0.093938	0.656951	0.663633	1.428768
0.101170	0.662660	0.670338	1.419293
0.076902	0.672076	0.676461	1.456868
0.062354	0.677225	0.680090	1.478983
0.083997	0.667727	0.672989	1.445658
0.095915	0.667194	0.674053	1.428016
0.099584	0.648721	0.656320	1.418477
0.096653	0.648653	0.655814	1.422879
0.091518	0.657551	0.663890	1.432504
0.083599	0.662440	0.667694	1.445261
0.059907	0.674945	0.677598	1.482269
0.036860	0.679415	0.680414	1.516597
0.013760	0.681692	0.681831	1.550615
0.033494	0.679784	0.680608	1.521565
0.054064	0.676639	0.678795	1.491064
0.073432	0.668110	0.672133	1.461326
0.087316	0.660865	0.666608	1.439433
0.096160	0.649862	0.656938	1.423893
0.098835	0.648054	0.655547	1.419453
0.098192	0.663956	0.671177	1.423972
0.083164	0.668646	0.673798	1.447055
0.064434	0.677484	0.680541	1.475973
0.091783	0.668072	0.674348	1.434266
0.091453	0.660421	0.666723	1.433194
0.076794	0.667218	0.671623	1.456205
0.051431	0.678597	0.680543	1.495151
0.048311	0.679893	0.681608	1.499859
0.067719	0.672221	0.675624	1.470395
0.085204	0.663762	0.669208	1.443129
0.094434	0.666014	0.672675	1.429946
0.077340	0.673243	0.677671	1.456421
0.096265	0.657507	0.664517	1.425420
0.099300	0.645065	0.652663	1.418058
0.095719	0.641872	0.648970	1.422763
0.095282	0.643953	0.650964	1.423898
0.094841	0.647674	0.654581	1.425396
0.092831	0.653767	0.660325	1.429745
0.084767	0.661882	0.667288	1.443420
0.066762	0.671334	0.674645	1.471676
0.043386	0.679154	0.680538	1.507001
0.015275	0.680905	0.681076	1.548367
-0.008337	0.680878	0.680929	1.583040
-0.023369	0.679513	0.679915	1.605173
-0.038342	0.677718	0.678802	1.627312
-0.049971	0.669918	0.671779	1.645252
-0.044630	0.667112	0.668603	1.637597
-0.050793	0.661855	0.663801	1.647390
-0.049880	0.665941	0.667806	1.645559
-0.048059	0.671727	0.673444	1.642220
-0.025942	0.680241	0.680736	1.608914
-0.004752	0.680934	0.680950	1.577775
0.010817	0.681098	0.681183	1.554916
0.040549	0.678672	0.679882	1.511119
0.057773	0.674317	0.676787	1.485328
0.072586	0.669338	0.673262	1.462774
0.092556	0.652623	0.659153	1.429914
0.095689	0.650585	0.657584	1.424761
0.098295	0.646440	0.653871	1.419896
0.098861	0.663584	0.670908	1.422904
0.083237	0.668900	0.674059	1.446994
0.062584	0.678851	0.681729	1.478866
0.087732	0.666449	0.672199	1.439907
0.072340	0.671341	0.675227	1.463456
0.053754	0.678684	0.680809	1.491758
0.072255	0.671419	0.675296	1.463594
0.087561	0.666598	0.672325	1.440188
0.098175	0.667970	0.675147	1.424865
0.098847	0.660592	0.667946	1.422265
0.089423	0.660059	0.666089	1.436139
0.070741	0.669955	0.673680	1.465595
0.056511	0.674875	0.677236	1.487255
0.041924	0.679464	0.680757	1.509173
0.019426	0.681657	0.681933	1.542305
-0.001581	0.682580	0.682581	1.573113
0.027948	0.681048	0.681621	1.529782
0.045264	0.678368	0.679877	1.504171
0.060993	0.675034	0.677784	1.480685
0.086266	0.661252	0.666855	1.441071
0.092924	0.656587	0.663130	1.430205
0.097811	0.656717	0.663961	1.422944
0.080480	0.670326	0.675140	1.451308
0.084278	0.663897	0.669225	1.444528
0.085259	0.670742	0.676139	1.444362
0.074137	0.677090	0.681137	1.461737
0.088144	0.667300	0.673096	1.439466
0.099622	0.657797	0.665298	1.420491
0.100432	0.642910	0.650707	1.415834
0.095106	0.627791	0.634954	1.420446
0.094569	0.628248	0.635326	1.421390
0.091283	0.623019	0.629671	1.425314
0.090744	0.623045	0.629618	1.426167
0.089985	0.622885	0.629352	1.427324
0.096155	0.635606	0.642838	1.420654
0.092022	0.629978	0.636663	1.425751
0.090842	0.629659	0.636179	1.427513
0.096627	0.641207	0.648447	1.421226
0.094526	0.641059	0.647991	1.424398
0.093888	0.643473	0.650286	1.425910
0.093258	0.647092	0.653777	1.427664
0.091624	0.652022	0.658428	1.431187
0.087702	0.658116	0.663934	1.438315
0.062393	0.673932	0.676814	1.478480
0.045236	0.677378	0.678887	1.504115
0.025163	0.679579	0.680045	1.533786
0.003441	0.680191	0.680200	1.565737
-0.012288	0.680044	0.680155	1.588863
-0.028230	0.679486	0.680072	1.612319
-0.047611	0.670831	0.672518	1.641651
-0.041314	0.666450	0.667730	1.632708
-0.023210	0.674833	0.675232	1.605177
-0.020296	0.676441	0.676745	1.600792
-0.021735	0.677790	0.678138	1.602853
-0.029462	0.678247	0.678886	1.614207
-0.039649	0.675527	0.676690	1.629422
-0.042763	0.668042	0.669410	1.634722
-0.039172	0.667988	0.669135	1.629371
-0.041224	0.671597	0.672861	1.632102
-0.033074	0.669324	0.670141	1.620171
-0.041747	0.667284	0.668589	1.633277
-0.027733	0.675120	0.675690	1.611852
-0.028148	0.677515	0.678100	1.612319
-0.024672	0.675640	0.676091	1.607297
-0.031810	0.670396	0.671150	1.618211
-0.047014	0.670868	0.672513	1.640761
-0.024045	0.679420	0.679846	1.606172
-0.007353	0.679677	0.679716	1.581614
0.008457	0.679525	0.679578	1.558352
0.001157	0.679248	0.679249	1.569092
0.010079	0.678163	0.678238	1.555935
-0.003770	0.677071	0.677082	1.576364
-0.011531	0.674718	0.674817	1.587885
-0.031419	0.667941	0.668680	1.617800
-0.052826	0.652064	0.654200	1.651633
-0.068674	0.636606	0.640300	1.678256
-0.084872	0.622916	0.628672	1.706212
-0.097069	0.611944	0.619594	1.728109
-0.112590	0.598424	0.608924	1.756766
-0.134841	0.581186	0.596623	1.798774
-0.151166	0.568324	0.588084	1.830763
-0.174181	0.551287	0.578149	1.876824
-0.190642	0.539800	0.572476	1.910294
-0.206142	0.528372	0.567161	1.942779
-0.189266	0.540943	0.573098	1.907366
-0.169722	0.554266	0.579669	1.867941
-0.155285	0.565228	0.586171	1.838911
-0.139380	0.576502	0.593112	1.808013
-0.125077	0.587489	0.600656	1.780565
-0.110395	0.599189	0.609274	1.752993
-0.094134	0.613699	0.620877	1.722998
-0.079657	0.627036	0.632075	1.697157
-0.066988	0.639421	0.642921	1.675180
-0.050477	0.656926	0.658863	1.647484
-0.027157	0.669265	0.669816	1.611352
-0.012061	0.674762	0.674870	1.588669
0.000211	0.676888	0.676888	1.570485
0.010981	0.677671	0.677760	1.554594
0.016691	0.678104	0.678310	1.546188
0.000859	0.678992	0.678993	1.569532
-0.018219	0.679347	0.679591	1.597609
-0.043881	0.671962	0.673393	1.636006
-0.042905	0.667202	0.668580	1.635014
-0.023580	0.674237	0.674650	1.605756
-0.031865	0.669697	0.670455	1.618342
-0.030070	0.670535	0.671209	1.615611
-0.027884	0.671809	0.672387	1.612278
-0.044261	0.668596	0.670060	1.636899
-0.040529	0.675012	0.676227	1.630766
-0.028824	0.678294	0.678906	1.613266
-0.025668	0.677994	0.678480	1.608637
-0.023600	0.673066	0.673479	1.605845
-0.041790	0.666360	0.667669	1.633428
-0.047692	0.670599	0.672292	1.641796
-0.028975	0.679378	0.679996	1.613420
-0.012565	0.679995	0.680111	1.589273
0.003523	0.680131	0.680140	1.565616
0.017419	0.680048	0.680271	1.545187
0.047130	0.677048	0.678686	1.501297
0.063458	0.671899	0.674889	1.476630
0.078393	0.666034	0.670632	1.453635
0.092841	0.648296	0.654910	1.428556
0.095989	0.647930	0.655002	1.423719
0.092714	0.638498	0.645194	1.426598
0.096036	0.640973	0.648128	1.422074
0.096156	0.637581	0.644791	1.421111
0.088932	0.624147	0.630451	1.429263
0.090463	0.625031	0.631544	1.427060
0.091174	0.625073	0.631687	1.425956
0.094403	0.629658	0.636695	1.421978
0.093329	0.625528	0.632453	1.422688
0.093194	0.623886	0.630808	1.422516
0.094457	0.625537	0.632628	1.420928
0.100285	0.641938	0.649725	1.415827
0.101955	0.659617	0.667450	1.417443
0.089604	0.667564	0.673550	1.437368
0.075626	0.673266	0.677500	1.458938
0.061393	0.678888	0.681658	1.480610
0.082847	0.669493	0.674599	1.447676
0.073178	0.669616	0.673602	1.461945
0.084279	0.667082	0.672384	1.445123
0.099566	0.655973	0.663486	1.420163
0.095092	0.652956	0.659844	1.426179
0.091082	0.657384	0.663664	1.433121
0.082472	0.663518	0.668624	1.447135
0.056604	0.676756	0.679120	1.487350
0.037103	0.679777	0.680789	1.516270
0.016933	0.681590	0.681800	1.545957
0.001617	0.681889	0.681891	1.568425
-0.017671	0.681717	0.681946	1.596711
0.012070	0.681728	0.681835	1.553093
0.041740	0.679470	0.680751	1.509443
0.057588	0.674518	0.676972	1.485627
0.072232	0.669064	0.672952	1.463253
0.089561	0.658824	0.664884	1.435684
0.096191	0.654460	0.661492	1.424864
0.086505	0.665033	0.670636	1.441446
0.073379	0.676084	0.680055	1.462685
0.092809	0.666605	0.673035	1.432459
0.087414	0.662532	0.668274	1.439615
0.071992	0.669885	0.673742	1.463737
0.053816	0.678069	0.680201	1.491596
0.053922	0.678421	0.680560	1.491482
0.072522	0.670027	0.673940	1.462978
0.088403	0.662796	0.668666	1.438201
0.092560	0.667471	0.673859	1.433003
0.075406	0.674912	0.679112	1.459530
0.097299	0.657011	0.664177	1.423771
0.098773	0.643603	0.651138	1.418515
0.095930	0.642143	0.649269	1.422503
0.095800	0.646715	0.653772	1.423733
0.091062	0.657707	0.663981	1.433217
0.082562	0.662824	0.667946	1.446874
0.058570	0.675100	0.677636	1.484255
0.036472	0.678931	0.679910	1.517128
0.015162	0.680888	0.681057	1.548532
0.001645	0.680780	0.680782	1.568379
-0.017218	0.680405	0.680622	1.596096
-0.036112	0.678303	0.679263	1.623985
-0.043428	0.672319	0.673720	1.635301
-0.048237	0.666266	0.668009	1.643070
-0.047032	0.663753	0.665417	1.641536
-0.048933	0.660957	0.662766	1.644695
-0.043355	0.664749	0.666161	1.635925
-0.048359	0.665825	0.667579	1.643299
-0.048193	0.671671	0.673398	1.642424
-0.035043	0.678189	0.679094	1.622422
-0.013235	0.680551	0.680680	1.590241
0.003146	0.680790	0.680797	1.566175
0.018057	0.680680	0.680920	1.544274
0.045041	0.678231	0.679725	1.504484
0.069829	0.670976	0.674599	1.467099
0.090081	0.656562	0.662712	1.434446
0.093689	0.651085	0.657791	1.427880
0.094901	0.647234	0.654155	1.425208
0.095210	0.644245	0.651242	1.424072
0.095024	0.641705	0.648702	1.423784
0.094919	0.639572	0.646577	1.423462
0.095409	0.638511	0.645600	1.422469
0.099506	0.643560	0.651207	1.417392
0.100533	0.657632	0.665272	1.419099
0.078594	0.668350	0.672955	1.453739
0.085369	0.671745	0.677147	1.444388
0.096398	0.659265	0.666276	1.425605
0.085188	0.662649	0.668103	1.442941
0.065039	0.672822	0.675958	1.474430
0.040267	0.680635	0.681825	1.511704
0.048461	0.678959	0.680686	1.499542
0.067373	0.671390	0.674761	1.470783
0.083716	0.662962	0.668227	1.445185
0.092922	0.656491	0.663034	1.430187
0.097616	0.654858	0.662094	1.422822
0.085042	0.674018	0.679361	1.445287
0.091707	0.667583	0.673852	1.434279
0.076345	0.676908	0.681200	1.458486
0.092997	0.662013	0.668513	1.431234
0.097447	0.648563	0.655843	1.421662
0.094596	0.648996	0.655853	1.426058
0.092574	0.653550	0.660073	1.430085
0.087915	0.659191	0.665027	1.438210
0.075546	0.666797	0.671063	1.457980
0.061770	0.674582	0.677404	1.479483
0.041805	0.678726	0.680013	1.509281
0.019643	0.680885	0.681168	1.541955
0.004465	0.681239	0.681253	1.564243
-0.013207	0.681194	0.681322	1.590183
0.011112	0.681274	0.681364	1.554488
0.033763	0.680149	0.680986	1.521196
0.049237	0.676685	0.678474	1.498162
0.063985	0.672822	0.675857	1.475982
0.085851	0.661626	0.667173	1.441760
0.095783	0.654837	0.661805	1.425557
0.078102	0.671676	0.676202	1.455037
0.087008	0.675265	0.680848	1.442652
0.097143	0.655807	0.662963	1.423738
0.096497	0.640931	0.648154	1.421361
0.095555	0.641717	0.648793	1.422977
0.095483	0.644373	0.651409	1.423687
0.094891	0.648532	0.655437	1.425510
0.091856	0.655817	0.662219	1.431639
0.077075	0.666540	0.670982	1.455674
0.059431	0.674160	0.676774	1.482869
0.036979	0.679927	0.680931	1.516463
0.008555	0.680999	0.681053	1.558235
-0.007595	0.680807	0.680850	1.581952
-0.026254	0.680155	0.680662	1.609377
-0.040866	0.674988	0.676224	1.631266
-0.049767	0.668444	0.670294	1.645112
-0.048469	0.664438	0.666203	1.643614
-0.035054	0.668517	0.669436	1.623183
-0.051305	0.659764	0.661756	1.648403
-0.048195	0.663673	0.665420	1.643287
-0.049053	0.666790	0.668592	1.644230
-0.034428	0.678879	0.679752	1.621465
-0.014661	0.680589	0.680747	1.592335
0.003718	0.680931	0.680941	1.565337
0.021713	0.680825	0.681171	1.538915
0.040226	0.678463	0.679654	1.511576
0.058028	0.675125	0.677614	1.485056
0.072441	0.668386	0.672300	1.462835
0.085606	0.661752	0.667266	1.442149
0.094871	0.649974	0.656861	1.425858
0.095628	0.644119	0.651179	1.423409
0.095977	0.641451	0.648592	1.422273
0.100098	0.645802	0.653513	1.417022
0.098634	0.660209	0.667536	1.422495
0.085840	0.667938	0.673431	1.442982
0.071405	0.676123	0.679883	1.465577
0.086747	0.667795	0.673405	1.441619
0.099647	0.660269	0.667746	1.421009
0.096519	0.662728	0.669720	1.426174
0.078449	0.667023	0.671621	1.453723
0.060305	0.675563	0.678250	1.481766
0.039238	0.682094	0.683221	1.513334
0.057107	0.676946	0.679351	1.486636
0.072726	0.670876	0.674806	1.462813
0.087658	0.667508	0.673239	1.440222
0.073197	0.677113	0.681058	1.463113
0.088145	0.667598	0.673392	1.439523
0.100090	0.658551	0.666114	1.419966
0.101246	0.643557	0.651472	1.414752
0.094409	0.624767	0.631860	1.420820
0.093068	0.622775	0.629691	1.422454
0.092910	0.623606	0.630489	1.422896
0.093571	0.626475	0.633424	1.422531
0.090637	0.622093	0.628661	1.426117
0.094917	0.631639	0.638731	1.421641
0.092551	0.628982	0.635754	1.424701
0.091873	0.629522	0.636191	1.425878
0.091671	0.630903	0.637528	1.426505
0.091649	0.632575	0.639180	1.426915
0.091763	0.634406	0.641009	1.427148
0.091632	0.636120	0.642685	1.427732
0.096604	0.649144	0.656293	1.423063
0.093047	0.653726	0.660315	1.429413
0.085079	0.661340	0.666790	1.442852
0.068594	0.670031	0.673533	1.468778
0.046085	0.677637	0.679202	1.502893
0.027479	0.679326	0.679882	1.530368
0.009982	0.680131	0.680204	1.556120
-0.017327	0.679861	0.680082	1.596277
-0.034853	0.676933	0.677830	1.622237
-0.046991	0.670748	0.672392	1.640739
-0.044093	0.666697	0.668154	1.636836
-0.036063	0.667789	0.668762	1.624748
-0.023182	0.673333	0.673732	1.605212
-0.029907	0.677578	0.678238	1.614906
-0.028465	0.678172	0.678769	1.612745
-0.039565	0.675359	0.676517	1.629313
-0.035820	0.669094	0.670052	1.624281
-0.034359	0.669262	0.670143	1.622090
-0.025915	0.673098	0.673597	1.609278
-0.040575	0.670364	0.671590	1.631249
-0.026698	0.677242	0.677768	1.610198
-0.026163	0.677319	0.677824	1.609405
-0.022591	0.676468	0.676845	1.604180
-0.037784	0.671148	0.672210	1.627034
-0.028969	0.672380	0.673004	1.613855
-0.037917	0.670766	0.671837	1.627264
-0.024286	0.673364	0.673802	1.606848
-0.040533	0.670663	0.671887	1.631161
-0.036858	0.669415	0.670429	1.625801
-0.028658	0.672316	0.672927	1.613396
-0.043787	0.671282	0.672708	1.635934
-0.040514	0.673379	0.674597	1.630888
-0.029685	0.676374	0.677025	1.614657
-0.034014	0.668745	0.669610	1.621615
-0.044786	0.667403	0.668904	1.637800
-0.042303	0.674954	0.676279	1.633389
-0.019864	0.679599	0.679889	1.600017
0.004554	0.679795	0.679810	1.564098
0.033699	0.677924	0.678761	1.521128
0.024535	0.678519	0.678963	1.534652
0.033622	0.677204	0.678038	1.521189
0.004201	0.678986	0.678999	1.564609
0.002362	0.677808	0.677812	1.567311
-0.000512	0.676452	0.676452	1.571553
-0.027733	0.669586	0.670160	1.612191
-0.044316	0.659118	0.660607	1.637931
-0.057483	0.646590	0.649140	1.659466
-0.074712	0.629540	0.633958	1.688922
-0.094450	0.612652	0.619889	1.723757
-0.107486	0.600597	0.610139	1.747887
-0.130755	0.582308	0.596808	1.791679
-0.148763	0.568494	0.587636	1.826737
-0.172577	0.550934	0.577331	1.874359
-0.185375	0.542187	0.573001	1.900239
-0.197760	0.533175	0.568669	1.925976
-0.220619	0.516471	0.561618	1.974501
-0.233215	0.507365	0.558398	2.001654
-0.245459	0.498027	0.555230	2.028718
-0.266197	0.481411	0.550107	2.075902
-0.281377	0.468975	0.546910	2.111202
-0.295279	0.456763	0.543896	2.144679
-0.309612	0.444241	0.541488	2.179470
-0.323042	0.431789	0.539257	2.213112
-0.334887	0.420424	0.537499	2.243428
-0.346175	0.408926	0.535777	2.273282
-0.330499	0.424676	0.538126	2.232127
-0.312986	0.441034	0.540806	2.187979
-0.301573	0.451501	0.542954	2.159677
-0.289691	0.461763	0.545111	2.131090
-0.276295	0.473042	0.547821	2.099430
-0.262221	0.484276	0.550711	2.067066
-0.250325	0.493835	0.553656	2.039949
-0.237996	0.503142	0.556591	2.012628
-0.224417	0.513393	0.560300	1.982892
-0.210186	0.523496	0.564115	1.952599
-0.197895	0.532736	0.568305	1.926468
-0.185352	0.541783	0.572612	1.900429
-0.169799	0.553045	0.578524	1.868686
-0.153272	0.564548	0.584984	1.835901
-0.132358	0.580549	0.595446	1.794954
-0.115719	0.593799	0.604969	1.763263
-0.094367	0.611873	0.619107	1.723817
-0.080065	0.624953	0.630061	1.698215
-0.067585	0.636973	0.640549	1.676504
-0.051259	0.653157	0.655165	1.649115
-0.037352	0.662799	0.663850	1.627092
-0.021957	0.671111	0.671471	1.603503
-0.005560	0.675667	0.675690	1.579025
0.007921	0.677212	0.677259	1.559100
0.004958	0.678572	0.678590	1.563490
0.031632	0.676914	0.677653	1.524101
0.024723	0.678208	0.678658	1.534359
0.036231	0.677370	0.678338	1.517359
0.011639	0.679613	0.679712	1.553671
-0.006280	0.679804	0.679833	1.580034
-0.031033	0.678907	0.679616	1.616475
-0.044854	0.667347	0.668853	1.637908
-0.027574	0.671446	0.672012	1.611840
-0.021824	0.676528	0.676880	1.603044
-0.023446	0.673920	0.674328	1.605572
-0.035161	0.671298	0.672218	1.623126
-0.026747	0.674136	0.674666	1.610452
-0.032931	0.676071	0.676872	1.619467
-0.028349	0.675247	0.675842	1.612754
-0.034674	0.670890	0.671785	1.622434
-0.034939	0.676763	0.677664	1.622377
-0.027748	0.677490	0.678058	1.611730
-0.023485	0.675224	0.675632	1.605564
-0.031662	0.671047	0.671793	1.617945
-0.045743	0.667470	0.669036	1.639222
-0.041257	0.675552	0.676811	1.631793
-0.019150	0.679632	0.679901	1.598965
0.004274	0.679810	0.679824	1.564509
0.024976	0.678853	0.679312	1.534021
0.041601	0.676736	0.678014	1.509401
0.023521	0.678524	0.678931	1.536145
0.006114	0.679474	0.679502	1.561798
0.005479	0.678765	0.678787	1.562725
0.011493	0.677426	0.677523	1.553833
-0.000200	0.676401	0.676401	1.571092
-0.015034	0.673507	0.673675	1.593115
-0.032677	0.666086	0.666887	1.619815
-0.050913	0.654199	0.656177	1.648464
-0.069435	0.635445	0.639227	1.679634
-0.082407	0.622960	0.628387	1.702316
-0.097022	0.609638	0.617310	1.728620
-0.115475	0.593914	0.605036	1.762831
-0.131487	0.581089	0.595779	1.793326
-0.150529	0.567227	0.586861	1.830195
-0.169279	0.553599	0.578902	1.867546
-0.182169	0.544583	0.574244	1.893606
-0.194525	0.535323	0.569570	1.919339
-0.173514	0.550506	0.577203	1.876129
-0.151289	0.566298	0.586158	1.831854
-0.128191	0.583914	0.597819	1.786905
-0.109060	0.599903	0.609736	1.750629
-0.092947	0.614770	0.621757	1.720850
-0.077215	0.629582	0.634300	1.692831
-0.061751	0.644612	0.647563	1.666301
-0.050373	0.655061	0.656995	1.647543
-0.038413	0.665148	0.666256	1.628483
-0.013827	0.675184	0.675326	1.591273
-0.005795	0.677084	0.677109	1.579355
0.003662	0.677916	0.677926	1.565394
0.013600	0.678093	0.678230	1.550743
0.022298	0.677940	0.678306	1.537918
0.030528	0.677521	0.678209	1.525769
0.038457	0.676859	0.677951	1.514040
0.040321	0.676904	0.678103	1.511299
0.012027	0.679489	0.679596	1.553098
-0.004751	0.679741	0.679757	1.577785
-0.026083	0.679387	0.679888	1.609169
-0.046558	0.668194	0.669814	1.640361
-0.036968	0.677370	0.678378	1.625318
-0.015599	0.679730	0.679909	1.593742
0.004815	0.679839	0.679856	1.563714
0.021794	0.679297	0.679646	1.538724
0.006225	0.679800	0.679829	1.561639
-0.015662	0.679779	0.679959	1.593832
-0.040819	0.675184	0.676416	1.631179
-0.046490	0.668583	0.670198	1.640220
-0.039677	0.667270	0.668448	1.630187
-0.026954	0.671507	0.672048	1.610915
-0.031492	0.675868	0.676601	1.617358
-0.038633	0.674971	0.676076	1.627970
-0.043108	0.669946	0.671331	1.635054
-0.038684	0.668892	0.670010	1.628565
-0.038034	0.670343	0.671421	1.627474
-0.029408	0.677827	0.678465	1.614154
-0.021182	0.675789	0.676121	1.602130
-0.034795	0.668385	0.669290	1.622807
-0.046845	0.668130	0.669770	1.640795
-0.032085	0.678764	0.679522	1.618032
-0.011174	0.679867	0.679959	1.587230
0.007113	0.679896	0.679934	1.560334
0.023935	0.679061	0.679483	1.535564
0.041193	0.677528	0.678779	1.510072
0.051385	0.675729	0.677680	1.494898
0.041217	0.677229	0.678482	1.510010
0.026619	0.678657	0.679178	1.531594
0.041240	0.676689	0.677944	1.509928
0.022585	0.678514	0.678890	1.537523
0.004880	0.679418	0.679436	1.563614
0.001125	0.678564	0.678565	1.569138
0.000947	0.677046	0.677047	1.569398
-0.017027	0.673406	0.673621	1.596077
-0.041536	0.661761	0.663064	1.633480
-0.059268	0.644411	0.647131	1.662510
-0.070960	0.633950	0.637909	1.682266
-0.081951	0.623575	0.628937	1.701468
-0.095212	0.611358	0.618728	1.725294
-0.112285	0.596695	0.607168	1.756799
-0.127658	0.584109	0.597896	1.785964
-0.143871	0.572377	0.590181	1.817053
-0.158711	0.561104	0.583118	1.846451
-0.180032	0.545359	0.574306	1.889649
-0.194389	0.535134	0.569347	1.919228
-0.207813	0.524832	0.564478	1.947816
-0.226784	0.511056	0.559114	1.988446
-0.244058	0.497676	0.554297	2.026731
-0.262263	0.483781	0.550296	2.067563
-0.278553	0.470376	0.546668	2.105455
-0.294312	0.457251	0.543781	2.142698
-0.308531	0.444465	0.541055	2.177594
-0.325292	0.429111	0.538471	2.219436
-0.340385	0.414231	0.536143	2.258646
-0.353128	0.401112	0.534407	2.292661
-0.364993	0.388070	0.532746	2.325559
-0.377657	0.374019	0.531521	2.361035
-0.389366	0.360111	0.530364	2.395209
-0.398877	0.348193	0.529473	2.423934
-0.408018	0.336033	0.528580	2.452641
-0.395777	0.352057	0.529701	2.414589
-0.382043	0.368679	0.530925	2.373994
-0.366676	0.386280	0.532601	2.330164
-0.349352	0.404643	0.534587	2.282994
-0.331505	0.422783	0.537254	2.235768
-0.310280	0.442535	0.540473	2.182289
-0.297325	0.454451	0.543073	2.150155
-0.283495	0.466404	0.545804	2.116955
-0.264733	0.481987	0.549905	2.073066
-0.243797	0.498241	0.554690	2.025859
-0.265522	0.481306	0.549688	2.074921
-0.285039	0.465025	0.545431	2.120686
-0.298440	0.453373	0.542783	2.152961
-0.310971	0.441725	0.540208	2.184196
-0.329802	0.424219	0.537337	2.231625
-0.346113	0.407754	0.534843	2.274609
-0.360574	0.392503	0.532984	2.313822
-0.373555	0.377755	0.531265	2.350604
-0.386252	0.363045	0.530087	2.387156
-0.397920	0.348544	0.528983	2.422245
-0.407095	0.336433	0.528123	2.450946
-0.415859	0.324135	0.527259	2.479517
-0.425221	0.310901	0.526757	2.510265
-0.434024	0.297578	0.526241	2.540580
-0.448361	0.273915	0.525411	2.593179
-0.436788	0.292955	0.525934	2.550801
-0.423263	0.313157	0.526516	2.504610
-0.434684	0.296075	0.525938	2.543645
-0.444864	0.279507	0.525384	2.580627
-0.452915	0.265444	0.524969	2.611472
-0.460330	0.251426	0.524518	2.641682
-0.470907	0.230773	0.524414	2.685928
-0.479709	0.211474	0.524254	2.726383
-0.486949	0.194247	0.524263	2.762029
-0.493154	0.177672	0.524183	2.795791
-0.487685	0.192028	0.524129	2.766481
-0.481758	0.206274	0.524060	2.737041
-0.474572	0.222255	0.524038	2.703603
-0.466531	0.238521	0.523969	2.668974
-0.474648	0.221751	0.523894	2.704535
-0.481737	0.205525	0.523747	2.738340
-0.487401	0.191447	0.523652	2.767316
-0.492633	0.177243	0.523548	2.796225
-0.499812	0.156743	0.523813	2.837703
-0.505716	0.137239	0.524007	2.876599
-0.510217	0.120328	0.524213	2.909988
-0.513969	0.103803	0.524346	2.942310
-0.507548	0.128675	0.523605	2.893301
-0.513357	0.104918	0.523968	2.939993
-0.517599	0.083050	0.524220	2.982497
-0.521835	0.056548	0.524890	3.033650
-0.524416	0.032413	0.525417	3.079863
-0.524381	0.024466	0.524951	3.094970
-0.525523	0.002546	0.525529	3.136748
-0.525666	-0.017740	0.525965	3.175328
-0.524913	-0.047376	0.527047	3.231603
-0.522796	-0.073137	0.527887	3.280586
-0.522542	-0.068448	0.527006	3.271842
-0.520210	-0.089283	0.527816	3.311565
-0.517210	-0.108623	0.528493	3.348601
-0.511963	-0.136702	0.529899	3.402520
-0.505855	-0.162095	0.531191	3.451693
-0.508274	-0.149543	0.529817	3.427736
-0.503068	-0.169711	0.530924	3.466956
-0.497375	-0.188635	0.531945	3.504093
-0.488298	-0.215866	0.533884	3.557840
-0.478930	-0.239941	0.535673	3.606035
-0.480083	-0.235242	0.534619	3.597210
-0.472851	-0.252402	0.535998	3.631904
-0.465266	-0.268912	0.537389	3.665659
-0.454563	-0.290893	0.539673	3.710863
-0.443808	-0.310965	0.541908	3.752771
-0.447119	-0.303542	0.540419	3.738006
-0.432945	-0.328215	0.543292	3.790257
-0.419594	-0.350186	0.546525	3.837068
-0.406439	-0.370216	0.549775	3.880385
-0.410728	-0.362649	0.547916	3.864903
-0.400177	-0.378241	0.550643	3.898819
-0.389394	-0.393387	0.553517	3.932092
-0.379413	-0.406820	0.556288	3.961834
-0.369256	-0.419981	0.559226	3.991173
-0.371542	-0.416089	0.557829	3.983490
-0.360392	-0.430341	0.561316	4.015222
-0.349129	-0.444272	0.565039	4.046339
-0.339000	-0.456431	0.568551	4.073564
-0.328791	-0.468321	0.572213	4.100279
-0.331672	-0.464018	0.570368	4.091811
-0.321045	-0.476430	0.574505	4.119427
-0.310339	-0.488635	0.578856	4.146550
-0.290777	-0.510352	0.587376	4.194503
-0.286884	-0.513980	0.588624	4.203301
-0.268608	-0.534152	0.597887	4.246449
-0.251098	-0.553337	0.607645	4.286389
-0.246943	-0.557274	0.609537	4.295265
-0.229925	-0.576022	0.620215	4.332607
-0.213160	-0.594804	0.631846	4.368277
-0.199002	-0.610174	0.641806	4.397126
-0.185499	-0.625257	0.652193	4.423985
-0.171103	-0.641276	0.663710	4.451646
-0.164141	-0.648349	0.668804	4.464432
-0.152360	-0.660530	0.677875	4.485691
-0.138539	-0.673135	0.687243	4.509411
-0.118783	-0.686471	0.696672	4.541051
-0.096190	-0.696195	0.702808	4.575093
-0.071536	-0.702492	0.706125	4.610906
-0.049070	-0.706260	0.707963	4.643021
-0.026870	-0.707990	0.708500	4.674454
-0.005558	-0.708417	0.708439	4.704544
0.015435	-0.706849	0.707017	4.734222
0.036381	-0.704219	0.705158	4.764005
0.054184	-0.699408	0.701503	4.789705
0.071989	-0.692959	0.696688	4.815904
0.084274	-0.685833	0.690992	4.834655
0.098512	-0.677731	0.684853	4.856733
0.105962	-0.671427	0.679737	4.868914
0.117174	-0.664191	0.674447	4.887008
0.123769	-0.658062	0.669600	4.898298
0.134590	-0.650817	0.664588	4.916316
0.139458	-0.645720	0.660607	4.925094
0.149338	-0.639258	0.656469	4.941884
0.154172	-0.634343	0.652810	4.950808
0.164468	-0.627786	0.648973	4.968612
0.168643	-0.623398	0.645807	4.976587
0.177782	-0.617329	0.642418	4.992787
0.188918	-0.608587	0.637235	5.013378
0.199862	-0.600379	0.632772	5.033743
0.210606	-0.591951	0.628300	5.054206
0.221301	-0.583848	0.624382	5.074695
0.225591	-0.579415	0.621782	5.083675
0.236968	-0.572081	0.619218	5.105094
0.240076	-0.568369	0.616993	5.112050
0.250444	-0.561507	0.614827	5.131929
0.253868	-0.557616	0.612687	5.139620
0.265233	-0.550083	0.610688	5.161671
0.268426	-0.546449	0.608818	5.168986
0.278157	-0.539666	0.607133	5.188300
0.287290	-0.531975	0.604593	5.207557
0.297845	-0.523632	0.602413	5.229556
0.306651	-0.515946	0.600196	5.248641
0.317141	-0.507387	0.598348	5.271023
0.320266	-0.503569	0.596785	5.278854
0.332022	-0.494730	0.595816	5.303467
0.335067	-0.491038	0.594464	5.311181
0.344649	-0.483322	0.593619	5.331843
0.347663	-0.479504	0.592279	5.339729
0.358694	-0.470536	0.591663	5.363722
0.370907	-0.458793	0.589969	5.392256
0.379491	-0.450034	0.588680	5.412950
0.389643	-0.440076	0.587783	5.437078
0.397770	-0.431276	0.586702	5.457394
0.407568	-0.421090	0.586028	5.481471
0.410555	-0.416873	0.585098	5.490152
0.420517	-0.406872	0.585132	5.514278
0.431639	-0.393873	0.584336	5.543505
0.436021	-0.388178	0.583778	5.555770
0.443660	-0.379407	0.583767	5.575695
0.454088	-0.366043	0.583252	5.604732
0.460836	-0.356721	0.582769	5.624454
0.469323	-0.345460	0.582758	5.648651
0.475450	-0.336282	0.582356	5.667582
0.483327	-0.325022	0.582447	5.691178
0.493519	-0.309390	0.582480	5.723216
0.502327	-0.294878	0.582482	5.752361
0.511596	-0.278911	0.582685	5.784051
0.519536	-0.264140	0.582828	5.812829
0.524402	-0.254168	0.582751	5.831867
0.530780	-0.241667	0.583207	5.855927
0.534808	-0.232352	0.583102	5.873331
0.540537	-0.219999	0.583592	5.896658
0.547822	-0.202687	0.584115	5.928817
0.553886	-0.186774	0.584529	5.957954
0.560102	-0.169274	0.585122	5.989692
0.565239	-0.153130	0.585614	6.018624
0.567671	-0.143912	0.585628	6.034903
0.571789	-0.130181	0.586421	6.059329
0.573441	-0.122180	0.586312	6.073260
0.576860	-0.109003	0.587068	6.096428
0.580986	-0.089856	0.587894	6.129740
0.584010	-0.072714	0.588519	6.159314
0.586941	-0.053520	0.589376	6.192252
0.588940	-0.036224	0.590053	6.221756
0.589390	-0.027969	0.590053	6.235767
0.590902	-0.013197	0.591049	6.260855
0.590596	-0.008182	0.590653	6.269333
0.591768	0.007458	0.591815	6.295788
0.592146	0.026636	0.592745	6.328138
0.591897	0.044092	0.593537	6.357541
0.591144	0.063091	0.594501	6.389510
0.589878	0.080428	0.595336	6.418696
0.588812	0.087312	0.595250	6.430397
0.587478	0.103590	0.596541	6.457721
0.586284	0.108412	0.596223	6.466034
0.584442	0.124315	0.597517	6.492769
0.581156	0.143609	0.598637	6.525441
0.577560	0.161100	0.599607	6.555204
0.573178	0.179892	0.600744	6.587300
0.568542	0.197199	0.601771	6.617052
0.566403	0.202885	0.601643	6.627145
0.561758	0.219645	0.603172	6.655905
0.559575	0.224733	0.603016	6.665081
0.554794	0.239647	0.604341	6.690934
0.548510	0.256333	0.605450	6.720353
0.541964	0.272388	0.606564	6.748905
0.534808	0.288566	0.607692	6.777985
0.527417	0.304147	0.608830	6.806276
0.522076	0.314345	0.609406	6.825152
0.514761	0.328541	0.610670	6.851249
0.509384	0.337708	0.611162	6.868626
0.501853	0.350872	0.612347	6.893343
0.492563	0.365819	0.613549	6.921989
0.482989	0.380373	0.614787	6.950282
0.473051	0.394517	0.615971	6.978308
0.462584	0.408676	0.617252	7.006789
0.456895	0.415509	0.617576	7.021180
0.445865	0.429648	0.619187	7.050062
0.441357	0.434321	0.619218	7.060549
0.429641	0.448244	0.620898	7.089771
0.418861	0.459800	0.621981	7.115142
0.406302	0.472844	0.623429	7.144129
0.395488	0.483221	0.624430	7.168098
0.382240	0.495637	0.625910	7.197045
0.371408	0.504999	0.626872	7.219849
0.357217	0.517070	0.628462	7.249424
0.346448	0.525422	0.629360	7.271046
0.332077	0.536441	0.630907	7.299682
0.320837	0.544318	0.631838	7.321370
0.305507	0.554934	0.633472	7.350733
0.294636	0.561723	0.634305	7.370910
0.279178	0.571340	0.635901	7.399465
0.267618	0.577853	0.636815	7.420267
0.251202	0.587018	0.638508	7.449633
0.240087	0.592540	0.639332	7.469016
0.223912	0.600560	0.640944	7.497107
0.211972	0.605846	0.641858	7.517416
0.194699	0.613415	0.643572	7.546637
0.184864	0.617077	0.644173	7.562910
0.166623	0.624136	0.645994	7.593100
0.152424	0.628895	0.647103	7.616200
0.132896	0.635213	0.648966	7.647742
0.119059	0.639012	0.650008	7.669777
0.099783	0.644121	0.651804	7.700291
0.085122	0.647354	0.652927	7.723239
0.064855	0.651583	0.654803	7.754775
0.050618	0.653906	0.655862	7.776727
0.030921	0.656915	0.657643	7.806947
0.019336	0.658112	0.658396	7.824609
-0.003033	0.660526	0.660533	7.858573
-0.013558	0.661026	0.661165	7.874490
-0.035222	0.662270	0.663206	7.907115
-0.046670	0.662306	0.663948	7.924332
-0.069392	0.662476	0.666100	7.958348
-0.080443	0.661943	0.666813	7.974914
-0.101481	0.661017	0.668761	8.006315
-0.117141	0.659656	0.669976	8.029728
-0.138967	0.657438	0.671965	8.062291
-0.151939	0.655496	0.672875	8.081751
-0.174642	0.652002	0.674986	8.115693
-0.188313	0.649230	0.675990	8.136291
-0.211769	0.644292	0.678202	8.171543
-0.223577	0.641147	0.679011	8.189510
-0.246584	0.635008	0.681204	8.224375
-0.259509	0.630908	0.682195	8.244214
-0.281384	0.623765	0.684295	8.277755
-0.293687	0.619121	0.685246	8.296908
-0.313431	0.611480	0.687129	8.327640
-0.326496	0.605813	0.688192	8.348293
-0.347028	0.596615	0.690201	8.380808
-0.362584	0.588961	0.691623	8.405816
-0.377974	0.580898	0.693042	8.430829
-0.390807	0.573619	0.694096	8.452047
-0.413688	0.560290	0.696464	8.489982
-0.425725	0.552479	0.697478	8.510519
-0.446570	0.538622	0.699670	8.546215
-0.458865	0.529626	0.700757	8.567917
-0.480282	0.513494	0.703098	8.605972
-0.491855	0.503911	0.704164	8.627273
-0.510874	0.487703	0.706290	8.662580
-0.524944	0.474813	0.707823	8.689480
-0.538681	0.461520	0.709350	8.716373
-0.551242	0.448680	0.710761	8.741593
-0.563499	0.435493	0.712169	8.766821
-0.576234	0.421077	0.713689	8.793717
-0.588600	0.406285	0.715204	8.820621
-0.599825	0.392083	0.716603	8.845833
-0.610705	0.377573	0.717998	8.871042
-0.620792	0.363267	0.719267	8.895336
-0.635326	0.341690	0.721382	8.931335
-0.646269	0.324060	0.722965	8.959986
-0.656716	0.306080	0.724542	8.988635
-0.667176	0.286812	0.726213	9.018773
-0.677057	0.267197	0.727874	9.048897
-0.685860	0.248311	0.729426	9.077414
-0.694129	0.229140	0.730972	9.105929
-0.701725	0.210078	0.732497	9.133896
-0.708790	0.190773	0.734015	9.161856
-0.714989	0.172221	0.735438	9.188408
-0.720695	0.153478	0.736856	9.214954
-0.726193	0.133492	0.738360	9.242983
-0.731128	0.113325	0.739858	9.271001
-0.735275	0.094016	0.741261	9.297602
-0.738906	0.074568	0.742659	9.324201
-0.742510	0.051643	0.744304	9.355338
-0.745391	0.028572	0.745939	9.386465
-0.747454	0.006383	0.747481	9.416239
-0.748845	-0.015887	0.749014	9.445990
-0.749594	-0.039361	0.750627	9.477240
-0.749596	-0.062880	0.752229	9.508467
-0.748892	-0.085341	0.753739	9.538244
-0.747505	-0.107800	0.755239	9.568003
-0.745632	-0.128487	0.756621	9.595421
-0.743180	-0.149144	0.757998	9.622830
-0.740273	-0.168941	0.759306	9.649150
-0.736835	-0.188678	0.760608	9.675457
-0.732714	-0.209062	0.761956	9.702718
-0.728025	-0.229348	0.763296	9.729963
-0.722951	-0.248842	0.764578	9.756279
-0.717351	-0.268217	0.765854	9.782583
-0.710120	-0.290799	0.767356	9.813453
-0.702175	-0.313169	0.768847	9.844300
-0.693914	-0.334325	0.770253	9.873756
-0.685015	-0.355245	0.771651	9.903190
-0.675063	-0.376810	0.773108	9.933884
-0.664429	-0.398081	0.774554	9.964559
-0.653600	-0.418168	0.775924	9.993943
-0.642168	-0.437940	0.777284	10.023302
-0.630606	-0.456659	0.778590	10.051535
-0.618501	-0.475060	0.779888	10.079752
-0.606266	-0.492552	0.781131	10.107055
-0.593538	-0.509717	0.782368	10.134346
-0.579879	-0.527096	0.783639	10.162529
-0.565716	-0.544093	0.784902	10.190695
-0.551497	-0.560204	0.786115	10.218008
-0.536825	-0.575928	0.787321	10.245303
-0.519582	-0.593348	0.788688	10.276360
-0.501794	-0.610223	0.790043	10.307376
-0.484117	-0.625974	0.791336	10.337276
-0.465957	-0.641194	0.792619	10.367151
-0.446692	-0.656360	0.793941	10.398016
-0.426949	-0.670926	0.795253	10.428849
-0.407491	-0.684372	0.796501	10.458527
-0.387624	-0.697236	0.797741	10.488179
-0.368814	-0.708657	0.798885	10.515708
-0.349683	-0.719554	0.800023	10.543212
-0.330466	-0.729806	0.801140	10.570383
-0.310962	-0.739533	0.802250	10.597535
-0.291057	-0.748778	0.803357	10.624839
-0.270892	-0.757475	0.804457	10.652123
-0.250687	-0.765538	0.805539	10.679114
-0.230258	-0.773052	0.806615	10.706086
-0.208041	-0.780514	0.807764	10.735087
-0.185611	-0.787322	0.808905	10.764052
-0.163411	-0.793360	0.810014	10.792442
-0.141037	-0.798760	0.811116	10.820806
-0.118149	-0.803587	0.812226	10.849594
-0.095120	-0.807747	0.813328	10.878354
-0.072361	-0.811182	0.814403	10.906606
-0.049503	-0.813966	0.815470	10.934832
-0.025851	-0.816153	0.816562	10.963911
-0.002138	-0.817643	0.817646	10.992960
0.021234	-0.818427	0.818703	11.021514
0.044626	-0.818537	0.819753	11.050039
0.068442	-0.817952	0.820811	11.079054
0.092235	-0.816669	0.821861	11.108038
0.115676	-0.814717	0.822888	11.136614
0.139055	-0.812089	0.823908	11.165161
0.161744	-0.808878	0.824891	11.192932
0.184335	-0.805033	0.825867	11.220672
0.206590	-0.800602	0.826827	11.248108
0.228714	-0.795557	0.827781	11.275514
0.250734	-0.789886	0.828726	11.302945
0.272589	-0.783607	0.829665	11.330345
0.294155	-0.776762	0.830594	11.357579
0.315529	-0.769325	0.831517	11.384788
0.336770	-0.761271	0.832434	11.412073
0.357786	-0.752633	0.833347	11.439332
0.378616	-0.743394	0.834257	11.466641
0.399188	-0.733583	0.835162	11.493924
0.419277	-0.723311	0.836046	11.520906
0.439083	-0.712494	0.836924	11.547865
0.458672	-0.701094	0.837802	11.574912
0.477945	-0.689163	0.838675	11.601935
0.496020	-0.677286	0.839495	11.627693
0.513783	-0.664943	0.840311	11.653428
0.531633	-0.651836	0.841144	11.679752
0.549130	-0.638260	0.841974	11.706050
0.565724	-0.624666	0.842764	11.731498
0.581965	-0.610650	0.843550	11.756925
0.598341	-0.595762	0.844360	11.783132
0.614317	-0.580449	0.845167	11.809313
0.630393	-0.564181	0.845989	11.836343
0.646018	-0.547486	0.846806	11.863343
0.661282	-0.530256	0.847623	11.890496
0.676066	-0.512619	0.848436	11.917618
0.690255	-0.494715	0.849232	11.944516
0.703951	-0.476437	0.850024	11.971382
0.717213	-0.457703	0.850815	11.998357
0.729958	-0.438620	0.851602	12.025302
0.741635	-0.420076	0.852341	12.051009
0.752828	-0.401236	0.853077	12.076695
0.763851	-0.381530	0.853835	12.103137
0.774345	-0.361540	0.854588	12.129554
0.783904	-0.342099	0.855299	12.154881
0.792964	-0.322419	0.856006	12.180188
0.801825	-0.301790	0.856739	12.206392
0.810139	-0.280935	0.857467	12.232572
0.817544	-0.260854	0.858151	12.257512
0.824443	-0.240593	0.858832	12.282431
0.831065	-0.219400	0.859538	12.308260
0.837133	-0.198044	0.860240	12.334068
0.842412	-0.177460	0.860901	12.358749
0.847179	-0.156752	0.861559	12.383411
0.851582	-0.135163	0.862242	12.408964
0.855429	-0.113471	0.862922	12.434493
0.858523	-0.093025	0.863548	12.458437
0.861125	-0.072510	0.864172	12.482365
0.863320	-0.051016	0.864826	12.507347
0.864975	-0.029476	0.865477	12.532307
0.866029	-0.009138	0.866078	12.555819
0.866604	0.011221	0.866676	12.579318
0.866693	0.032884	0.867316	12.604294
0.866238	0.054539	0.867953	12.629248
0.865240	0.076025	0.868574	12.654012
0.863709	0.097478	0.869192	12.678755
0.861564	0.119642	0.869832	12.704354
0.858851	0.141738	0.870468	12.729929
0.855712	0.162840	0.871068	12.754420
0.852055	0.183858	0.871666	12.778894
0.847738	0.205473	0.872283	12.804163
0.842874	0.226969	0.872898	12.829411
0.837862	0.246810	0.873458	12.852839
0.832385	0.266528	0.874015	12.876253
0.826010	0.287510	0.874617	12.901326
0.819109	0.308322	0.875215	12.926378
0.812272	0.327352	0.875754	12.949467
0.804996	0.346219	0.876291	12.972543
0.796697	0.366308	0.876873	12.997330
0.787900	0.386182	0.877452	13.022100
0.779401	0.404190	0.877972	13.044780
0.770493	0.422002	0.878490	13.067449
0.760554	0.440773	0.879046	13.091612
0.750162	0.459295	0.879599	13.115756
0.740130	0.476219	0.880101	13.138111
0.729719	0.492916	0.880600	13.160455
0.718144	0.510566	0.881140	13.184410
0.706148	0.527932	0.881679	13.208348
0.694940	0.543372	0.882153	13.229976
0.683397	0.558567	0.882626	13.251595
0.670247	0.575096	0.883157	13.275512
0.656705	0.591304	0.883686	13.299412
0.644185	0.605595	0.884149	13.320901
0.631358	0.619616	0.884611	13.342383
0.616844	0.634787	0.885128	13.366103
0.601975	0.649606	0.885642	13.389807
0.587720	0.663159	0.886112	13.412004
0.573167	0.676392	0.886581	13.434191
0.557011	0.690419	0.887096	13.458310
0.540523	0.704050	0.887610	13.482413
0.525282	0.716057	0.888064	13.504261
0.509780	0.727728	0.888517	13.526100
0.492549	0.740101	0.889018	13.549961
0.475030	0.752056	0.889518	13.573806
0.458936	0.762499	0.889959	13.595364
0.442618	0.772592	0.890399	13.616912
0.424726	0.783118	0.890879	13.640214
0.406593	0.793221	0.891358	13.663502
0.389847	0.802059	0.891784	13.684735
0.372913	0.810539	0.892209	13.705961
0.354278	0.819365	0.892677	13.729061
0.335445	0.827757	0.893144	13.752146
0.317568	0.835242	0.893577	13.773836
0.299531	0.842337	0.894008	13.795516
0.281403	0.849016	0.894436	13.817116
0.263132	0.855300	0.894862	13.838707
0.244862	0.861145	0.895282	13.860134
0.226469	0.866598	0.895701	13.881552
0.208016	0.871637	0.896115	13.902899
0.189458	0.876282	0.896529	13.924238
0.170877	0.880510	0.896938	13.945484
0.152208	0.884342	0.897345	13.966723
0.133513	0.887765	0.897749	13.987893
0.114749	0.890791	0.898151	14.009056
0.095965	0.893410	0.898549	14.030163
0.077129	0.895631	0.898946	14.051262
0.058320	0.897446	0.899339	14.072274
0.039475	0.898864	0.899731	14.093279
0.020298	0.899898	0.900127	14.114615
0.001102	0.900521	0.900522	14.135943
-0.018031	0.900733	0.900914	14.157182
-0.037166	0.900538	0.901305	14.178414
-0.056139	0.899942	0.901691	14.199467
-0.075098	0.898945	0.902077	14.220514
-0.093964	0.897553	0.902458	14.241476
-0.112799	0.895766	0.902840	14.262432
-0.131410	0.893605	0.903216	14.283176
-0.149975	0.891059	0.903592	14.303915
-0.168423	0.888136	0.903964	14.324578
-0.186807	0.884831	0.904336	14.345233
-0.204994	0.881173	0.904703	14.365739
-0.223103	0.877141	0.905070	14.386238
-0.241072	0.872751	0.905434	14.406668
-0.258949	0.867994	0.905797	14.427092
-0.276451	0.862954	0.906154	14.447191
-0.293850	0.857562	0.906510	14.467286
-0.311092	0.851835	0.906863	14.487320
-0.328219	0.845762	0.907216	14.507351
-0.345114	0.839386	0.907564	14.527249
-0.361882	0.832675	0.907913	14.547142
-0.378474	0.825645	0.908258	14.566983
-0.394926	0.818287	0.908603	14.586818
-0.411280	0.810575	0.908947	14.606712
-0.427480	0.802538	0.909289	14.626600
-0.443464	0.794207	0.909629	14.646416
-0.459282	0.785559	0.909969	14.666228
-0.474855	0.776638	0.910304	14.685944
-0.490251	0.767411	0.910640	14.705656
-0.505415	0.757910	0.910973	14.725299
-0.520392	0.748110	0.911305	14.744939
-0.535178	0.738014	0.911636	14.764580
-0.549766	0.727627	0.911967	14.784217
-0.564104	0.716986	0.912295	14.803789
-0.578233	0.706064	0.912623	14.823358
-0.592039	0.694954	0.912946	14.842769
-0.605628	0.683576	0.913270	14.862176
-0.618956	0.671968	0.913591	14.881523
-0.632059	0.660102	0.913911	14.900867
-0.644825	0.648083	0.914227	14.920045
-0.657360	0.635820	0.914543	14.939220
-0.669626	0.623350	0.914857	14.958340
-0.681652	0.610644	0.915170	14.977457
-0.693349	0.597804	0.915480	14.996430
-0.704802	0.584742	0.915789	15.015401
-0.715980	0.571493	0.916096	15.034323
-0.726906	0.558032	0.916402	15.053242
-0.737520	0.544439	0.916706	15.072055
-0.747878	0.530646	0.917010	15.090866
-0.757956	0.516684	0.917312	15.109638
-0.767772	0.502533	0.917613	15.128407
-0.777284	0.488252	0.917911	15.147101
-0.786530	0.473793	0.918209	15.165793
-0.795478	0.459202	0.918505	15.184428
-0.804154	0.444444	0.918801	15.203061
-0.812594	0.429448	0.919095	15.221784
-0.820753	0.414294	0.919389	15.240505
-0.828605	0.399029	0.919680	15.259170
-0.836172	0.383618	0.919971	15.277833
-0.843403	0.368170	0.920259	15.296368
-0.850347	0.352587	0.920548	15.314901
-0.856985	0.336916	0.920834	15.333383
-0.863334	0.321122	0.921121	15.351864
-0.869274	0.305524	0.921402	15.369979
-0.874931	0.289818	0.921683	15.388092
-0.880292	0.274046	0.921962	15.406161
-0.885367	0.258176	0.922242	15.424228
-0.890125	0.242318	0.922519	15.442175
-0.894599	0.226375	0.922796	15.460120
-0.898777	0.210387	0.923072	15.478022
-0.902668	0.194323	0.923348	15.495923
-0.906250	0.178294	0.923622	15.513706
-0.909546	0.162200	0.923896	15.531488
-0.912550	0.146079	0.924168	15.549232
-0.915268	0.129905	0.924441	15.566974
-0.917685	0.113773	0.924711	15.584614
-0.919818	0.097599	0.924982	15.602253
-0.921663	0.081412	0.925251	15.619861
-0.923222	0.065191	0.925521	15.637467
-0.924502	0.048855	0.925792	15.655167
-0.925493	0.032496	0.926063	15.672866
-0.926193	0.016152	0.926334	15.690526
-0.926604	-0.000205	0.926604	15.708184
-0.926725	-0.016583	0.926873	15.725856
-0.926557	-0.032964	0.927143	15.743525
-0.926099	-0.049308	0.927411	15.761155
-0.925354	-0.065644	0.927680	15.778784
-0.924320	-0.081954	0.927946	15.796396
-0.922999	-0.098247	0.928213	15.814007
-0.921394	-0.114485	0.928479	15.831582
-0.919503	-0.130696	0.928745	15.849155
-0.917338	-0.146796	0.929009	15.866641
-0.914892	-0.162858	0.929274	15.884126
-0.912168	-0.178852	0.929537	15.901581
-0.909166	-0.194800	0.929801	15.919034
-0.905993	-0.210193	0.930056	15.935933
-0.902559	-0.225533	0.930310	15.952831
-0.898872	-0.240789	0.930564	15.969697
-0.894927	-0.255984	0.930818	15.986563
-0.890745	-0.271047	0.931071	16.003353
-0.886309	-0.286042	0.931323	16.020144
-0.881628	-0.300940	0.931575	16.036907
-0.876696	-0.315761	0.931827	16.053670
-0.871557	-0.330386	0.932076	16.070302
-0.866173	-0.344927	0.932326	16.086934
-0.860554	-0.359363	0.932574	16.103545
-0.854694	-0.373706	0.932823	16.120155
-0.848612	-0.387917	0.933071	16.136722
-0.842293	-0.402028	0.933318	16.153288
-0.835745	-0.416023	0.933566	16.169839
-0.828965	-0.429911	0.933813	16.186389
-0.821883	-0.443824	0.934062	16.203104
-0.814568	-0.457621	0.934311	16.219818
-0.807034	-0.471274	0.934560	16.236503
-0.799271	-0.484802	0.934809	16.253189
-0.791233	-0.498281	0.935058	16.269973
-0.782967	-0.511626	0.935306	16.286756
-0.774489	-0.524813	0.935555	16.303514
-0.765789	-0.537860	0.935803	16.320272
-0.756925	-0.550684	0.936049	16.336926
-0.747846	-0.563360	0.936295	16.353580
-0.738565	-0.575873	0.936541	16.370215
-0.729075	-0.588232	0.936786	16.386849
-0.719422	-0.600382	0.937031	16.403410
-0.709566	-0.612373	0.937275	16.419971
-0.699519	-0.624192	0.937520	16.436517
-0.689276	-0.635846	0.937764	16.453062
-0.679141	-0.647003	0.938001	16.469132
-0.668825	-0.657999	0.938238	16.485202
-0.658347	-0.668814	0.938474	16.501248
-0.647693	-0.679463	0.938710	16.517295
-0.636887	-0.689923	0.938946	16.533313
-0.625912	-0.700212	0.939182	16.549331
-0.614783	-0.710314	0.939417	16.565330
-0.603491	-0.720239	0.939652	16.581330
-0.580665	-0.739356	0.940117	16.613006
-0.557249	-0.757739	0.940582	16.644662
-0.533230	-0.775398	0.941051	16.676346
-0.508674	-0.792282	0.941520	16.708003
-0.483479	-0.808455	0.941994	16.739791
-0.457796	-0.823814	0.942469	16.771549
-0.444661	-0.831250	0.942709	16.787559
-0.431406	-0.838476	0.942949	16.803570
-0.418042	-0.845487	0.943190	16.819570
-0.404565	-0.852285	0.943431	16.835570
-0.377473	-0.865149	0.943912	16.867349
-0.363774	-0.871260	0.944153	16.883236
-0.349976	-0.877153	0.944395	16.899123
-0.322118	-0.888279	0.944881	16.930876
-0.293919	-0.898517	0.945369	16.962615
-0.266111	-0.907641	0.945848	16.993562
-0.238049	-0.915898	0.946328	17.024478
-0.209709	-0.923296	0.946813	17.055418
-0.181157	-0.929816	0.947299	17.086340
-0.152800	-0.935382	0.947781	17.116835
-0.124269	-0.940086	0.948264	17.147333
-0.095408	-0.943944	0.948754	17.178028
-0.066438	-0.946917	0.949245	17.208712
-0.037441	-0.948998	0.949736	17.239327
-0.008385	-0.950193	0.950230	17.269935
0.021011	-0.950499	0.950731	17.300862
0.050432	-0.949897	0.951235	17.331802
0.079579	-0.948404	0.951737	17.362472
0.108718	-0.946015	0.952242	17.393180
0.137868	-0.942724	0.952752	17.423975
0.166925	-0.938536	0.953264	17.454775
0.195360	-0.933549	0.953771	17.485048
0.223629	-0.927706	0.954279	17.515302
0.251900	-0.920964	0.954792	17.545747
0.279965	-0.913363	0.955307	17.576188
0.307435	-0.905027	0.955819	17.606227
0.334679	-0.895858	0.956332	17.636289
0.361595	-0.885890	0.956844	17.666290
0.388225	-0.875110	0.957359	17.696303
0.414667	-0.863468	0.957876	17.726470
0.440773	-0.851023	0.958395	17.756650
0.466480	-0.837803	0.958915	17.786800
0.491824	-0.823790	0.959437	17.816989
0.516726	-0.809025	0.959962	17.847152
0.541252	-0.793469	0.960493	17.877394
0.565346	-0.777157	0.961035	17.907675
0.588998	-0.760087	0.961587	17.938013
0.612076	-0.742357	0.962149	17.968265
0.634601	-0.723951	0.962717	17.998484
0.656500	-0.704936	0.963290	18.028596
0.677827	-0.685270	0.963870	18.058698
0.698432	-0.665108	0.964457	18.088592
0.718460	-0.644313	0.965052	18.118513
0.737868	-0.622927	0.965654	18.148424
0.756679	-0.600921	0.966266	18.178389
0.774835	-0.578357	0.966885	18.208346
0.792339	-0.555235	0.967516	18.238324
0.809153	-0.531600	0.968157	18.268287
0.825310	-0.507403	0.968811	18.298323
0.840760	-0.482711	0.969478	18.328371
0.855560	-0.457415	0.970161	18.358584
0.869704	-0.431493	0.970861	18.389003
0.883199	-0.404872	0.971577	18.419726
0.889681	-0.391328	0.971942	18.435173
0.895955	-0.377681	0.972306	18.450619
0.902013	-0.363947	0.972669	18.466051
0.907860	-0.350115	0.973032	18.481482
0.918886	-0.322252	0.973754	18.512259
0.929050	-0.294053	0.974475	18.543022
0.938306	-0.265670	0.975191	18.573640
0.946697	-0.236975	0.975906	18.604278
0.954206	-0.208016	0.976617	18.634915
0.957639	-0.193394	0.976971	18.650287
0.960847	-0.178716	0.977326	18.665659
0.966556	-0.149357	0.978028	18.696243
0.971358	-0.119883	0.978728	18.726759
0.975246	-0.090380	0.979425	18.757146
0.978231	-0.060816	0.980120	18.787466
0.980350	-0.031291	0.980849	18.817649
0.981640	-0.001608	0.981642	18.847918
0.981986	0.013399	0.982078	18.863200
0.982102	0.028416	0.982513	18.878482
0.982020	0.043898	0.983000	18.894228
0.981692	0.059384	0.983487	18.909973
0.981122	0.075314	0.984009	18.926169
0.980293	0.091240	0.984530	18.942363
0.979209	0.107127	0.985051	18.958524
0.977867	0.123001	0.985572	18.974684
0.976274	0.138804	0.986092	18.990786
0.974427	0.154585	0.986613	19.006887
0.972329	0.170312	0.987132	19.022956
0.969978	0.186010	0.987652	19.039023
0.967389	0.201597	0.988171	19.055009
0.964549	0.217148	0.988690	19.070993
0.961466	0.232629	0.989208	19.086946
0.958135	0.248065	0.989727	19.102897
0.954564	0.263421	0.990244	19.118814
0.950739	0.278756	0.990762	19.134762
0.946619	0.294188	0.991279	19.150871
0.942249	0.309557	0.991796	19.166977
