time = 16.9499	Re = 1	40	80
0.158001	0.127776	0.203202	0.680023
0.169384	0.115485	0.205007	0.598402
0.179885	0.102091	0.206836	0.516206
0.188659	0.089464	0.208796	0.442805
0.196527	0.076136	0.210760	0.369602
0.208833	0.050396	0.214828	0.236794
0.217678	0.023647	0.218958	0.108207
0.222986	-0.003821	0.223019	-0.017133
0.225395	-0.026367	0.226932	-0.116454
0.225730	-0.048775	0.230939	-0.212807
0.225411	-0.066857	0.235117	-0.288336
0.223699	-0.085133	0.239351	-0.363643
0.220101	-0.113810	0.247785	-0.477220
0.215751	-0.138761	0.256521	-0.571546
0.215902	-0.153854	0.265113	-0.619140
0.215168	-0.169177	0.273712	-0.666302
0.229241	-0.176843	0.289525	-0.657077
0.253336	-0.167150	0.303510	-0.583232
0.267510	-0.155886	0.309616	-0.527625
0.281671	-0.142432	0.315635	-0.468172
0.296755	-0.122056	0.320876	-0.390211
0.309990	-0.100836	0.325978	-0.314493
0.321746	-0.075391	0.330461	-0.230166
0.326837	-0.061084	0.332496	-0.184762
0.331287	-0.046474	0.334531	-0.139373
0.334889	-0.030960	0.336317	-0.092187
0.337757	-0.015233	0.338100	-0.045069
0.339543	0.000108	0.339543	0.000317
0.340631	0.015569	0.340987	0.045674
0.340581	0.031763	0.342059	0.092993
0.339674	0.047921	0.343037	0.140154
0.337661	0.063255	0.343534	0.185185
0.334875	0.078467	0.343946	0.230165
0.330904	0.093692	0.343912	0.275919
0.326037	0.108543	0.343630	0.321376
0.320407	0.122508	0.343029	0.365200
0.313995	0.136115	0.342228	0.409044
0.306246	0.150419	0.341193	0.456558
0.297570	0.163905	0.339724	0.503465
0.288296	0.177210	0.338405	0.551144
0.278086	0.189791	0.336679	0.598878
0.265997	0.204357	0.335435	0.655091
0.253219	0.218161	0.334237	0.711162
0.238680	0.233557	0.333942	0.774552
0.223527	0.249084	0.334675	0.839424
0.206327	0.267469	0.337802	0.913736
0.188762	0.286405	0.343015	0.988068
0.179984	0.299089	0.349068	1.029073
0.170560	0.311632	0.355254	1.070018
0.162097	0.324790	0.362993	1.107883
0.153148	0.338043	0.371117	1.145415
0.144123	0.359716	0.387514	1.189723
0.137274	0.382833	0.406701	1.226503
0.128827	0.409026	0.428834	1.265672
0.121994	0.438150	0.454817	1.299244
0.120024	0.461272	0.476632	1.316238
0.118678	0.483996	0.498333	1.330337
0.114750	0.508750	0.521531	1.348955
0.108433	0.530952	0.541911	1.369343
0.101865	0.558466	0.567680	1.390379
0.099879	0.575954	0.584550	1.399090
0.098061	0.592464	0.600524	1.406770
0.098179	0.615125	0.622910	1.412523
0.099544	0.627895	0.635736	1.413568
0.101313	0.639650	0.647623	1.413713
0.102449	0.646847	0.654909	1.413719
0.098609	0.667599	0.674842	1.424149
0.085298	0.669003	0.674419	1.443981
0.062842	0.677947	0.680853	1.478366
0.089619	0.667245	0.673237	1.437283
0.081833	0.665419	0.670432	1.448432
0.065412	0.673214	0.676384	1.473937
0.047608	0.679909	0.681574	1.500889
0.073684	0.669381	0.673424	1.461160
0.091780	0.661998	0.668330	1.433033
0.084655	0.669378	0.674710	1.444996
0.099735	0.659920	0.667414	1.420800
0.091314	0.658535	0.664835	1.433013
0.068162	0.671477	0.674928	1.469632
0.050834	0.677177	0.679082	1.495869
0.029265	0.681447	0.682075	1.527878
0.045916	0.678125	0.679677	1.503189
0.061466	0.674223	0.677019	1.479882
0.085768	0.661977	0.667510	1.441951
0.096145	0.655396	0.662411	1.425138
0.090313	0.672226	0.678266	1.437246
0.090368	0.666750	0.672846	1.436083
0.078655	0.676366	0.680924	1.455026
0.092569	0.661730	0.668173	1.431809
0.097572	0.648356	0.655657	1.421425
0.093060	0.656152	0.662719	1.429909
0.086337	0.660538	0.666157	1.440826
0.073917	0.667708	0.671787	1.460542
0.058465	0.675547	0.678072	1.484466
0.032532	0.679904	0.680682	1.522984
0.008637	0.681723	0.681778	1.558127
0.028207	0.680295	0.680880	1.529357
0.048677	0.677771	0.679517	1.499100
0.071926	0.668959	0.672815	1.463688
0.087861	0.660566	0.666383	1.438563
0.096568	0.649017	0.656162	1.423089
0.099567	0.648538	0.656136	1.418460
0.095241	0.667961	0.674717	1.429166
0.085427	0.666920	0.672369	1.443398
0.062957	0.676492	0.679415	1.478000
0.083687	0.670159	0.675364	1.446563
0.069501	0.674121	0.677695	1.468061
0.051926	0.680114	0.682094	1.494595
0.073354	0.671215	0.675211	1.461943
0.089783	0.666011	0.672035	1.436796
0.092817	0.671017	0.677406	1.433345
0.097874	0.643161	0.650566	1.419778
0.094958	0.641077	0.648071	1.423743
0.096774	0.648276	0.655459	1.422611
0.093814	0.651677	0.658395	1.427820
0.087780	0.659494	0.665310	1.438472
0.070503	0.669568	0.673270	1.465886
0.042548	0.678795	0.680127	1.508196
0.013411	0.680790	0.680922	1.551100
-0.016418	0.680695	0.680893	1.594912
0.012274	0.680809	0.680919	1.552770
0.038415	0.679235	0.680320	1.514301
0.062528	0.672867	0.675766	1.478134
0.081294	0.664059	0.669017	1.448982
0.092742	0.654611	0.661148	1.430059
0.096487	0.649381	0.656510	1.423293
0.094515	0.640897	0.647829	1.424379
0.097173	0.642526	0.649833	1.420697
0.100816	0.646521	0.654334	1.416105
0.100649	0.661569	0.669181	1.419817
0.075835	0.670591	0.674866	1.458188
0.089019	0.669980	0.675868	1.438703
0.080137	0.665630	0.670437	1.450980
0.091783	0.664917	0.671222	1.433627
0.068904	0.672363	0.675884	1.468672
0.052956	0.677929	0.679994	1.492841
0.033366	0.682458	0.683273	1.521945
0.060664	0.675489	0.678208	1.481229
0.083948	0.664360	0.669642	1.445103
0.089252	0.668058	0.673994	1.437984
0.070114	0.677064	0.680685	1.467609
0.090961	0.665173	0.671364	1.434891
0.099344	0.654631	0.662126	1.420190
0.098384	0.640562	0.648073	1.418397
0.097431	0.641088	0.648449	1.419973
0.095384	0.640704	0.647765	1.423007
0.095656	0.645000	0.652055	1.423566
0.093744	0.653755	0.660442	1.428374
0.088864	0.657496	0.663474	1.436455
0.069310	0.670759	0.674330	1.467831
0.045842	0.677481	0.679030	1.503234
0.019343	0.680532	0.680807	1.542380
0.004697	0.680605	0.680621	1.563895
-0.013584	0.680318	0.680454	1.590761
-0.041860	0.675554	0.676850	1.632681
-0.048846	0.668435	0.670217	1.643742
-0.045678	0.665089	0.666656	1.639368
-0.042085	0.664487	0.665818	1.634047
-0.034810	0.668730	0.669635	1.622804
-0.047131	0.666078	0.667743	1.641437
-0.046989	0.672448	0.674088	1.640560
-0.031343	0.679223	0.679946	1.616910
-0.005078	0.680503	0.680522	1.578258
0.015352	0.680488	0.680661	1.548240
0.039744	0.679233	0.680395	1.512349
0.063639	0.672446	0.675451	1.476440
0.082386	0.663326	0.668422	1.447227
0.092413	0.653927	0.660424	1.430406
0.094447	0.646962	0.653819	1.425835
0.094373	0.642545	0.649439	1.424965
0.094026	0.639199	0.646078	1.424744
0.094287	0.637167	0.644105	1.423883
0.097049	0.639532	0.646854	1.420195
0.101728	0.646832	0.654782	1.414803
0.100705	0.663194	0.670796	1.420099
0.085748	0.668919	0.674392	1.443302
0.067996	0.677050	0.680456	1.470702
0.084340	0.669741	0.675031	1.445527
0.099166	0.664324	0.671685	1.422617
0.085388	0.665983	0.671434	1.443278
0.099577	0.653457	0.661000	1.419575
0.099926	0.664371	0.671844	1.421509
0.089744	0.664503	0.670536	1.436554
0.086369	0.674440	0.679948	1.443429
0.097751	0.650387	0.657692	1.421615
0.094673	0.653281	0.660105	1.426878
0.087175	0.660684	0.666411	1.439608
0.066439	0.671878	0.675155	1.472231
0.051990	0.676303	0.678298	1.494073
0.037026	0.680375	0.681382	1.516430
0.065696	0.672204	0.675406	1.473374
0.086573	0.661169	0.666813	1.440597
0.094966	0.654322	0.661178	1.426666
0.101272	0.660837	0.668552	1.418731
0.085031	0.669847	0.675222	1.444531
0.095838	0.659447	0.666374	1.426475
0.088174	0.661689	0.667538	1.438321
0.066995	0.672509	0.675838	1.471504
0.043900	0.679337	0.680754	1.506264
0.016775	0.683042	0.683248	1.546242
0.041872	0.679665	0.680953	1.509267
0.063895	0.673889	0.676912	1.476264
0.086144	0.662330	0.667908	1.441460
0.094369	0.659229	0.665949	1.428612
0.085660	0.670545	0.675994	1.443738
0.063443	0.676346	0.679315	1.477267
0.082382	0.667933	0.672994	1.448077
0.094878	0.666605	0.673323	1.429415
0.100263	0.652397	0.660057	1.418305
0.097616	0.639321	0.646731	1.419280
0.094429	0.635889	0.642862	1.423375
0.094239	0.638081	0.645002	1.424165
0.094842	0.642071	0.649038	1.424144
0.095091	0.647789	0.654732	1.425044
0.090111	0.658164	0.664304	1.434730
0.064605	0.672648	0.675744	1.475044
0.046215	0.677228	0.678803	1.502660
0.024620	0.680241	0.680687	1.534619
-0.003218	0.680348	0.680356	1.575527
-0.021662	0.679733	0.680079	1.602654
-0.038929	0.676950	0.678068	1.628240
-0.048498	0.668903	0.670659	1.643173
-0.043636	0.665662	0.667090	1.636255
-0.030271	0.669370	0.670054	1.615989
-0.019737	0.676830	0.677117	1.599948
-0.016288	0.675972	0.676168	1.594887
-0.014105	0.676693	0.676840	1.591637
-0.016527	0.675009	0.675212	1.595276
-0.027863	0.669252	0.669832	1.612405
-0.048887	0.658745	0.660556	1.644872
-0.060982	0.646942	0.649810	1.664780
-0.072259	0.635864	0.639956	1.683951
-0.094333	0.617567	0.624730	1.722374
-0.073557	0.634810	0.639057	1.686155
-0.052140	0.654861	0.656933	1.650248
-0.035210	0.665535	0.666465	1.623652
-0.019951	0.673506	0.673802	1.600411
-0.044283	0.670387	0.671848	1.636756
-0.029555	0.673988	0.674636	1.614619
-0.014684	0.676762	0.676921	1.592490
-0.018520	0.675109	0.675363	1.598222
-0.024341	0.672247	0.672688	1.606988
-0.026101	0.672227	0.672733	1.609604
-0.043823	0.665597	0.667038	1.636542
-0.045502	0.673371	0.674907	1.638267
-0.022902	0.679860	0.680246	1.604470
0.003451	0.680369	0.680378	1.565724
0.026557	0.679966	0.680485	1.531759
0.042891	0.677552	0.678908	1.507578
0.058499	0.674610	0.677141	1.484297
0.082366	0.663647	0.668739	1.447317
0.094313	0.651278	0.658071	1.426983
0.095410	0.644322	0.651348	1.423786
0.095187	0.640325	0.647361	1.423223
0.096776	0.639959	0.647235	1.420712
0.093610	0.631779	0.638676	1.423698
0.097549	0.637782	0.645199	1.419021
0.101879	0.652745	0.660647	1.415967
0.080882	0.672989	0.677832	1.451187
0.092192	0.664910	0.671271	1.433022
0.073955	0.669483	0.673556	1.460777
0.083271	0.667679	0.672852	1.446720
0.100960	0.659868	0.667547	1.418973
0.096709	0.655510	0.662605	1.424320
0.085021	0.662662	0.668094	1.443191
0.064831	0.672543	0.675660	1.474697
0.039107	0.679712	0.680836	1.513325
0.018989	0.681546	0.681810	1.542941
-0.000296	0.682433	0.682434	1.571229
0.023998	0.681245	0.681668	1.535584
0.052043	0.677853	0.679848	1.494171
0.071510	0.669290	0.673099	1.464356
0.086211	0.661185	0.666782	1.441139
0.094103	0.656595	0.663305	1.428446
0.090657	0.672494	0.678577	1.436796
0.089440	0.666139	0.672117	1.437328
0.094339	0.671451	0.678046	1.431210
0.097079	0.648736	0.655959	1.422255
0.092335	0.656748	0.663208	1.431118
0.085462	0.661160	0.666661	1.442249
0.061575	0.674318	0.677124	1.479735
0.038022	0.679232	0.680295	1.514877
0.014016	0.681605	0.681750	1.550236
0.042378	0.678656	0.679978	1.508433
0.068996	0.671110	0.674647	1.468347
0.089682	0.657443	0.663531	1.435222
0.094307	0.653739	0.660506	1.427527
0.096888	0.646939	0.654154	1.422137
0.099289	0.647033	0.654606	1.418532
0.096682	0.667338	0.674306	1.426920
0.084649	0.667617	0.672962	1.444677
0.059944	0.678375	0.681019	1.482662
0.085203	0.666002	0.671429	1.443556
0.097641	0.661533	0.668700	1.424256
0.086766	0.662052	0.667713	1.440482
0.067736	0.671772	0.675179	1.470304
0.043903	0.680256	0.681671	1.506347
0.064630	0.673051	0.676147	1.475064
0.082819	0.664113	0.669257	1.446730
0.095845	0.660598	0.667514	1.426714
0.085657	0.670397	0.675847	1.443714
0.064396	0.677135	0.680190	1.475981
0.088329	0.673647	0.679413	1.440419
0.095716	0.655370	0.662322	1.425773
0.089425	0.658962	0.665002	1.435915
0.075377	0.667451	0.671694	1.458340
0.049529	0.678457	0.680263	1.497924
0.033820	0.680314	0.681154	1.521124
0.018081	0.681750	0.681989	1.544281
-0.009475	0.682405	0.682471	1.584679
0.011845	0.682023	0.682126	1.553430
0.032559	0.680634	0.681412	1.522997
0.047869	0.677359	0.679049	1.500243
0.062637	0.673701	0.676606	1.478088
0.085644	0.662386	0.667900	1.442214
0.098923	0.658382	0.665773	1.421660
0.093403	0.671017	0.677487	1.432489
0.090337	0.666882	0.672973	1.436154
0.074651	0.670586	0.674728	1.459930
0.048664	0.681166	0.682902	1.499475
0.068495	0.673765	0.677237	1.469485
0.086020	0.666650	0.672176	1.442473
0.084576	0.673666	0.678955	1.445904
0.094566	0.659371	0.666118	1.428349
0.100378	0.646133	0.653883	1.416676
0.095797	0.632347	0.639563	1.420446
0.095374	0.633597	0.640735	1.421390
0.092246	0.629594	0.636316	1.425314
0.091781	0.630167	0.636815	1.426167
0.091111	0.630683	0.637231	1.427324
0.097236	0.642755	0.650068	1.420655
0.093460	0.639827	0.646617	1.425751
0.092493	0.641099	0.647737	1.427513
0.094610	0.654014	0.660822	1.427133
0.086672	0.660551	0.666213	1.440329
0.069702	0.669739	0.673357	1.467097
0.044597	0.677880	0.679346	1.505102
0.025885	0.679554	0.680046	1.532724
0.008139	0.680366	0.680414	1.558835
-0.014992	0.680037	0.680202	1.592838
-0.035846	0.677285	0.678233	1.623672
-0.047499	0.670716	0.672396	1.641497
-0.045193	0.666311	0.667842	1.638518
-0.039002	0.666562	0.667702	1.629241
-0.026690	0.671039	0.671570	1.610549
-0.017174	0.677086	0.677303	1.596155
-0.017643	0.678015	0.678245	1.596812
-0.037587	0.669413	0.670468	1.626887
-0.021013	0.678785	0.679110	1.601743
-0.014856	0.678818	0.678981	1.592677
-0.034025	0.676140	0.676996	1.621076
-0.046205	0.669741	0.671333	1.639677
-0.035626	0.676829	0.677766	1.623384
-0.008339	0.679186	0.679237	1.583073
-0.003905	0.678305	0.678317	1.576554
-0.016523	0.674579	0.674782	1.595285
-0.033638	0.666397	0.667245	1.621231
-0.054408	0.652332	0.654597	1.654009
-0.066580	0.641310	0.644757	1.674245
-0.077941	0.630825	0.635622	1.693727
-0.093626	0.617481	0.624539	1.721276
-0.105421	0.606488	0.615582	1.742898
-0.121425	0.592642	0.604953	1.772886
-0.143975	0.575957	0.593680	1.815751
-0.131642	0.585434	0.600052	1.791980
-0.118516	0.594716	0.606410	1.767501
-0.097823	0.612097	0.619864	1.729273
-0.077249	0.630000	0.634718	1.692805
-0.065208	0.641467	0.644773	1.672103
-0.051200	0.655263	0.657260	1.648775
-0.037746	0.663334	0.664407	1.627638
-0.023763	0.670850	0.671270	1.606204
-0.014058	0.675948	0.676094	1.591590
-0.013733	0.678952	0.679091	1.591020
-0.034220	0.677836	0.678699	1.621238
-0.021982	0.678881	0.679237	1.603165
-0.023058	0.678650	0.679041	1.604759
-0.024870	0.678397	0.678852	1.607440
-0.018274	0.676172	0.676419	1.597815
-0.027782	0.670592	0.671168	1.612202
-0.039527	0.666431	0.667602	1.630039
-0.044229	0.666606	0.668071	1.637049
-0.039765	0.676601	0.677769	1.629501
-0.014405	0.680079	0.680231	1.591974
0.006840	0.680262	0.680296	1.560742
0.022295	0.679976	0.680342	1.538020
0.045898	0.677217	0.678771	1.503126
0.066394	0.672035	0.675306	1.472321
0.087592	0.658941	0.664737	1.438643
0.093266	0.655365	0.661968	1.429434
0.096994	0.646237	0.653475	1.421817
0.090312	0.633832	0.640233	1.429263
0.091694	0.633537	0.640138	1.427060
0.092303	0.632810	0.639506	1.425956
0.095336	0.635882	0.642989	1.421978
0.094168	0.631149	0.638135	1.422688
0.093954	0.628974	0.635952	1.422516
0.095128	0.629984	0.637125	1.420928
0.100471	0.644740	0.652522	1.416208
0.098924	0.658790	0.666176	1.421750
0.086679	0.667092	0.672700	1.441584
0.073123	0.675526	0.679472	1.462970
0.090752	0.665649	0.671807	1.435296
0.070444	0.671879	0.675562	1.466331
0.054884	0.677629	0.679848	1.489979
0.036748	0.682505	0.683494	1.517005
0.064419	0.674272	0.677342	1.475547
0.088023	0.663233	0.669048	1.438850
0.088092	0.669612	0.675382	1.439991
0.068734	0.676582	0.680065	1.469553
0.086567	0.673917	0.679454	1.443043
0.096565	0.653487	0.660583	1.424090
0.089436	0.659049	0.665090	1.435916
0.068095	0.671156	0.674601	1.469684
0.052432	0.676161	0.678191	1.493407
0.033444	0.680322	0.681144	1.521677
0.005688	0.681688	0.681712	1.562452
-0.011540	0.681515	0.681613	1.587727
-0.030928	0.680601	0.681303	1.616207
-0.004062	0.681634	0.681646	1.576755
0.011846	0.681589	0.681692	1.553418
0.033408	0.680123	0.680944	1.521715
0.055753	0.677037	0.679329	1.488634
0.073495	0.668393	0.672422	1.461278
0.086577	0.660806	0.666454	1.440521
0.092693	0.655014	0.661541	1.430216
0.095316	0.650237	0.657186	1.425247
0.098453	0.650444	0.657853	1.420573
0.095227	0.663850	0.670646	1.428321
0.081135	0.670344	0.675236	1.450348
0.066516	0.677470	0.680727	1.472927
0.057475	0.677839	0.680271	1.486208
0.077596	0.669284	0.673767	1.455373
0.086657	0.669918	0.675499	1.442155
0.094922	0.658992	0.665793	1.427739
0.071140	0.670361	0.674125	1.465070
0.051158	0.677641	0.679569	1.495446
0.025256	0.682230	0.682697	1.533793
0.046440	0.679013	0.680599	1.502509
0.063847	0.674504	0.677519	1.476420
0.084738	0.666503	0.671869	1.444337
0.099386	0.655716	0.663205	1.420372
0.094726	0.653626	0.660455	1.426875
0.089217	0.659053	0.665065	1.436242
0.074544	0.667936	0.672083	1.459652
0.048408	0.678792	0.680516	1.499601
0.028927	0.680785	0.681400	1.528331
0.010198	0.681886	0.681963	1.555841
-0.005879	0.681879	0.681904	1.579418
-0.028391	0.681182	0.681774	1.612451
-0.008749	0.681823	0.681879	1.583628
0.007870	0.681897	0.681942	1.559256
0.023773	0.681089	0.681503	1.535907
0.039702	0.679842	0.681000	1.512464
0.059996	0.674018	0.676683	1.482017
0.076834	0.666756	0.671169	1.456067
0.091871	0.656919	0.663312	1.431846
0.097435	0.654123	0.661340	1.422929
0.089415	0.662802	0.668806	1.436702
0.071971	0.673257	0.677092	1.464301
0.089646	0.670691	0.676655	1.437921
0.098758	0.668865	0.676117	1.424206
0.101222	0.645167	0.653059	1.415172
0.095047	0.628989	0.636130	1.420820
0.093780	0.627545	0.634514	1.422454
0.093692	0.628857	0.635798	1.422896
0.094431	0.632229	0.639242	1.422531
0.091618	0.628826	0.635465	1.426117
0.095913	0.638268	0.645434	1.421641
0.093778	0.637321	0.644183	1.424701
0.093291	0.639236	0.646008	1.425878
0.093300	0.642115	0.648858	1.426505
0.093326	0.645528	0.652239	1.427217
0.092563	0.649648	0.656210	1.429267
0.090004	0.655262	0.661414	1.434294
0.066865	0.672197	0.675514	1.471649
0.038197	0.678606	0.679680	1.514569
0.014215	0.680189	0.680338	1.549901
-0.000420	0.680253	0.680253	1.571413
-0.021573	0.679802	0.680144	1.602520
-0.040288	0.676351	0.677550	1.630292
-0.045228	0.668143	0.669672	1.638385
-0.041676	0.666309	0.667611	1.633262
-0.032241	0.668943	0.669720	1.618957
-0.020611	0.677059	0.677372	1.601229
-0.020376	0.677869	0.678175	1.600846
-0.027725	0.678462	0.679029	1.611638
-0.032754	0.670569	0.671368	1.619603
-0.045122	0.671780	0.673294	1.637863
-0.045945	0.670970	0.672541	1.639165
-0.044231	0.673289	0.674740	1.636395
-0.032019	0.671989	0.672751	1.618408
-0.026358	0.676946	0.677458	1.609714
-0.030916	0.672118	0.672829	1.616761
-0.033093	0.678297	0.679104	1.619546
-0.033692	0.670425	0.671271	1.621009
-0.023640	0.675105	0.675519	1.605798
-0.025824	0.677197	0.677689	1.608912
-0.031648	0.669748	0.670495	1.618014
-0.041564	0.668703	0.669993	1.632872
-0.040050	0.674172	0.675360	1.630134
-0.021455	0.679356	0.679695	1.602367
-0.001625	0.679185	0.679187	1.573188
0.014707	0.678431	0.678590	1.549122
0.003354	0.677942	0.677951	1.565850
-0.000695	0.676728	0.676728	1.571824
-0.021133	0.672574	0.672906	1.602207
-0.040571	0.662176	0.663418	1.631989
-0.056417	0.648423	0.650873	1.657584
-0.075948	0.629711	0.634275	1.690824
-0.092488	0.615785	0.622692	1.719878
-0.105113	0.604489	0.613560	1.742961
-0.121573	0.590381	0.602769	1.773881
-0.139107	0.577740	0.594251	1.807077
-0.155405	0.565646	0.586605	1.838920
-0.173677	0.552906	0.579542	1.875153
-0.190098	0.540903	0.573336	1.908759
-0.213994	0.523191	0.565263	1.959053
-0.237932	0.505653	0.558836	2.010603
-0.259277	0.489082	0.553558	2.058257
-0.244633	0.500579	0.557157	2.025364
-0.229157	0.512149	0.561079	1.991521
-0.209169	0.526909	0.566908	1.948692
-0.187232	0.542528	0.573928	1.903109
-0.168512	0.555769	0.580754	1.865192
-0.148420	0.569961	0.588969	1.825542
-0.130600	0.583493	0.597930	1.790992
-0.108648	0.600565	0.610313	1.749770
-0.094066	0.613685	0.620852	1.722894
-0.081989	0.624603	0.629961	1.701316
-0.066419	0.637936	0.641384	1.674539
-0.051319	0.652944	0.654958	1.649231
-0.031803	0.667676	0.668433	1.618393
-0.012673	0.674137	0.674257	1.589592
-0.003898	0.676844	0.676855	1.576555
0.011209	0.677978	0.678071	1.554265
0.003771	0.679141	0.679151	1.565243
-0.011488	0.679273	0.679370	1.587707
-0.026825	0.679055	0.679584	1.610279
-0.045731	0.672258	0.673812	1.638717
-0.035290	0.677733	0.678651	1.622820
-0.029499	0.673624	0.674270	1.614560
-0.029841	0.677317	0.677974	1.614826
-0.042513	0.672273	0.673616	1.633950
-0.035060	0.675683	0.676592	1.622638
-0.027600	0.674170	0.674734	1.611712
-0.041300	0.667061	0.668338	1.632631
-0.046186	0.670048	0.671638	1.639617
-0.036091	0.677042	0.678003	1.624052
-0.009928	0.679641	0.679714	1.585403
0.012089	0.678810	0.678918	1.552989
0.015525	0.678043	0.678221	1.547903
-0.007424	0.677563	0.677604	1.581753
-0.026008	0.670301	0.670805	1.609577
-0.038791	0.661985	0.663120	1.629328
-0.051179	0.653364	0.655366	1.648968
-0.068204	0.636444	0.640089	1.677553
-0.081879	0.624582	0.629926	1.701147
-0.093563	0.613960	0.621049	1.722025
-0.106288	0.603541	0.612828	1.745116
-0.119023	0.592868	0.604697	1.768921
-0.136988	0.579006	0.594990	1.803115
-0.122025	0.590368	0.602847	1.774618
-0.107093	0.602322	0.611769	1.746758
-0.090982	0.616628	0.623304	1.717287
-0.076598	0.630009	0.634649	1.691785
-0.064449	0.642280	0.645505	1.670805
-0.049720	0.658240	0.660115	1.646188
-0.030319	0.667924	0.668612	1.616158
-0.015176	0.673941	0.674111	1.593311
-0.003338	0.676506	0.676514	1.575731
0.008088	0.677530	0.677579	1.558859
0.014645	0.678042	0.678200	1.549201
-0.009752	0.679355	0.679425	1.585149
0.014887	0.679267	0.679430	1.548884
-0.002439	0.679708	0.679712	1.574384
-0.029907	0.679078	0.679736	1.614808
-0.040325	0.673326	0.674532	1.630614
-0.041986	0.667968	0.669287	1.633570
-0.029395	0.670915	0.671558	1.614581
-0.022213	0.675409	0.675775	1.603673
-0.029654	0.672281	0.672934	1.614877
-0.043940	0.667099	0.668545	1.636568
-0.044161	0.673768	0.675213	1.636246
-0.021450	0.679544	0.679883	1.602350
0.005100	0.679759	0.679778	1.563293
0.026579	0.678672	0.679193	1.531654
0.028281	0.678288	0.678877	1.529126
0.022320	0.678495	0.678862	1.537911
0.011692	0.678657	0.678757	1.553569
0.013631	0.677908	0.678045	1.550692
-0.009705	0.676920	0.676990	1.585132
-0.034756	0.666398	0.667304	1.622904
-0.052536	0.652112	0.654224	1.651186
-0.066844	0.637855	0.641348	1.675210
-0.079433	0.626912	0.631925	1.696830
-0.090786	0.616513	0.623161	1.717003
-0.111893	0.598617	0.608984	1.755584
-0.127030	0.585837	0.599452	1.784326
-0.147043	0.570433	0.589080	1.823078
-0.160606	0.560671	0.583221	1.849779
-0.173832	0.550948	0.577721	1.876425
-0.187653	0.541645	0.573230	1.904306
-0.200701	0.532108	0.568700	1.931477
-0.213471	0.523151	0.565028	1.958221
-0.225796	0.513932	0.561346	1.984759
-0.240391	0.503181	0.557655	2.016481
-0.254310	0.492371	0.554168	2.047558
-0.266321	0.482836	0.551414	2.074849
-0.277986	0.473046	0.548679	2.102086
-0.290440	0.462897	0.546469	2.131148
-0.302466	0.452521	0.544299	2.159999
-0.322621	0.434034	0.540805	2.210002
-0.309293	0.446353	0.543041	2.176764
-0.295067	0.458740	0.545442	2.142386
-0.279589	0.471795	0.548416	2.105762
-0.263061	0.485010	0.551757	2.067772
-0.246296	0.498302	0.555848	2.029849
-0.227599	0.512203	0.560493	1.988944
-0.204579	0.529494	0.567641	1.939495
-0.189446	0.540606	0.572839	1.907857
-0.173321	0.551780	0.578361	1.875150
-0.190108	0.540076	0.572559	1.909254
-0.205903	0.528439	0.567136	1.942344
-0.228349	0.511439	0.560101	1.990721
-0.244921	0.499113	0.555968	2.026987
-0.260192	0.487044	0.552188	2.061449
-0.273974	0.475931	0.549156	2.093127
-0.287050	0.464786	0.546282	2.124053
-0.299867	0.453987	0.544081	2.154530
-0.312171	0.443011	0.541950	2.184641
-0.332145	0.423935	0.538554	2.235383
-0.352853	0.403415	0.535956	2.289437
-0.370277	0.384509	0.533809	2.337341
-0.356310	0.399566	0.535359	2.299030
-0.340784	0.415116	0.537081	2.258174
-0.353941	0.401882	0.535522	2.292850
-0.366203	0.388720	0.534049	2.326377
-0.376247	0.377388	0.532901	2.354681
-0.385912	0.365828	0.531750	2.382905
-0.399649	0.349254	0.530752	2.423386
-0.411824	0.333322	0.529814	2.461159
-0.422193	0.319070	0.529200	2.494425
-0.431684	0.304997	0.528558	2.526499
-0.414949	0.328772	0.529409	2.471553
-0.405018	0.341838	0.529993	2.440588
-0.394453	0.354849	0.530576	2.408999
-0.405296	0.341229	0.529813	2.441806
-0.415311	0.327718	0.529039	2.473539
-0.431719	0.303736	0.527861	2.528489
-0.442908	0.286564	0.527529	2.567325
-0.452898	0.269863	0.527203	2.604224
-0.461069	0.255244	0.527005	2.635997
-0.468575	0.240675	0.526771	2.667099
-0.456901	0.261747	0.526564	2.621357
-0.467928	0.241122	0.526400	2.665783
-0.477236	0.221696	0.526216	2.706711
-0.487651	0.198312	0.526432	2.755352
-0.496119	0.176530	0.526590	2.799741
-0.498342	0.168304	0.525996	2.815892
-0.504967	0.148251	0.526280	2.856031
-0.510339	0.129284	0.526460	2.893483
-0.517265	0.101800	0.527187	2.947272
-0.522027	0.077288	0.527717	2.994607
-0.520682	0.080633	0.526888	2.987953
-0.523933	0.060746	0.527443	3.026166
-0.526205	0.041887	0.527870	3.062157
-0.528671	0.014679	0.528875	3.113834
-0.529649	-0.010408	0.529751	3.161241
-0.528591	0.000855	0.528592	3.139975
-0.529003	-0.019133	0.529348	3.177745
-0.528622	-0.038199	0.530000	3.213729
-0.527273	-0.065393	0.531312	3.264984
-0.524777	-0.089999	0.532438	3.311440
-0.524464	-0.086390	0.531532	3.304848
-0.522107	-0.104076	0.532380	3.338353
-0.519199	-0.121359	0.533193	3.371212
-0.514767	-0.144204	0.534584	3.414726
-0.509675	-0.165489	0.535869	3.455549
-0.510663	-0.158725	0.534762	3.442948
-0.503299	-0.185322	0.536334	3.494402
-0.496014	-0.208825	0.538180	3.540076
-0.488218	-0.230639	0.539955	3.582926
-0.490181	-0.223433	0.538702	3.569274
-0.483711	-0.240476	0.540190	3.602956
-0.476792	-0.257166	0.541724	3.636236
-0.470135	-0.272050	0.543174	3.666177
-0.463115	-0.286724	0.544689	3.695953
-0.464074	-0.283383	0.543756	3.689799
-0.456304	-0.299096	0.545593	3.721807
-0.448171	-0.314521	0.547522	3.753517
-0.440612	-0.328049	0.549322	3.781584
-0.432755	-0.341341	0.551172	3.809443
-0.434256	-0.337602	0.550049	3.802417
-0.426046	-0.351255	0.552173	3.831067
-0.417528	-0.364702	0.554380	3.859561
-0.401441	-0.388518	0.558660	3.910634
-0.397541	-0.393243	0.559177	3.921555
-0.382027	-0.414662	0.563817	3.967931
-0.366789	-0.434480	0.568601	4.011271
-0.362453	-0.439223	0.569463	4.022461
-0.347704	-0.457528	0.574657	4.062542
-0.332992	-0.475014	0.580106	4.100982
-0.320678	-0.488931	0.584711	4.131894
-0.309778	-0.501372	0.589353	4.158941
-0.298825	-0.513611	0.594216	4.185450
-0.293133	-0.519369	0.596382	4.198556
-0.278876	-0.535173	0.603475	4.232009
-0.264520	-0.550916	0.611129	4.264750
-0.250652	-0.565857	0.618887	4.295405
-0.238523	-0.579095	0.626294	4.321675
-0.226350	-0.592356	0.634129	4.347392
-0.214368	-0.605158	0.642005	4.371947
-0.203332	-0.617324	0.649948	4.394204
-0.191790	-0.629324	0.657900	4.416575
-0.179505	-0.642659	0.667258	4.440015
-0.166304	-0.655951	0.676704	4.464089
-0.149975	-0.670780	0.687341	4.492423
-0.129809	-0.685417	0.697601	4.525219
-0.107982	-0.696298	0.704621	4.558534
-0.085386	-0.703680	0.708841	4.591637
-0.060103	-0.708775	0.711318	4.627793
-0.036450	-0.711697	0.712630	4.661218
-0.019783	-0.712058	0.712333	4.684613
-0.001823	-0.712524	0.712526	4.709830
0.013008	-0.711016	0.711135	4.730681
0.030083	-0.709560	0.710197	4.754760
0.044949	-0.706246	0.707675	4.775948
0.062228	-0.702041	0.704794	4.800796
0.074312	-0.696792	0.700744	4.818636
0.087810	-0.690562	0.696122	4.838868
0.103743	-0.681091	0.688947	4.863546
0.117677	-0.672185	0.682408	4.885700
0.129828	-0.663211	0.675799	4.905701
0.141313	-0.654920	0.669992	4.924903
0.147327	-0.649421	0.665922	4.935472
0.157614	-0.643096	0.662128	4.952737
0.163013	-0.638193	0.658684	4.962470
0.171774	-0.632459	0.655371	4.977589
0.176953	-0.627541	0.652013	4.987231
0.186510	-0.621475	0.648858	5.003946
0.199797	-0.611452	0.643267	5.028211
0.209576	-0.603834	0.639170	5.046457
0.220055	-0.596195	0.635510	5.065977
0.229358	-0.588802	0.631896	5.083839
0.239652	-0.581255	0.628722	5.103455
0.244235	-0.576904	0.626473	5.112866
0.253788	-0.570619	0.624511	5.130877
0.266436	-0.560743	0.620823	5.155958
0.271999	-0.556003	0.618969	5.167362
0.280118	-0.550142	0.617351	5.183349
0.292499	-0.540213	0.614317	5.208645
0.301006	-0.532995	0.612117	5.226482
0.310908	-0.525173	0.610304	5.246914
0.318996	-0.518059	0.608394	5.264311
0.328583	-0.510223	0.606872	5.284533
0.341623	-0.499043	0.604773	5.312675
0.353454	-0.488461	0.602929	5.338784
0.366105	-0.476979	0.601284	5.367028
0.377497	-0.466153	0.599835	5.393084
0.385059	-0.458474	0.598723	5.410973
0.394253	-0.449679	0.598035	5.432206
0.401044	-0.442319	0.597061	5.448885
0.409759	-0.433559	0.596554	5.469573
0.421681	-0.420842	0.595754	5.498783
0.432309	-0.408887	0.595046	5.525623
0.443603	-0.395829	0.594528	5.554638
0.453691	-0.383521	0.594074	5.581405
0.459312	-0.375960	0.593560	5.597248
0.467460	-0.365975	0.593680	5.618957
0.472107	-0.359097	0.593157	5.632918
0.479586	-0.349344	0.593333	5.653634
0.490081	-0.334522	0.593367	5.684242
0.499092	-0.320878	0.593342	5.711801
0.508770	-0.305685	0.593540	5.742155
0.517092	-0.291651	0.593670	5.769641
0.520891	-0.284271	0.593411	5.783619
0.527613	-0.272896	0.594010	5.805851
0.529714	-0.267560	0.593452	5.815464
0.536482	-0.255535	0.594232	5.838665
0.544301	-0.239604	0.594704	5.868506
0.551016	-0.224779	0.595100	5.895856
0.557932	-0.208610	0.595656	5.925380
0.563840	-0.193542	0.596133	5.952530
0.565913	-0.186642	0.595897	5.964612
0.571178	-0.173251	0.596876	5.988684
0.572360	-0.167800	0.596450	5.998005
0.577112	-0.154542	0.597446	6.021539
0.582234	-0.137272	0.598197	6.051646
0.586425	-0.121271	0.598833	6.079263
0.590522	-0.104009	0.599612	6.108843
0.593848	-0.087812	0.600305	6.136380
0.594507	-0.081441	0.600059	6.147044
0.597572	-0.066581	0.601269	6.172223
0.597934	-0.060688	0.601006	6.182036
0.600193	-0.047115	0.602039	6.204845
0.602019	-0.030890	0.602811	6.231920
0.603404	-0.015130	0.603594	6.258116
0.604380	0.000998	0.604381	6.284837
0.604953	0.016672	0.605183	6.310738
0.604910	0.027446	0.605532	6.328526
0.605053	0.041612	0.606482	6.351851
0.604566	0.051598	0.606764	6.368325
0.604159	0.065028	0.607649	6.390406
0.603108	0.080839	0.608502	6.416429
0.601729	0.096342	0.609393	6.441947
0.599918	0.111718	0.610232	6.467298
0.597777	0.127191	0.611158	6.492833
0.596102	0.135481	0.611304	6.506668
0.593737	0.150651	0.612552	6.531674
0.591999	0.156954	0.612452	6.542348
0.589118	0.172170	0.613761	6.567518
0.585741	0.185865	0.614523	6.590452
0.581811	0.201153	0.615602	6.616057
0.577956	0.213992	0.616300	6.637790
0.573348	0.229062	0.617411	6.663275
0.569111	0.241120	0.618083	6.683936
0.563799	0.256239	0.619296	6.709764
0.559220	0.267529	0.619919	6.729401
0.553411	0.281960	0.621099	6.754400
0.548353	0.293060	0.621752	6.774001
0.541809	0.307541	0.623008	6.799455
0.536582	0.317698	0.623580	6.817759
0.529613	0.331500	0.624806	6.842452
0.523866	0.341691	0.625450	6.861140
0.516167	0.355526	0.626759	6.886342
0.510340	0.364823	0.627330	6.903816
0.502396	0.377757	0.628572	6.927908
0.495973	0.387206	0.629220	6.946046
0.487207	0.400280	0.630551	6.970947
0.481482	0.407750	0.630940	6.985856
0.471960	0.420882	0.632367	7.011438
0.463861	0.430979	0.633175	7.031854
0.453155	0.444300	0.634627	7.058716
0.444924	0.453603	0.635384	7.078243
0.433934	0.466044	0.636786	7.104247
0.424980	0.475334	0.637613	7.124455
0.413053	0.487664	0.639084	7.151231
0.404030	0.496169	0.639862	7.170582
0.392010	0.507482	0.641257	7.196260
0.384233	0.514053	0.641783	7.212110
0.370448	0.526158	0.643486	7.240534
0.363068	0.531794	0.643912	7.254945
0.349299	0.542874	0.645540	7.282242
0.341175	0.548631	0.646062	7.297638
0.326362	0.559571	0.647790	7.325980
0.318289	0.564778	0.648292	7.340784
0.304090	0.574314	0.649852	7.367026
0.292799	0.581187	0.650776	7.387302
0.277510	0.590399	0.652367	7.414590
0.267622	0.595680	0.653036	7.431734
0.251317	0.604585	0.654739	7.460027
0.240667	0.609712	0.655491	7.478034
0.223315	0.618188	0.657287	7.507328
0.213652	0.622218	0.657877	7.523224
0.196095	0.629845	0.659665	7.552155
0.185423	0.633857	0.660422	7.569392
0.168156	0.640434	0.662142	7.597212
0.157651	0.643851	0.662871	7.613850
0.141456	0.649179	0.664412	7.639435
0.130035	0.652407	0.665239	7.657245
0.112664	0.657310	0.666895	7.684230
0.085109	0.663757	0.669191	7.726454
0.072998	0.666021	0.670010	7.744814
0.052287	0.669948	0.671986	7.776094
0.040420	0.671561	0.672776	7.793866
0.020635	0.674291	0.674607	7.823388
0.008023	0.675417	0.675464	7.842103
-0.013242	0.677305	0.677434	7.873531
-0.025699	0.677797	0.678284	7.891880
-0.045639	0.678547	0.680081	7.921141
-0.061047	0.678622	0.681362	7.943698
-0.076481	0.678345	0.682643	7.966253
-0.105541	0.676825	0.685005	8.008672
-0.120990	0.675538	0.686288	8.031204
-0.136433	0.673898	0.687570	8.053735
-0.165391	0.669817	0.689934	8.096059
-0.179445	0.667287	0.690994	8.116684
-0.199768	0.663401	0.692826	8.146472
-0.216063	0.659703	0.694184	8.170488
-0.232302	0.655601	0.695541	8.194512
-0.249279	0.650887	0.696989	8.219733
-0.266167	0.645730	0.698435	8.244957
-0.282091	0.640413	0.699788	8.268893
-0.297917	0.634699	0.701140	8.292837
-0.313307	0.628744	0.702481	8.316273
-0.328576	0.622414	0.703820	8.339704
-0.342981	0.616031	0.705075	8.361999
-0.357261	0.609314	0.706328	8.384291
-0.372179	0.601890	0.707665	8.407785
-0.386941	0.594101	0.708999	8.431273
-0.400825	0.586340	0.710250	8.453619
-0.414557	0.578251	0.711500	8.475969
-0.430412	0.568409	0.712981	8.502089
-0.446040	0.558123	0.714460	8.528221
-0.460782	0.547842	0.715857	8.553278
-0.475287	0.537170	0.717251	8.578334
-0.490253	0.525567	0.718727	8.604630
-0.504932	0.513548	0.720200	8.630920
-0.518668	0.501671	0.721589	8.656036
-0.532121	0.489427	0.722974	8.681149
-0.544257	0.477839	0.724255	8.704270
-0.556138	0.465951	0.725534	8.727390
-0.567311	0.454232	0.726752	8.749624
-0.578233	0.442248	0.727967	8.771855
-0.589283	0.429561	0.729230	8.794882
-0.600051	0.416601	0.730491	8.817904
-0.610187	0.403802	0.731700	8.840174
-0.620050	0.390756	0.732907	8.862448
-0.631272	0.375159	0.734336	8.888567
-0.642099	0.359238	0.735760	8.914690
-0.652069	0.343704	0.737107	8.939688
-0.661659	0.327897	0.738451	8.964683
-0.671254	0.311141	0.739859	8.990736
-0.680420	0.294105	0.741262	9.016791
-0.688794	0.277500	0.742593	9.041793
-0.696756	0.260663	0.743918	9.066789
-0.704026	0.244259	0.745194	9.090826
-0.710905	0.227657	0.746467	9.114862
-0.717186	0.211385	0.747689	9.138152
-0.723091	0.194944	0.748908	9.161441
-0.728793	0.177790	0.750166	9.185500
-0.734085	0.160473	0.751420	9.209560
-0.738819	0.143505	0.752627	9.232931
-0.743157	0.126403	0.753830	9.256301
-0.747613	0.106784	0.755201	9.282904
-0.751543	0.087024	0.756565	9.309497
-0.754828	0.067815	0.757868	9.335177
-0.757617	0.048496	0.759168	9.360853
-0.759980	0.028431	0.760511	9.387385
-0.761804	0.008280	0.761849	9.413910
-0.763042	-0.011219	0.763125	9.439480
-0.763775	-0.030772	0.764395	9.465046
-0.764003	-0.048976	0.765571	9.488795
-0.763792	-0.067203	0.766743	9.512537
-0.763151	-0.085237	0.767897	9.536008
-0.762081	-0.103274	0.769047	9.559474
-0.760564	-0.121429	0.770196	9.583099
-0.758610	-0.139567	0.771342	9.606721
-0.756245	-0.157501	0.772472	9.630110
-0.753452	-0.175400	0.773599	9.653499
-0.749967	-0.194611	0.774806	9.678670
-0.745989	-0.213748	0.776008	9.703832
-0.741603	-0.232451	0.777180	9.728522
-0.736745	-0.251061	0.778348	9.753207
-0.731324	-0.269866	0.779527	9.778287
-0.725420	-0.288549	0.780702	9.803359
-0.719142	-0.306794	0.781849	9.828013
-0.712403	-0.324899	0.782992	9.852660
-0.704970	-0.343411	0.784164	9.878075
-0.697055	-0.361745	0.785331	9.903480
-0.688794	-0.379605	0.786471	9.928477
-0.680074	-0.397270	0.787607	9.953467
-0.670720	-0.415049	0.788753	9.978914
-0.660902	-0.432599	0.789894	10.004352
-0.650753	-0.449690	0.791012	10.029458
-0.640161	-0.466536	0.792125	10.054559
-0.629415	-0.482702	0.793199	10.079012
-0.618262	-0.498612	0.794268	10.103454
-0.606822	-0.514105	0.795322	10.127649
-0.594996	-0.529327	0.796371	10.151834
-0.582755	-0.544302	0.797414	10.176071
-0.570140	-0.558986	0.798452	10.200298
-0.557223	-0.573299	0.799480	10.224395
-0.543949	-0.587306	0.800505	10.248484
-0.530267	-0.601050	0.801526	10.272662
-0.516241	-0.614468	0.802543	10.296831
-0.501842	-0.627586	0.803561	10.321054
-0.487113	-0.640359	0.804574	10.345268
-0.472200	-0.652659	0.805566	10.369249
-0.456979	-0.664604	0.806553	10.393222
-0.441399	-0.676234	0.807543	10.417281
-0.425528	-0.687492	0.808529	10.441332
-0.410099	-0.697880	0.809455	10.464296
-0.394422	-0.707916	0.810379	10.487251
-0.378134	-0.717819	0.811325	10.510732
-0.361603	-0.727340	0.812269	10.534203
-0.345340	-0.736193	0.813167	10.556960
-0.328866	-0.744677	0.814062	10.579709
-0.311671	-0.753038	0.814988	10.603155
-0.294272	-0.760995	0.815910	10.626591
-0.276065	-0.768787	0.816851	10.650823
-0.257662	-0.776136	0.817787	10.675042
-0.238946	-0.783082	0.818726	10.699413
-0.220055	-0.789570	0.819661	10.723769
-0.201118	-0.795549	0.820577	10.747958
-0.182031	-0.801068	0.821490	10.772133
-0.162710	-0.806148	0.822404	10.796414
-0.143260	-0.810755	0.823315	10.820681
-0.124552	-0.814706	0.824171	10.843869
-0.105746	-0.818220	0.825025	10.867048
-0.086287	-0.821386	0.825906	10.890907
-0.066748	-0.824086	0.826784	10.914755
-0.047906	-0.826224	0.827612	10.937658
-0.029007	-0.827929	0.828437	10.960553
-0.009387	-0.829242	0.829295	10.984254
0.010269	-0.830086	0.830149	11.007944
0.029055	-0.830443	0.830951	11.030547
0.047855	-0.830373	0.831751	11.053141
0.067352	-0.829854	0.832583	11.076559
0.086844	-0.828875	0.833412	11.099967
0.105509	-0.827492	0.834191	11.122394
0.124148	-0.825686	0.834968	11.144813
0.143429	-0.823377	0.835775	11.168039
0.162659	-0.820615	0.836580	11.191254
0.180679	-0.817595	0.837321	11.213068
0.198640	-0.814178	0.838059	11.234875
0.217320	-0.810195	0.838834	11.257637
0.235913	-0.805782	0.839607	11.280389
0.253376	-0.801209	0.840319	11.301864
0.270746	-0.796257	0.841029	11.323334
0.289096	-0.790591	0.841790	11.346141
0.307320	-0.784502	0.842549	11.368939
0.325304	-0.778018	0.843288	11.391602
0.343143	-0.771123	0.844025	11.414256
0.361447	-0.763560	0.844789	11.437692
0.379573	-0.755566	0.845550	11.461115
0.396784	-0.747483	0.846268	11.483578
0.413817	-0.739010	0.846983	11.506033
0.431211	-0.729858	0.847724	11.529213
0.448394	-0.720300	0.848463	11.552381
0.464167	-0.711040	0.849134	11.573916
0.479744	-0.701436	0.849804	11.595444
0.496197	-0.690788	0.850529	11.618481
0.512406	-0.679757	0.851252	11.641507
0.527145	-0.669219	0.851901	11.662771
0.541663	-0.658363	0.852549	11.684029
0.557003	-0.646366	0.853254	11.706848
0.572071	-0.634015	0.853956	11.729658
0.585640	-0.622368	0.854585	11.750578
0.598968	-0.610432	0.855213	11.771494
0.612904	-0.597407	0.855889	11.793776
0.626549	-0.584068	0.856563	11.816049
0.638934	-0.571407	0.857172	11.836706
0.651060	-0.558486	0.857779	11.857360
0.663767	-0.544360	0.858438	11.879489
0.676161	-0.529951	0.859094	11.901609
0.687099	-0.516650	0.859670	11.921636
0.697772	-0.503126	0.860245	11.941659
0.709266	-0.487930	0.860892	11.963786
0.720424	-0.472478	0.861537	11.985905
0.730174	-0.458326	0.862100	12.005836
0.739643	-0.443976	0.862663	12.025763
0.749772	-0.427921	0.863293	12.047748
0.759547	-0.411642	0.863922	12.069724
0.768382	-0.396157	0.864495	12.090342
0.776897	-0.380488	0.865066	12.110954
0.785794	-0.363263	0.865697	12.133345
0.794303	-0.345838	0.866326	12.155725
0.801680	-0.329835	0.866881	12.176050
0.808733	-0.313678	0.867435	12.196370
0.816070	-0.295872	0.868050	12.218553
0.823010	-0.277902	0.868662	12.240726
0.828939	-0.261484	0.869203	12.260806
0.834538	-0.244943	0.869742	12.280881
0.840225	-0.226936	0.870332	12.302575
0.845520	-0.208804	0.870921	12.324262
0.850000	-0.192132	0.871444	12.344068
0.854149	-0.175368	0.871966	12.363872
0.858295	-0.157037	0.872542	12.385408
0.862044	-0.138615	0.873117	12.406937
0.865201	-0.121211	0.873650	12.427181
0.868005	-0.103738	0.874182	12.447421
0.870446	-0.086258	0.874709	12.467597
0.872532	-0.068725	0.875235	12.487768
0.874251	-0.051269	0.875753	12.507794
0.875619	-0.033775	0.876270	12.527817
0.876631	-0.016297	0.876782	12.547782
0.877293	0.001205	0.877293	12.567744
0.877600	0.018660	0.877798	12.587629
0.877559	0.036124	0.878302	12.607512
0.877169	0.053546	0.878801	12.627339
0.876431	0.070963	0.879299	12.647162
0.875346	0.088335	0.879792	12.666944
0.873916	0.105688	0.880284	12.686722
0.872146	0.122955	0.880771	12.706427
0.870035	0.140189	0.881257	12.726128
0.867540	0.157665	0.881750	12.746147
0.864693	0.175093	0.882242	12.766161
0.861506	0.192404	0.882729	12.786100
0.857972	0.209655	0.883216	12.806035
0.854123	0.226703	0.883697	12.825810
0.849935	0.243678	0.884177	12.845583
0.845424	0.260514	0.884652	12.865284
0.840580	0.277264	0.885127	12.884982
0.835453	0.293762	0.885595	12.904488
0.830004	0.310163	0.886063	12.923991
0.824249	0.326408	0.886526	12.943430
0.818176	0.342544	0.886989	12.962866
0.811831	0.358456	0.887446	12.982167
0.805177	0.374247	0.887903	13.001465
0.798235	0.389867	0.888355	13.020705
0.790990	0.405356	0.888807	13.039942
0.783564	0.420470	0.889251	13.058877
0.775850	0.435446	0.889695	13.077811
0.767869	0.450241	0.890134	13.096694
0.759605	0.464888	0.890574	13.115576
0.751114	0.479293	0.891007	13.134341
0.742351	0.493541	0.891441	13.153104
0.733336	0.507595	0.891871	13.171824
0.724055	0.521482	0.892300	13.190542
0.714475	0.535245	0.892727	13.209324
0.704633	0.548830	0.893153	13.228105
0.694565	0.562189	0.893576	13.246824
0.684245	0.575362	0.893998	13.265541
0.673721	0.588285	0.894415	13.284174
0.662953	0.601015	0.894832	13.302805
0.651978	0.613507	0.895246	13.321378
0.640768	0.625797	0.895659	13.339949
0.629322	0.637884	0.896070	13.358525
0.617650	0.649760	0.896481	13.377099
0.605787	0.661386	0.896889	13.395617
0.593707	0.672794	0.897296	13.414133
0.581508	0.683894	0.897698	13.432505
0.569103	0.694770	0.898100	13.450874
0.556528	0.705391	0.898498	13.469192
0.543756	0.715782	0.898896	13.487507
0.530898	0.725857	0.899289	13.505671
0.517854	0.735699	0.899681	13.523832
0.504662	0.745281	0.900071	13.541947
0.491293	0.754625	0.900460	13.560059
0.477849	0.763663	0.900844	13.578040
0.464241	0.772460	0.901229	13.596020
0.450501	0.780994	0.901612	13.613958
0.436606	0.789284	0.901994	13.631895
0.422635	0.797282	0.902374	13.649734
0.408519	0.805033	0.902755	13.667572
0.394287	0.812518	0.903132	13.685377
0.379918	0.819752	0.903510	13.703180
0.365470	0.826704	0.903885	13.720918
0.350897	0.833402	0.904260	13.738654
0.336241	0.839823	0.904633	13.756341
0.321468	0.845986	0.905005	13.774027
0.306502	0.851917	0.905376	13.791807
0.291427	0.857583	0.905747	13.809586
0.276289	0.862966	0.906116	13.827317
0.261052	0.868082	0.906484	13.845047
0.245823	0.872896	0.906849	13.862659
0.230506	0.877442	0.907214	13.880270
0.215143	0.881708	0.907577	13.897837
0.199702	0.885705	0.907940	13.915403
0.184492	0.889361	0.908295	13.932625
0.169216	0.892754	0.908649	13.949845
0.153912	0.895877	0.909002	13.967028
0.138551	0.898738	0.909355	13.984210
0.123237	0.901318	0.909704	14.001280
0.107875	0.903637	0.910053	14.018350
0.092504	0.905689	0.910401	14.035383
0.077095	0.907479	0.910748	14.052415
0.061750	0.908997	0.911092	14.069339
0.046376	0.910255	0.911436	14.086263
0.031005	0.911250	0.911778	14.103155
0.015615	0.911986	0.912120	14.120047
0.000295	0.912459	0.912459	14.136843
-0.015036	0.912674	0.912797	14.153640
-0.030351	0.912630	0.913135	14.170411
-0.045669	0.912329	0.913472	14.187183
-0.061067	0.911768	0.913811	14.204043
-0.076458	0.910947	0.914150	14.220903
-0.091809	0.909867	0.914487	14.237730
-0.107144	0.908528	0.914824	14.254556
-0.122475	0.906927	0.915159	14.271399
-0.137783	0.905067	0.915495	14.288242
-0.153030	0.902953	0.915828	14.305049
-0.168244	0.900581	0.916162	14.321855
-0.183412	0.897953	0.916493	14.338652
-0.198539	0.895069	0.916824	14.355448
-0.213592	0.891935	0.917153	14.372211
-0.228595	0.888548	0.917482	14.388975
-0.243472	0.884926	0.917809	14.405656
-0.258291	0.881056	0.918136	14.422337
-0.273024	0.876943	0.918461	14.438992
-0.287692	0.872583	0.918786	14.455645
-0.315896	0.863441	0.919414	14.487898
-0.343758	0.853405	0.920038	14.520092
-0.371181	0.842519	0.920659	14.552143
-0.398216	0.830771	0.921279	14.584145
-0.424675	0.818255	0.921895	14.615899
-0.450710	0.804913	0.922510	14.647615
-0.476259	0.790782	0.923124	14.679249
-0.501343	0.775852	0.923737	14.710855
-0.526201	0.759967	0.924358	14.742774
-0.550516	0.743314	0.924978	14.774640
-0.574446	0.725772	0.925599	14.806701
-0.597783	0.707488	0.926220	14.838715
-0.620400	0.688572	0.926838	14.870532
-0.642394	0.668956	0.927455	14.902313
-0.663675	0.648730	0.928070	14.933953
-0.684302	0.627845	0.928686	14.965565
-0.703706	0.606934	0.929285	14.996268
-0.722446	0.585453	0.929883	15.026928
-0.740499	0.563434	0.930482	15.057533
-0.757864	0.540880	0.931080	15.088108
-0.774379	0.518024	0.931671	15.118379
-0.790197	0.494675	0.932263	15.148635
-0.805325	0.470819	0.932855	15.178921
-0.819723	0.446519	0.933448	15.209183
-0.833444	0.421670	0.934042	15.239577
-0.846400	0.396424	0.934636	15.269942
-0.858689	0.370560	0.935234	15.300565
-0.870182	0.344331	0.935831	15.331169
-0.880802	0.317929	0.936424	15.361563
-0.890619	0.291203	0.937018	15.391953
-0.899620	0.264195	0.937611	15.422320
-0.907798	0.236922	0.938205	15.452673
-0.914975	0.210089	0.938785	15.482264
-0.921353	0.183066	0.939364	15.511825
-0.926936	0.155836	0.939944	15.541402
-0.931712	0.128453	0.940525	15.570960
-0.935633	0.101308	0.941102	15.600106
-0.938766	0.074043	0.941681	15.629253
-0.941120	0.046510	0.942269	15.658584
-0.942670	0.018916	0.942860	15.687900
-0.943411	-0.008668	0.943451	15.717151
-0.943349	-0.036268	0.944046	15.746391
-0.942470	-0.064154	0.944651	15.775929
-0.940770	-0.092024	0.945260	15.805470
-0.938276	-0.119598	0.945868	15.834746
-0.934975	-0.147132	0.946481	15.864048
-0.930860	-0.174642	0.947101	15.893421
-0.925938	-0.202036	0.947724	15.922792
-0.920323	-0.228816	0.948341	15.951648
-0.913941	-0.255418	0.948960	15.980479
-0.906749	-0.281999	0.949588	16.009481
-0.898789	-0.308369	0.950217	16.038472
-0.890190	-0.334164	0.950844	16.067071
-0.880846	-0.359740	0.951474	16.095693
-0.870787	-0.385006	0.952103	16.124258
-0.860003	-0.410000	0.952736	16.152833
-0.848440	-0.434821	0.953373	16.181557
-0.836159	-0.459325	0.954013	16.210290
-0.823184	-0.483460	0.954655	16.238996
-0.809498	-0.507259	0.955301	16.267737
-0.795143	-0.530649	0.955950	16.296448
-0.780075	-0.553693	0.956605	16.325232
-0.764324	-0.576336	0.957264	16.354049
-0.747887	-0.598570	0.957925	16.382916
-0.730862	-0.620267	0.958588	16.411690
-0.713228	-0.641454	0.959248	16.440429
-0.695049	-0.662058	0.959903	16.469056
-0.676292	-0.682132	0.960560	16.497661
-0.657113	-0.701536	0.961224	16.526046
-0.637378	-0.720415	0.961898	16.554441
-0.617123	-0.738729	0.962581	16.582812
-0.596323	-0.756504	0.963275	16.611217
-0.575035	-0.773687	0.963980	16.639599
-0.553261	-0.790280	0.964697	16.667978
-0.531044	-0.806251	0.965426	16.696321
-0.508337	-0.821633	0.966172	16.724710
-0.485205	-0.836381	0.966932	16.753083
-0.461544	-0.850555	0.967712	16.781586
-0.437348	-0.864142	0.968512	16.810239
-0.412549	-0.877158	0.969331	16.839133
-0.387270	-0.889517	0.970165	16.868138
-0.361647	-0.901135	0.970996	16.897112
-0.335742	-0.911987	0.971824	16.926013
-0.309513	-0.922090	0.972650	16.954913
-0.283101	-0.931399	0.973473	16.983680
-0.256379	-0.939956	0.974294	17.012480
-0.229388	-0.947746	0.975111	17.041291
-0.202047	-0.954783	0.975927	17.070221
-0.174624	-0.960999	0.976735	17.099010
-0.147065	-0.966416	0.977542	17.127743
-0.119451	-0.971025	0.978345	17.156359
-0.091748	-0.974838	0.979146	17.184920
-0.064073	-0.977847	0.979944	17.213328
-0.036333	-0.980099	0.980772	17.241706
-0.008405	-0.981647	0.981683	17.270198
0.020269	-0.982492	0.982701	17.299387
0.049718	-0.982534	0.983791	17.329318
0.079132	-0.981697	0.984881	17.359193
0.108437	-0.979989	0.985970	17.388962
0.137655	-0.977412	0.987058	17.418676
0.166667	-0.973987	0.988144	17.448236
0.195543	-0.969711	0.989230	17.477742
0.224225	-0.964596	0.990314	17.507158
0.253061	-0.958555	0.991397	17.536873
