time = 10.2499	Re = 1	40	80
0.151506	0.136270	0.203773	0.732505
0.166973	0.123444	0.207650	0.636619
0.179434	0.112202	0.211627	0.558824
0.191027	0.100021	0.215628	0.482344
0.201556	0.087235	0.219624	0.408467
0.211182	0.073465	0.223596	0.334781
0.225133	0.052356	0.231141	0.228493
0.236609	0.032785	0.238870	0.137686
0.245655	0.019480	0.246426	0.079134
0.253938	0.005682	0.254002	0.022372
0.268958	-0.007938	0.269075	-0.029505
0.283776	-0.006893	0.283860	-0.024284
0.298137	0.006154	0.298201	0.020640
0.310664	0.029853	0.312095	0.095800
0.315370	0.046578	0.318791	0.146633
0.319160	0.063692	0.325453	0.196975
0.320854	0.084733	0.331854	0.258190
0.320988	0.106198	0.338099	0.319511
0.318793	0.129950	0.344262	0.387067
0.314439	0.153894	0.350079	0.455151
0.307373	0.179587	0.355991	0.528768
0.298322	0.204467	0.361667	0.600853
0.286568	0.230184	0.367568	0.676714
0.273189	0.254999	0.373707	0.750973
0.265525	0.268207	0.377410	0.790423
0.257304	0.281158	0.381124	0.829669
0.249210	0.293926	0.385354	0.867541
0.240475	0.306483	0.389564	0.905500
0.231206	0.320669	0.395329	0.946106
0.221864	0.334372	0.401283	0.984973
0.212125	0.349420	0.408768	1.025189
0.202640	0.364547	0.417082	1.063459
0.192714	0.382055	0.427907	1.103623
0.182649	0.399935	0.439668	1.142388
0.173236	0.422214	0.456372	1.181439
0.162995	0.444646	0.473580	1.219436
0.158227	0.461021	0.487418	1.240183
0.153416	0.477181	0.501237	1.259729
0.147814	0.495141	0.516733	1.280690
0.141981	0.512885	0.532174	1.300731
0.135914	0.536094	0.553055	1.322502
0.130400	0.561405	0.576350	1.342570
0.125477	0.575704	0.589220	1.356198
0.120161	0.589918	0.602032	1.369855
0.110071	0.616713	0.626459	1.394175
0.105865	0.633855	0.642635	1.405306
0.104085	0.644615	0.652964	1.410709
0.095169	0.672266	0.678968	1.430167
0.079767	0.672244	0.676960	1.452691
0.064291	0.677834	0.680877	1.476232
0.047690	0.682763	0.684426	1.501062
0.068245	0.673894	0.677341	1.469870
0.086926	0.664514	0.670175	1.440724
0.071221	0.671230	0.674998	1.465087
0.054380	0.678450	0.680626	1.490815
0.029484	0.682515	0.683152	1.527623
0.000923	0.683752	0.683753	1.569446
-0.015915	0.683423	0.683608	1.594079
-0.033131	0.682324	0.683128	1.619315
-0.011243	0.683298	0.683390	1.587249
0.006483	0.683190	0.683221	1.561307
-0.010435	0.682741	0.682821	1.586079
-0.039547	0.679544	0.680694	1.628928
-0.056978	0.668468	0.670892	1.655828
-0.063241	0.660714	0.663734	1.666222
-0.055803	0.669072	0.671395	1.654008
-0.032502	0.680850	0.681626	1.618498
-0.053731	0.669962	0.672113	1.650825
-0.059328	0.660804	0.663462	1.660338
-0.069127	0.651836	0.655491	1.676451
-0.080907	0.641099	0.646184	1.696333
-0.072806	0.647362	0.651443	1.682791
-0.089578	0.632466	0.638778	1.711493
-0.110186	0.616498	0.626267	1.747657
-0.095208	0.626738	0.633929	1.721555
-0.113366	0.611832	0.622246	1.754008
-0.136795	0.594613	0.610146	1.796918
-0.130235	0.598131	0.612145	1.785187
-0.146104	0.586642	0.604562	1.814882
-0.164428	0.574200	0.597279	1.849693
-0.170399	0.568382	0.593375	1.862067
-0.188191	0.555945	0.586933	1.897196
-0.212242	0.539590	0.579831	1.945547
-0.213226	0.537357	0.578115	1.948546
-0.232595	0.523704	0.573032	1.988761
-0.245741	0.514565	0.570233	2.016340
-0.258572	0.505228	0.567552	2.043833
-0.255403	0.506071	0.566867	2.038179
-0.275878	0.490715	0.562948	2.082956
-0.289516	0.480522	0.561000	2.113054
-0.302563	0.470160	0.559102	2.142611
-0.303271	0.468181	0.557823	2.145597
-0.322178	0.452308	0.555321	2.189729
-0.333985	0.442333	0.554260	2.217524
-0.345388	0.432122	0.553193	2.245099
-0.344119	0.431930	0.552252	2.243522
-0.358845	0.417948	0.550863	2.280255
-0.370876	0.406592	0.550332	2.310288
-0.382364	0.395077	0.549807	2.339844
-0.380671	0.395448	0.548898	2.337158
-0.398323	0.376879	0.548360	2.383851
-0.414023	0.359009	0.547999	2.427241
-0.414000	0.357759	0.547163	2.428941
-0.429849	0.338794	0.547313	2.474106
-0.443714	0.320698	0.547476	2.515756
-0.443411	0.319668	0.546627	2.516958
-0.456786	0.301235	0.547171	2.558591
-0.468582	0.283475	0.547656	2.597531
-0.471911	0.277049	0.547226	2.610728
-0.481889	0.260864	0.547966	2.645425
-0.491039	0.244753	0.548656	2.679195
-0.494033	0.237927	0.548341	2.692772
-0.501953	0.222780	0.549170	2.723884
-0.509290	0.207552	0.549959	2.754611
-0.515238	0.193523	0.550383	2.782296
-0.524445	0.171126	0.551658	2.826186
-0.526932	0.163070	0.551588	2.841471
-0.532071	0.148906	0.552515	2.868713
-0.536827	0.134583	0.553440	2.895955
-0.541082	0.119569	0.554136	2.924106
-0.547323	0.096287	0.555728	2.967452
-0.549941	0.083516	0.556246	2.990880
-0.553927	0.063640	0.557571	3.027205
-0.557187	0.044452	0.558957	3.061983
-0.559680	0.025532	0.560262	3.096005
-0.561190	0.009809	0.561275	3.124116
-0.562253	-0.005957	0.562284	3.152188
-0.563264	-0.025498	0.563841	3.186830
-0.563558	-0.044775	0.565333	3.220877
-0.562607	-0.073617	0.567403	3.271704
-0.561485	-0.092599	0.569070	3.305039
-0.559720	-0.111469	0.570712	3.338172
-0.555536	-0.140625	0.573058	3.389519
-0.552337	-0.159270	0.574842	3.422333
-0.548561	-0.177740	0.576637	3.454931
-0.541727	-0.204899	0.579182	3.503195
-0.536777	-0.222743	0.581157	3.534932
-0.531306	-0.240423	0.583172	3.566535
-0.522086	-0.266161	0.586017	3.613051
-0.515395	-0.283641	0.588289	3.644694
-0.508221	-0.300936	0.590636	3.676210
-0.497392	-0.324282	0.593766	3.719348
-0.488883	-0.341793	0.596514	3.751736
-0.479834	-0.359213	0.599395	3.784209
-0.467224	-0.381194	0.602999	3.825936
-0.457155	-0.398170	0.606243	3.858139
-0.446663	-0.414933	0.609653	3.890181
-0.432318	-0.436164	0.614116	3.931419
-0.420689	-0.452905	0.618144	3.963852
-0.408603	-0.469521	0.622420	3.996254
-0.392410	-0.490331	0.628021	4.037468
-0.380114	-0.505775	0.632689	4.067897
-0.367339	-0.521207	0.637647	4.098458
-0.357086	-0.533256	0.641773	4.122335
-0.346528	-0.545119	0.645938	4.146138
-0.332784	-0.560389	0.651752	4.176508
-0.318544	-0.575685	0.657939	4.206993
-0.307275	-0.587450	0.662960	4.230459
-0.295631	-0.599053	0.668029	4.253957
-0.280396	-0.614107	0.675092	4.284066
-0.264290	-0.629324	0.682568	4.314796
-0.247710	-0.644347	0.690321	4.345371
-0.229984	-0.659457	0.698410	4.376830
-0.210601	-0.674789	0.706889	4.409869
-0.189178	-0.689979	0.715444	4.444787
-0.165245	-0.704672	0.723787	4.482052
-0.151922	-0.711530	0.727568	4.502033
-0.138389	-0.718132	0.731345	4.522016
-0.123317	-0.724097	0.734523	4.543703
-0.108105	-0.729388	0.737356	4.565247
-0.092289	-0.733517	0.739300	4.587230
-0.076548	-0.737214	0.741177	4.608926
-0.058322	-0.740189	0.742483	4.633758
-0.040311	-0.742432	0.743525	4.658146
-0.022089	-0.743472	0.743800	4.682687
-0.004243	-0.743846	0.743858	4.706685
0.013934	-0.743068	0.743198	4.731138
0.031663	-0.741668	0.742344	4.755054
0.048904	-0.739118	0.740734	4.778458
0.065584	-0.735975	0.738891	4.801267
0.080643	-0.731943	0.736372	4.822124
0.095477	-0.727653	0.733890	4.842856
0.108730	-0.722777	0.730910	4.861702
0.121969	-0.717977	0.728263	4.880661
0.134078	-0.712624	0.725128	4.898361
0.146356	-0.707373	0.722355	4.916411
0.157046	-0.701934	0.719288	4.932498
0.168113	-0.696653	0.716650	4.949178
0.179301	-0.690663	0.713558	4.966389
0.190448	-0.684872	0.710859	4.983615
0.200399	-0.679007	0.707962	4.999376
0.210905	-0.673321	0.705579	5.015940
0.220417	-0.667477	0.702929	5.031339
0.230624	-0.661767	0.700801	5.047724
0.239286	-0.656107	0.698380	5.062104
0.248948	-0.650530	0.696538	5.077880
0.257102	-0.645153	0.694495	5.091612
0.266175	-0.639766	0.692929	5.106655
0.273841	-0.634553	0.691120	5.119795
0.282305	-0.629305	0.689725	5.134076
0.289946	-0.624020	0.688091	5.147353
0.298474	-0.618645	0.686883	5.161909
0.313759	-0.608197	0.684360	5.188663
0.321559	-0.602421	0.682870	5.202693
0.330689	-0.596451	0.681989	5.218626
0.338075	-0.590797	0.680688	5.232143
0.346720	-0.584895	0.679939	5.247490
0.354155	-0.579051	0.678768	5.261303
0.362967	-0.572896	0.678200	5.277123
0.370036	-0.567164	0.677201	5.290471
0.378351	-0.561072	0.676721	5.305682
0.392326	-0.550084	0.675657	5.331927
0.405524	-0.539273	0.674733	5.357158
0.418946	-0.528048	0.674055	5.383085
0.431589	-0.517013	0.673477	5.407976
0.438186	-0.510892	0.673066	5.421330
0.445897	-0.504244	0.673117	5.436455
0.459434	-0.491602	0.672869	5.463975
0.473068	-0.478466	0.672847	5.492115
0.485902	-0.465486	0.672887	5.519243
0.497960	-0.452903	0.673116	5.545137
0.509311	-0.440489	0.673371	5.570120
0.520792	-0.427518	0.673792	5.595830
0.531566	-0.414747	0.674224	5.620611
0.543549	-0.400048	0.674896	5.648709
0.554760	-0.385524	0.675564	5.675865
0.566002	-0.370341	0.676396	5.703786
0.576487	-0.355346	0.677206	5.730795
0.585733	-0.341541	0.678037	5.755285
0.594390	-0.327936	0.678853	5.779023
0.602983	-0.313830	0.679763	5.803303
0.611025	-0.299906	0.680657	5.826905
0.619955	-0.283747	0.681804	5.853956
0.628171	-0.267868	0.682899	5.880108
0.636252	-0.251378	0.684110	5.906916
0.643651	-0.235175	0.685269	5.932879
0.650355	-0.219599	0.686429	5.957546
0.656513	-0.204261	0.687555	5.981549
0.662487	-0.188386	0.688751	6.006136
0.667934	-0.172753	0.689913	6.030093
0.673657	-0.155062	0.691273	6.056946
0.678754	-0.137685	0.692578	6.083051
0.683556	-0.119759	0.693968	6.109746
0.687747	-0.102187	0.695297	6.135682
0.691247	-0.085813	0.696553	6.159674
0.694334	-0.069584	0.697812	6.183302
0.697062	-0.053100	0.699082	6.207156
0.699392	-0.036761	0.700357	6.230672
0.701485	-0.019148	0.701746	6.255895
0.703114	-0.001787	0.703116	6.280644
0.704338	0.015905	0.704518	6.305762
0.705117	0.033347	0.705905	6.330443
0.705485	0.051333	0.707350	6.355820
0.705408	0.069058	0.708781	6.380772
0.704874	0.087146	0.710241	6.406194
0.703894	0.105036	0.711688	6.431314
0.702484	0.122561	0.713096	6.455915
0.700683	0.139869	0.714507	6.480213
0.698433	0.157276	0.715922	6.504675
0.695803	0.174503	0.717351	6.528911
0.692736	0.191787	0.718795	6.553275
0.689300	0.208951	0.720274	6.577516
0.685415	0.226044	0.721727	6.601744
0.681162	0.243022	0.723216	6.625884
0.676603	0.259370	0.724613	6.649249
0.671663	0.275811	0.726088	6.672830
0.666351	0.291907	0.727484	6.696073
0.660631	0.308169	0.728973	6.719657
0.654209	0.325014	0.730496	6.744273
0.647365	0.341785	0.732051	6.768952
0.640029	0.358471	0.733579	6.793739
0.632303	0.375006	0.735144	6.818501
0.624362	0.390860	0.736613	6.842514
0.615944	0.406839	0.738177	6.866916
0.607265	0.422258	0.739644	6.890779
0.598072	0.437849	0.741217	6.915132
0.588751	0.452727	0.742690	6.938712
0.578907	0.467766	0.744270	6.962794
0.568880	0.482196	0.745746	6.986298
0.558324	0.496761	0.747326	7.010300
0.547806	0.510455	0.748769	7.033303
0.536708	0.524347	0.750330	7.056934
0.525591	0.537483	0.751754	7.079770
0.513718	0.551002	0.753332	7.103587
0.501257	0.564403	0.754857	7.127769
0.488169	0.577885	0.756479	7.152543
0.475031	0.590689	0.758002	7.176686
0.461314	0.603504	0.759623	7.201332
0.447926	0.615314	0.761084	7.224734
0.433628	0.627464	0.762722	7.249268
0.419721	0.638589	0.764174	7.272517
0.404857	0.650041	0.765808	7.296954
0.390622	0.660382	0.767262	7.319829
0.375497	0.670948	0.768875	7.343759
0.360834	0.680579	0.770318	7.366477
0.345184	0.690452	0.771930	7.390382
0.330298	0.699237	0.773323	7.412682
0.314058	0.708461	0.774951	7.436716
0.298681	0.716590	0.776345	7.459069
0.281885	0.725096	0.777961	7.483206
0.265428	0.732825	0.779413	7.506482
0.247717	0.740744	0.781066	7.531256
0.230964	0.747642	0.782504	7.554359
0.212883	0.754703	0.784153	7.579050
0.195896	0.760771	0.785587	7.601960
0.177699	0.766884	0.787203	7.626284
0.160504	0.772116	0.788622	7.649026
0.142014	0.777370	0.790235	7.673289
0.124296	0.781916	0.791734	7.696338
0.106434	0.786056	0.793229	7.719398
0.088521	0.789771	0.794717	7.742363
0.070479	0.793075	0.796201	7.765347
0.052321	0.795961	0.797678	7.788343
0.034054	0.798427	0.799153	7.811356
0.015652	0.800468	0.800621	7.834431
-0.002812	0.802080	0.802085	7.857487
-0.021657	0.803289	0.803581	7.880936
-0.040543	0.804051	0.805072	7.904362
-0.059365	0.804367	0.806555	7.927652
-0.078207	0.804240	0.808033	7.950921
-0.096920	0.803679	0.809502	7.973997
-0.115635	0.802680	0.810966	7.997059
-0.134277	0.801249	0.812423	8.020024
-0.152918	0.799381	0.813876	8.042994
-0.171264	0.797124	0.815315	8.065617
-0.189595	0.794440	0.816750	8.088251
-0.207832	0.791340	0.818177	8.110815
-0.226038	0.787815	0.819601	8.133394
-0.244356	0.783814	0.821020	8.156186
-0.262593	0.779388	0.822436	8.178958
-0.280730	0.774539	0.823845	8.201702
-0.298766	0.769270	0.825250	8.224427
-0.316727	0.763579	0.826661	8.247175
-0.334567	0.757471	0.828069	8.269903
-0.352176	0.750994	0.829469	8.292479
-0.369649	0.744109	0.830866	8.315040
-0.386879	0.736866	0.832255	8.337454
-0.403970	0.729221	0.833640	8.359871
-0.420828	0.721218	0.835016	8.382177
-0.437532	0.712819	0.836388	8.404491
-0.453985	0.704089	0.837761	8.426681
-0.470275	0.694970	0.839131	8.448887
-0.486366	0.685477	0.840494	8.471074
-0.502253	0.675620	0.841855	8.493243
-0.518110	0.665257	0.843211	8.515669
-0.533741	0.654531	0.844565	8.538075
-0.549071	0.643497	0.845912	8.560366
-0.564162	0.632112	0.847257	8.582639
-0.578745	0.620595	0.848577	8.604500
-0.593083	0.608749	0.849896	8.626345
-0.607108	0.596634	0.851207	8.648081
-0.620885	0.584195	0.852515	8.669817
-0.634345	0.571496	0.853816	8.691453
-0.647545	0.558484	0.855113	8.713092
-0.660426	0.545221	0.856405	8.734645
-0.673039	0.531654	0.857693	8.756208
-0.685437	0.517733	0.858995	8.777873
-0.697541	0.503529	0.860293	8.799529
-0.709390	0.488981	0.861590	8.821271
-0.720927	0.474167	0.862885	8.842996
-0.732180	0.459031	0.864174	8.864787
-0.743107	0.443641	0.865462	8.886561
-0.753666	0.428063	0.866747	8.908240
-0.763892	0.412246	0.868031	8.929904
-0.773486	0.396684	0.869275	8.950901
-0.782756	0.380911	0.870517	8.971885
-0.791673	0.364982	0.871755	8.992792
-0.800265	0.348842	0.872992	9.013704
-0.808477	0.332600	0.874218	9.034490
-0.816360	0.316158	0.875442	9.055287
-0.823896	0.299557	0.876663	9.076052
-0.831096	0.282767	0.877882	9.096830
-0.838024	0.265626	0.879114	9.117829
-0.844593	0.248331	0.880344	9.138812
-0.850852	0.230707	0.881575	9.159996
-0.856740	0.212943	0.882807	9.181164
-0.862230	0.195119	0.884032	9.202231
-0.867348	0.177168	0.885257	9.223286
-0.872074	0.159177	0.886482	9.244238
-0.876426	0.141074	0.887707	9.265182
-0.880295	0.123378	0.888899	9.285529
-0.883803	0.105596	0.890089	9.305863
-0.886949	0.087760	0.891280	9.326153
-0.889733	0.069835	0.892470	9.346449
-0.892133	0.051990	0.893646	9.366568
-0.894173	0.034065	0.894821	9.386699
-0.895854	0.016054	0.895998	9.406860
-0.897170	-0.002010	0.897172	9.427019
-0.898120	-0.020225	0.898348	9.447294
-0.898699	-0.038467	0.899522	9.467554
-0.898900	-0.056927	0.900701	9.488023
-0.898725	-0.075399	0.901882	9.508478
-0.898175	-0.093776	0.903057	9.528809
-0.897253	-0.112156	0.904235	9.549132
-0.895962	-0.130508	0.905417	9.569423
-0.894297	-0.148848	0.906600	9.589707
-0.892323	-0.166690	0.907758	9.609454
-0.889992	-0.184502	0.908915	9.629190
-0.887318	-0.202262	0.910078	9.648896
-0.884286	-0.219990	0.911240	9.668605
-0.880945	-0.237447	0.912384	9.688058
-0.877252	-0.254875	0.913528	9.707532
-0.873189	-0.272357	0.914679	9.727126
-0.868777	-0.289774	0.915829	9.746716
-0.864008	-0.307122	0.916970	9.766311
-0.858894	-0.324384	0.918108	9.785893
-0.853373	-0.341740	0.919256	9.805679
-0.847505	-0.358992	0.920402	9.825451
-0.841353	-0.375982	0.921541	9.845033
-0.834869	-0.392869	0.922688	9.864610
-0.828051	-0.409658	0.923844	9.884198
-0.820898	-0.426329	0.925003	9.903781
-0.813567	-0.442559	0.926148	9.922983
-0.805918	-0.458656	0.927291	9.942174
-0.797923	-0.474691	0.928446	9.961445
-0.789612	-0.490578	0.929599	9.980705
-0.781140	-0.506065	0.930743	9.999643
-0.772348	-0.521429	0.931885	10.018612
-0.763252	-0.536632	0.933021	10.037572
-0.753853	-0.551681	0.934155	10.056539
-0.744090	-0.566656	0.935291	10.075625
-0.734036	-0.581450	0.936425	10.094700
-0.723697	-0.596046	0.937554	10.113752
-0.713073	-0.610450	0.938681	10.132793
-0.702210	-0.624609	0.939806	10.151756
-0.691076	-0.638572	0.940936	10.170709
-0.679711	-0.652308	0.942078	10.189606
-0.668074	-0.665853	0.943230	10.208511
-0.656268	-0.679105	0.944389	10.227276
-0.644207	-0.692141	0.945548	10.246030
-0.631935	-0.704916	0.946704	10.264714
-0.619417	-0.717468	0.947859	10.283387
-0.606797	-0.729672	0.949012	10.301859
-0.593943	-0.741650	0.950164	10.320321
-0.580846	-0.753402	0.951313	10.338790
-0.567476	-0.764953	0.952461	10.357313
-0.553862	-0.776272	0.953604	10.375852
-0.540031	-0.787343	0.954747	10.394381
-0.526012	-0.798142	0.955887	10.412866
-0.511787	-0.808686	0.957026	10.431341
-0.497423	-0.818929	0.958162	10.449727
-0.482862	-0.828912	0.959297	10.468103
-0.468154	-0.838610	0.960435	10.486419
-0.453250	-0.848075	0.961596	10.504751
-0.438215	-0.857272	0.962782	10.523027
-0.423003	-0.866199	0.963967	10.541295
-0.407664	-0.874829	0.965150	10.559501
-0.392158	-0.883183	0.966334	10.577698
-0.376607	-0.891208	0.967515	10.595755
-0.360902	-0.898956	0.968696	10.613803
-0.345084	-0.906408	0.969875	10.631802
-0.329052	-0.913603	0.971054	10.649868
-0.312903	-0.920498	0.972226	10.667900
-0.296621	-0.927103	0.973398	10.685922
-0.280252	-0.933404	0.974568	10.703890
-0.263761	-0.939412	0.975738	10.721850
-0.247230	-0.945105	0.976906	10.739717
-0.230588	-0.950504	0.978074	10.757577
-0.213888	-0.955596	0.979240	10.775376
-0.197084	-0.960401	0.980414	10.793174
-0.180172	-0.964966	0.981642	10.810986
-0.163169	-0.969231	0.982870	10.828790
-0.146124	-0.973188	0.984097	10.846537
-0.128999	-0.976844	0.985325	10.864277
-0.111890	-0.980186	0.986552	10.881915
-0.094710	-0.983227	0.987778	10.899545
-0.077510	-0.985962	0.989004	10.917122
-0.060235	-0.988396	0.990230	10.934707
