time = 17.8499	Re = 1	40	80
0.147601	0.137269	0.201565	0.749144
0.158798	0.126681	0.203137	0.673367
0.170596	0.113546	0.204928	0.587255
0.181420	0.099168	0.206754	0.500244
0.190433	0.085429	0.208717	0.421693
0.198359	0.071014	0.210687	0.343790
0.204822	0.057464	0.212731	0.273526
0.210352	0.043357	0.214774	0.203269
0.218433	0.014726	0.218929	0.067313
0.222550	-0.014502	0.223022	-0.065073
0.223673	-0.038629	0.226984	-0.171015
0.222475	-0.062409	0.231063	-0.273491
0.220775	-0.081459	0.235324	-0.353471
0.217523	-0.100603	0.239660	-0.433194
0.214807	-0.115726	0.243997	-0.494160
0.211057	-0.130881	0.248344	-0.555082
0.204218	-0.156654	0.257382	-0.654349
0.202704	-0.172619	0.266244	-0.705412
0.200540	-0.188377	0.275140	-0.754136
0.214327	-0.197230	0.291265	-0.743880
0.240308	-0.188248	0.305263	-0.664514
0.255755	-0.177405	0.311261	-0.606453
0.271505	-0.163905	0.317143	-0.543127
0.288402	-0.143566	0.322160	-0.461884
0.303309	-0.122249	0.327018	-0.383134
0.316817	-0.096624	0.331224	-0.296024
0.322834	-0.082084	0.333106	-0.248986
0.328176	-0.067208	0.334987	-0.202000
0.332657	-0.051446	0.336612	-0.153436
0.336372	-0.035439	0.338234	-0.104970
0.338939	-0.019854	0.339520	-0.058511
0.340781	-0.004124	0.340806	-0.012100
0.341494	0.012297	0.341715	0.035995
0.341326	0.028688	0.342530	0.083853
0.339993	0.044187	0.342853	0.129239
0.337863	0.059574	0.343075	0.174532
0.334536	0.074918	0.342822	0.220311
0.330287	0.089865	0.342294	0.265652
0.325234	0.103890	0.341424	0.309187
0.319370	0.117541	0.340313	0.352654
0.312184	0.131896	0.338903	0.399748
0.304038	0.145391	0.337013	0.446057
0.295237	0.158772	0.335222	0.493411
0.285454	0.171414	0.332966	0.540785
0.273688	0.186180	0.331011	0.597356
0.261082	0.200249	0.329035	0.654290
0.246434	0.216077	0.327749	0.719857
0.230866	0.232097	0.327366	0.788059
0.212759	0.251066	0.329091	0.867801
0.193909	0.270542	0.332857	0.948923
0.184263	0.283456	0.338083	0.994380
0.173893	0.296208	0.343479	1.039944
0.164548	0.309599	0.350610	1.082278
0.154665	0.323048	0.358163	1.124277
0.144607	0.345116	0.374188	1.174010
0.136774	0.368462	0.393029	1.215358
0.127837	0.395778	0.415912	1.258373
0.124357	0.410775	0.429187	1.276829
0.120478	0.425801	0.442517	1.295059
0.118460	0.450375	0.465694	1.313596
0.117209	0.474486	0.488749	1.328622
0.113300	0.500926	0.513579	1.348359
0.106742	0.524287	0.535043	1.369946
0.103696	0.539731	0.549602	1.380985
0.100427	0.555523	0.564527	1.391949
0.098577	0.574903	0.583293	1.400980
0.097157	0.592489	0.600403	1.408261
0.097925	0.615334	0.623077	1.412978
0.099502	0.627940	0.635775	1.413645
0.101311	0.639653	0.647626	1.413717
0.102448	0.646847	0.654910	1.413720
0.100598	0.665164	0.672728	1.420696
0.085554	0.669170	0.674617	1.443635
0.065525	0.677617	0.680777	1.474398
0.089288	0.667075	0.673024	1.437737
0.078107	0.667664	0.672217	1.454340
0.063947	0.673899	0.676926	1.476188
0.049310	0.679701	0.681487	1.498376
0.071004	0.670876	0.674623	1.465352
0.089048	0.662921	0.668875	1.437269
0.085108	0.669543	0.674930	1.444361
0.098743	0.659412	0.666764	1.422157
0.089347	0.659960	0.665980	1.436232
0.066062	0.672403	0.675640	1.472862
0.050192	0.677261	0.679118	1.496821
0.031801	0.681299	0.682041	1.524154
0.059812	0.674772	0.677418	1.482387
0.081810	0.664292	0.669311	1.448259
0.095091	0.656371	0.663223	1.426924
0.094884	0.669754	0.676442	1.430063
0.089771	0.666631	0.672648	1.436937
0.083108	0.675576	0.680668	1.448394
0.090561	0.662334	0.668497	1.434909
0.097420	0.649076	0.656346	1.421818
0.092437	0.656786	0.663259	1.430973
0.085432	0.661242	0.666738	1.442308
0.060157	0.674914	0.677590	1.481898
0.035855	0.679570	0.680516	1.518084
0.011946	0.681746	0.681851	1.553275
0.030654	0.680100	0.680790	1.525754
0.049870	0.677515	0.679348	1.497322
0.069249	0.670111	0.673679	1.467822
0.085173	0.662284	0.667738	1.442893
0.096180	0.650206	0.657281	1.423940
0.099252	0.648898	0.656445	1.419018
0.097317	0.665535	0.672612	1.425601
0.083600	0.668045	0.673255	1.446303
0.064132	0.676735	0.679767	1.476312
0.084602	0.670090	0.675410	1.445206
0.070840	0.673546	0.677261	1.466007
0.053151	0.679818	0.681893	1.492771
0.073396	0.671328	0.675328	1.461899
0.089577	0.666046	0.672043	1.437108
0.094000	0.670355	0.676914	1.431480
0.097969	0.643375	0.650791	1.419684
0.096814	0.646564	0.653773	1.422164
0.094321	0.646826	0.653667	1.425996
0.092911	0.650261	0.656865	1.428874
0.073367	0.669042	0.673053	1.461574
0.053837	0.676241	0.678381	1.491351
0.026443	0.680209	0.680723	1.531941
0.011154	0.680838	0.680929	1.554415
-0.004881	0.681097	0.681114	1.577962
0.020702	0.680532	0.680847	1.540386
0.037723	0.678960	0.680007	1.515293
0.054777	0.676678	0.678892	1.490022
0.077065	0.666105	0.670549	1.455613
0.088337	0.658534	0.664433	1.437451
0.093139	0.652161	0.658778	1.428940
0.096312	0.649225	0.656330	1.423521
0.097042	0.642998	0.650280	1.421005
0.100075	0.645423	0.653135	1.416967
0.098863	0.658863	0.666239	1.421856
0.073757	0.673163	0.677191	1.461664
0.091556	0.668412	0.674653	1.434668
0.090981	0.662235	0.668456	1.434266
0.077449	0.667849	0.672325	1.455344
0.061475	0.675340	0.678133	1.480018
0.076063	0.670289	0.674591	1.457802
0.090262	0.665815	0.671905	1.436052
0.083708	0.664177	0.669431	1.445425
0.059554	0.675609	0.678229	1.482875
0.030374	0.682122	0.682798	1.526297
0.054311	0.676981	0.679156	1.490742
0.072406	0.669821	0.673723	1.463116
0.094628	0.659906	0.666656	1.428371
0.086378	0.670373	0.675915	1.442652
0.064818	0.676804	0.679901	1.475318
0.080687	0.669668	0.674511	1.450886
0.095153	0.664840	0.671615	1.428639
0.099477	0.652145	0.659689	1.419425
0.097317	0.639413	0.646777	1.419758
0.094160	0.635691	0.642627	1.423743
0.097017	0.642571	0.649854	1.420945
0.094953	0.642736	0.649712	1.424125
0.094544	0.646394	0.653272	1.425562
0.092810	0.652688	0.659254	1.429547
0.084946	0.661569	0.667000	1.443094
0.066505	0.671256	0.674542	1.472043
0.041279	0.678917	0.680171	1.510070
0.023591	0.680096	0.680505	1.536123
0.006544	0.680641	0.680672	1.561182
-0.018609	0.680213	0.680467	1.598148
-0.038016	0.676674	0.677741	1.626918
-0.049129	0.670080	0.671878	1.643984
-0.036895	0.676160	0.677166	1.625307
-0.021958	0.680096	0.680450	1.603072
0.005494	0.680634	0.680657	1.562724
0.035354	0.679473	0.680392	1.518811
0.055030	0.675067	0.677306	1.489458
0.070525	0.669771	0.673474	1.465885
0.089628	0.658060	0.664136	1.435430
0.094372	0.649257	0.656079	1.426454
0.095336	0.644344	0.651359	1.423904
0.097083	0.643227	0.650512	1.420996
0.093685	0.635268	0.642139	1.424379
0.096544	0.638362	0.645621	1.420697
0.100974	0.644945	0.652801	1.415495
0.098746	0.659365	0.666718	1.422142
0.075817	0.676541	0.680776	1.459196
0.096208	0.661388	0.668349	1.426345
0.082852	0.667480	0.672602	1.447301
0.096736	0.654886	0.661992	1.424143
0.084791	0.671671	0.677002	1.445221
0.091787	0.659219	0.665578	1.432449
0.079722	0.665299	0.670059	1.451536
0.053035	0.677915	0.679986	1.492722
0.028506	0.681206	0.681802	1.528975
0.005893	0.682831	0.682857	1.562166
0.022814	0.681588	0.681970	1.537336
0.039822	0.679775	0.680940	1.512282
0.057730	0.674994	0.677459	1.485478
0.073016	0.669412	0.673382	1.462151
0.094150	0.657845	0.664548	1.428643
0.099214	0.659515	0.666936	1.421481
0.084684	0.668896	0.674235	1.444864
0.070235	0.673136	0.676790	1.466832
0.052905	0.679249	0.681306	1.493065
0.073407	0.670300	0.674308	1.461717
0.090620	0.663785	0.669942	1.435116
0.085691	0.671255	0.676702	1.443824
0.101690	0.652761	0.660634	1.416255
0.097972	0.637883	0.645363	1.418397
0.096889	0.637520	0.644841	1.419973
0.094644	0.635732	0.642739	1.423007
0.094925	0.638946	0.645959	1.423310
0.095931	0.644425	0.651527	1.423018
0.093328	0.644182	0.650907	1.426919
0.092976	0.655611	0.662171	1.429919
0.085847	0.660462	0.666018	1.441541
0.073626	0.667477	0.671526	1.460936
0.057336	0.675363	0.677793	1.486102
0.034082	0.678944	0.679799	1.520640
0.012984	0.680539	0.680663	1.551719
0.000384	0.680394	0.680394	1.570233
-0.027115	0.679708	0.680249	1.610668
-0.045937	0.673054	0.674620	1.638942
-0.041887	0.666269	0.667584	1.633581
-0.036686	0.667133	0.668141	1.625732
-0.025463	0.671585	0.672068	1.608693
-0.018512	0.674688	0.674942	1.598228
-0.024460	0.677207	0.677648	1.606900
-0.030493	0.669341	0.670036	1.616321
-0.041038	0.665894	0.667157	1.632347
-0.045815	0.666408	0.667981	1.639437
-0.046795	0.671013	0.672643	1.640421
-0.026038	0.679746	0.680245	1.609084
-0.005880	0.680344	0.680370	1.579439
0.010311	0.680431	0.680510	1.555645
0.035934	0.679542	0.680492	1.517966
0.056557	0.674736	0.677102	1.487172
0.072519	0.668816	0.672736	1.462789
0.090379	0.657198	0.663383	1.434132
0.094280	0.648629	0.655446	1.426454
0.094519	0.643392	0.650298	1.424932
0.093903	0.639452	0.646311	1.424989
0.093450	0.636259	0.643085	1.424965
0.093234	0.633817	0.640638	1.424744
0.093610	0.632587	0.639476	1.423883
0.096526	0.636082	0.643365	1.420195
0.101836	0.646110	0.654087	1.414468
0.099682	0.660780	0.668257	1.421070
0.086711	0.668594	0.674193	1.441825
0.072728	0.676557	0.680455	1.463710
0.088745	0.667269	0.673145	1.438574
0.075568	0.669689	0.673939	1.458431
0.054012	0.678719	0.680865	1.491385
0.075338	0.669695	0.673919	1.458771
0.089809	0.666293	0.672319	1.436815
0.073606	0.675435	0.679433	1.462249
0.092766	0.668935	0.675337	1.432998
0.101108	0.649853	0.657671	1.416448
0.097451	0.663272	0.670393	1.424916
0.071923	0.676199	0.680013	1.464831
0.088360	0.671243	0.677034	1.439913
0.081015	0.668557	0.673448	1.450206
0.057820	0.678799	0.681257	1.485822
0.072629	0.672686	0.676596	1.463245
0.086982	0.666706	0.672356	1.441064
0.097046	0.667842	0.674857	1.426494
0.098758	0.645247	0.652761	1.418920
0.096690	0.644847	0.652055	1.421963
0.095636	0.648424	0.655439	1.424362
0.091629	0.656863	0.663223	1.432197
0.067936	0.671404	0.674832	1.469955
0.048447	0.677322	0.679053	1.499391
0.024402	0.681064	0.681501	1.534982
0.047648	0.677471	0.679144	1.500580
0.066799	0.671915	0.675227	1.471707
0.091168	0.657392	0.663684	1.432994
0.095706	0.648879	0.655899	1.424358
0.097499	0.646135	0.653450	1.421031
0.094875	0.660265	0.667047	1.428081
0.076530	0.676788	0.681101	1.458196
0.088720	0.666432	0.672311	1.438448
0.098148	0.668471	0.675638	1.425014
0.099080	0.656169	0.663608	1.420931
0.091128	0.658738	0.665012	1.433331
0.071319	0.669737	0.673524	1.464707
0.055749	0.675331	0.677628	1.488432
0.036404	0.680010	0.680984	1.517312
0.013782	0.681659	0.681798	1.550581
-0.008566	0.682066	0.682120	1.583354
0.012315	0.681706	0.681817	1.552734
0.032638	0.680393	0.681176	1.522864
0.048783	0.677020	0.678775	1.498865
0.063778	0.673170	0.676184	1.476335
0.086766	0.661611	0.667276	1.440397
0.097542	0.653163	0.660406	1.422554
0.102322	0.662295	0.670153	1.417512
0.087069	0.666132	0.671798	1.440825
0.062636	0.674857	0.677758	1.478248
0.089655	0.662546	0.668584	1.436294
0.094605	0.666798	0.673475	1.429858
0.077878	0.671778	0.676277	1.455383
0.095829	0.660386	0.667302	1.426692
0.101339	0.649369	0.657229	1.415987
0.097161	0.636342	0.643717	1.419280
0.093815	0.631755	0.638683	1.423375
0.093517	0.633190	0.640059	1.424165
0.093987	0.636278	0.643182	1.424144
0.094877	0.640659	0.647646	1.423772
0.095594	0.646612	0.653640	1.424021
0.090389	0.658161	0.664339	1.434315
0.081686	0.663255	0.668266	1.448255
0.059773	0.674490	0.677133	1.482408
0.039489	0.678228	0.679376	1.512638
0.018925	0.680365	0.680628	1.542988
0.004843	0.680366	0.680383	1.563678
-0.017012	0.679970	0.680183	1.595810
-0.040565	0.675541	0.676758	1.630772
-0.047717	0.668784	0.670484	1.642025
-0.043392	0.666077	0.667489	1.635850
-0.034970	0.667925	0.668840	1.623105
-0.021299	0.674152	0.674489	1.602379
-0.017247	0.677533	0.677753	1.596247
-0.040758	0.674680	0.675910	1.631134
-0.020776	0.678723	0.679041	1.601396
-0.018798	0.678902	0.679162	1.598479
-0.010232	0.678546	0.678623	1.585874
-0.003336	0.677246	0.677254	1.575722
-0.011347	0.675561	0.675656	1.587591
-0.021763	0.672041	0.672393	1.603169
-0.044118	0.662197	0.663665	1.637322
-0.060289	0.646750	0.649554	1.663746
-0.073468	0.633691	0.637936	1.686218
-0.089380	0.619429	0.625844	1.714101
-0.102441	0.608863	0.617420	1.737485
-0.115519	0.597924	0.608981	1.761645
-0.103370	0.608202	0.616924	1.739148
-0.090977	0.618129	0.624788	1.716928
-0.076841	0.630740	0.635404	1.692026
-0.065671	0.641628	0.644980	1.672792
-0.053524	0.653300	0.655489	1.652543
-0.037419	0.663983	0.665036	1.627093
-0.019944	0.672390	0.672686	1.600450
-0.007153	0.676344	0.676381	1.581372
-0.009883	0.678221	0.678293	1.585367
-0.026423	0.673604	0.674122	1.610003
-0.038129	0.673035	0.674114	1.627389
-0.022344	0.678861	0.679229	1.603698
-0.021804	0.678540	0.678890	1.602919
-0.019585	0.678049	0.678332	1.599672
-0.029487	0.677739	0.678380	1.614277
-0.021514	0.673985	0.674329	1.602706
-0.040326	0.666401	0.667620	1.631235
-0.047685	0.668122	0.669822	1.642048
-0.039099	0.676806	0.677934	1.628502
-0.019888	0.679863	0.680154	1.600041
0.000843	0.680237	0.680238	1.569557
0.022442	0.680097	0.680467	1.537809
0.039275	0.678079	0.679215	1.512940
0.055883	0.675399	0.677707	1.488243
0.083006	0.663335	0.668508	1.446308
0.094981	0.649781	0.656687	1.425650
0.095351	0.642846	0.649879	1.423543
0.094583	0.638244	0.645214	1.423674
0.094445	0.635335	0.642316	1.423223
0.096207	0.636196	0.643430	1.420712
0.093071	0.628145	0.635003	1.423698
0.097142	0.635119	0.642505	1.419021
0.102565	0.651657	0.659679	1.414685
0.092917	0.670338	0.676747	1.433062
0.087124	0.664180	0.669870	1.440366
0.084186	0.671805	0.677059	1.446133
0.095362	0.657087	0.663971	1.426674
0.093674	0.667245	0.673789	1.431319
0.080381	0.676338	0.681098	1.452504
0.093387	0.662780	0.669326	1.430815
0.099856	0.649907	0.657533	1.418343
0.096611	0.651553	0.658677	1.423590
0.090581	0.657955	0.664161	1.433985
0.069255	0.670633	0.674200	1.467893
0.052643	0.676096	0.678142	1.493089
0.031190	0.680275	0.680990	1.524979
0.005114	0.681350	0.681369	1.563291
-0.013102	0.681116	0.681242	1.590030
-0.033938	0.679624	0.680471	1.620691
-0.005606	0.681264	0.681287	1.579025
0.010586	0.681314	0.681396	1.555260
0.031201	0.680136	0.680851	1.524954
0.053978	0.677487	0.679634	1.491290
0.075918	0.667056	0.671362	1.457473
0.088353	0.659183	0.665078	1.437557
0.093246	0.652871	0.659497	1.428932
0.095260	0.648325	0.655286	1.424907
0.098257	0.648571	0.655972	1.420442
0.097054	0.665149	0.672193	1.425906
0.082980	0.667747	0.672883	1.447161
0.061361	0.677902	0.680673	1.480527
0.086723	0.670185	0.675773	1.442110
0.058405	0.679453	0.681959	1.485049
0.072856	0.673307	0.677238	1.463009
0.086950	0.667120	0.672762	1.441191
0.100909	0.662958	0.670594	1.419745
0.097532	0.643234	0.650586	1.420314
0.096571	0.646700	0.653871	1.422563
0.094232	0.647132	0.653957	1.426197
0.084562	0.662715	0.668089	1.443883
0.063627	0.672925	0.675927	1.476523
0.035208	0.679448	0.680360	1.519023
0.018053	0.680618	0.680857	1.544279
0.001165	0.681214	0.681215	1.569086
0.021042	0.680485	0.680811	1.539884
0.042626	0.678625	0.679963	1.508066
0.063462	0.672346	0.675334	1.476686
0.080772	0.664391	0.669283	1.449818
0.092863	0.656375	0.662912	1.430250
0.094270	0.644932	0.651785	1.425653
0.096525	0.644924	0.652107	1.422230
0.096735	0.641566	0.648818	1.421143
0.099508	0.643890	0.651533	1.417467
0.099080	0.657739	0.665160	1.421284
0.088052	0.665513	0.671313	1.439254
0.071899	0.674507	0.678328	1.464602
0.091818	0.667740	0.674023	1.434148
0.088376	0.662398	0.668267	1.438161
0.069638	0.671287	0.674889	1.467427
0.046516	0.680107	0.681696	1.502508
0.060954	0.674501	0.677249	1.480673
0.074972	0.668533	0.672724	1.459119
0.092165	0.660911	0.667306	1.432238
0.093006	0.668861	0.675296	1.432631
0.081565	0.675087	0.679997	1.450557
0.097831	0.653516	0.660798	1.422201
0.092139	0.657299	0.663725	1.431526
0.070060	0.670523	0.674173	1.466689
0.051577	0.676974	0.678936	1.494755
0.027750	0.681443	0.682008	1.530096
0.047970	0.677689	0.679385	1.500129
0.065145	0.672742	0.675889	1.474262
0.089665	0.659277	0.665347	1.435620
0.096890	0.653660	0.660802	1.423641
0.090505	0.672527	0.678589	1.437026
0.087233	0.666235	0.671922	1.440603
0.072023	0.671441	0.675292	1.463939
0.054947	0.678132	0.680354	1.489946
0.059232	0.678462	0.681042	1.483714
0.083613	0.667380	0.672597	1.446160
0.095674	0.666945	0.673772	1.428317
0.098838	0.648327	0.655817	1.419511
0.095798	0.647373	0.654422	1.423882
0.094035	0.651550	0.658301	1.427461
0.089373	0.658410	0.664448	1.435880
0.074772	0.667671	0.671844	1.459271
0.060878	0.673385	0.676131	1.480635
0.046723	0.678793	0.680399	1.502073
0.023524	0.680799	0.681205	1.536257
0.003022	0.681454	0.681461	1.566362
-0.020935	0.680854	0.681176	1.601535
-0.036893	0.677352	0.678356	1.625210
-0.050375	0.671611	0.673497	1.645663
-0.033051	0.679755	0.680558	1.619380
-0.003990	0.681368	0.681380	1.576653
0.020195	0.681111	0.681410	1.541154
0.039851	0.678750	0.679919	1.512152
0.058687	0.675149	0.677695	1.484089
0.075303	0.667163	0.671399	1.458402
0.087591	0.660660	0.666441	1.438983
0.096901	0.651830	0.658994	1.423217
0.094284	0.671460	0.678047	1.431293
0.084226	0.670092	0.675364	1.445758
0.063166	0.677552	0.680490	1.477838
0.084487	0.669996	0.675302	1.445358
0.095708	0.660231	0.667132	1.426838
0.085870	0.663710	0.669241	1.442132
0.068136	0.672055	0.675501	1.469758
0.046649	0.678967	0.680568	1.502199
0.020403	0.683101	0.683406	1.540937
0.039070	0.680325	0.681446	1.513430
0.056930	0.676704	0.679095	1.486866
0.072989	0.669218	0.673187	1.462160
0.086880	0.662413	0.668086	1.440384
0.091044	0.668767	0.674936	1.435492
0.069437	0.673425	0.676996	1.468049
0.091773	0.666155	0.672447	1.433893
0.102093	0.663918	0.671722	1.418218
0.100496	0.644189	0.651981	1.416040
0.095405	0.629765	0.636951	1.420446
0.094915	0.630546	0.637650	1.421390
0.091686	0.625766	0.632447	1.425314
0.091175	0.626002	0.632607	1.426167
0.090449	0.626095	0.632595	1.427324
0.096604	0.638577	0.645843	1.420654
0.092592	0.633884	0.640611	1.425751
0.091483	0.634103	0.640668	1.427513
0.096980	0.645471	0.652716	1.421665
0.094773	0.647317	0.654218	1.425421
0.092431	0.652443	0.658958	1.430064
0.086685	0.659645	0.665317	1.440133
0.073524	0.667651	0.671687	1.461114
0.052594	0.676615	0.678656	1.493221
0.025488	0.679568	0.680046	1.533308
0.005160	0.680265	0.680284	1.563211
-0.021868	0.679803	0.680155	1.602953
-0.046273	0.672481	0.674071	1.639497
-0.040995	0.667584	0.668842	1.632127
-0.034818	0.668262	0.669168	1.622852
-0.023789	0.672943	0.673364	1.606132
-0.018674	0.676262	0.676520	1.598403
-0.019034	0.677855	0.678122	1.598868
-0.036127	0.676956	0.677920	1.624113
-0.042291	0.674250	0.675575	1.633438
-0.029068	0.676302	0.676927	1.613750
-0.046365	0.670342	0.671943	1.639852
-0.041117	0.675305	0.676556	1.631608
-0.038276	0.669726	0.670819	1.627886
-0.026751	0.672194	0.672726	1.610572
-0.039048	0.668456	0.669595	1.629145
-0.044198	0.671612	0.673064	1.636511
-0.022681	0.679414	0.679792	1.604167
0.004485	0.679261	0.679276	1.564194
-0.004686	0.678369	0.678385	1.577703
-0.005860	0.676605	0.676631	1.579458
-0.023480	0.671159	0.671570	1.605767
-0.044332	0.660059	0.661546	1.637859
-0.059851	0.646046	0.648812	1.663174
-0.071226	0.636045	0.640020	1.682314
-0.082202	0.625882	0.631257	1.701387
-0.095953	0.613726	0.621182	1.725886
-0.114305	0.598331	0.609152	1.759561
-0.128475	0.586249	0.600162	1.786533
-0.148108	0.571227	0.590115	1.824491
-0.161932	0.561337	0.584227	1.851647
-0.175546	0.551490	0.578755	1.878967
-0.160690	0.562416	0.584921	1.849096
-0.144457	0.573721	0.591628	1.817459
-0.132050	0.583527	0.598281	1.793344
-0.118551	0.593252	0.604982	1.768031
-0.106668	0.603567	0.612920	1.745720
-0.094520	0.613780	0.621015	1.723592
-0.079823	0.627035	0.632096	1.697418
-0.067178	0.639188	0.642708	1.675511
-0.050932	0.655914	0.657888	1.648292
-0.037114	0.663829	0.664866	1.626648
-0.022803	0.671088	0.671475	1.604763
-0.008717	0.675542	0.675598	1.583699
0.001876	0.677340	0.677342	1.568027
-0.009413	0.678759	0.678824	1.584664
-0.024444	0.677668	0.678109	1.606852
-0.039430	0.676176	0.677325	1.629043
-0.042108	0.667436	0.668763	1.633801
-0.046505	0.669723	0.671336	1.640124
-0.046054	0.669541	0.671123	1.639472
-0.045245	0.669201	0.670728	1.638304
-0.032380	0.677864	0.678637	1.618528
-0.019783	0.677780	0.678068	1.599976
-0.018820	0.676117	0.676379	1.598625
-0.022478	0.674036	0.674410	1.604132
-0.043083	0.666079	0.667471	1.635388
-0.045847	0.672893	0.674453	1.638826
-0.022391	0.679761	0.680130	1.603724
0.004730	0.680183	0.680200	1.563842
0.019495	0.680028	0.680308	1.542137
0.039759	0.678007	0.679172	1.512222
0.059835	0.674421	0.677070	1.482308
0.083668	0.661867	0.667135	1.445051
0.091515	0.657269	0.663609	1.432450
0.093536	0.645128	0.651873	1.426811
0.096424	0.645698	0.652858	1.422559
0.096684	0.641084	0.648333	1.421111
0.089492	0.628074	0.634418	1.429263
0.090971	0.628539	0.635088	1.427060
0.091643	0.628290	0.634939	1.425956
0.094795	0.632278	0.639345	1.421978
0.093687	0.627923	0.634874	1.422688
0.093519	0.626057	0.633003	1.422516
0.094747	0.627457	0.634570	1.420928
0.100434	0.643112	0.650907	1.415878
0.096972	0.657586	0.664698	1.424385
0.091641	0.672723	0.678936	1.435406
0.089562	0.668719	0.674690	1.437658
0.064298	0.674912	0.677968	1.475815
0.085398	0.670900	0.676314	1.444188
0.092904	0.659055	0.665571	1.430753
0.082731	0.663756	0.668892	1.446795
0.069163	0.670677	0.674234	1.468036
0.055040	0.677376	0.679609	1.489720
0.030355	0.681208	0.681884	1.526265
0.006708	0.683144	0.683177	1.560978
0.026280	0.681558	0.682064	1.532256
0.046437	0.678979	0.680565	1.502510
0.066812	0.671723	0.675038	1.471659
0.084315	0.663260	0.668598	1.444353
0.099186	0.666057	0.673402	1.422967
0.084604	0.667487	0.672827	1.444719
0.056939	0.677740	0.680127	1.486980
0.061058	0.677598	0.680344	1.480930
0.086177	0.666572	0.672120	1.442225
0.097984	0.666132	0.673300	1.424750
0.098622	0.646801	0.654276	1.419485
0.095928	0.647582	0.654648	1.423733
0.092447	0.655832	0.662315	1.430757
0.069194	0.670801	0.674360	1.468008
0.048685	0.677136	0.678884	1.499021
0.023274	0.680789	0.681187	1.536623
0.008375	0.681049	0.681100	1.558500
-0.009075	0.680953	0.681013	1.584122
-0.034459	0.678967	0.679841	1.621504
-0.048724	0.671994	0.673758	1.643176
-0.051067	0.664113	0.666074	1.647540
-0.049686	0.669115	0.670958	1.644917
-0.036157	0.678575	0.679537	1.624030
-0.018517	0.680639	0.680891	1.597996
-0.000374	0.681134	0.681134	1.571346
0.024973	0.680537	0.680995	1.534117
0.043496	0.678438	0.679831	1.506772
0.059869	0.675462	0.678110	1.482393
0.081201	0.664069	0.669015	1.449122
0.090066	0.657736	0.663874	1.434710
0.093709	0.652209	0.658907	1.428093
0.095076	0.647834	0.654774	1.425077
0.095558	0.644732	0.651775	1.423654
0.096062	0.642877	0.650014	1.422469
0.099445	0.645961	0.653571	1.418047
0.094330	0.658629	0.665349	1.428542
0.080941	0.673398	0.678245	1.451173
0.093581	0.664900	0.671453	1.430971
0.079154	0.666988	0.671669	1.452676
0.065512	0.673332	0.676511	1.473806
0.051610	0.679374	0.681332	1.494975
0.052539	0.678435	0.680466	1.493508
0.073024	0.669171	0.673143	1.462101
0.088288	0.661303	0.667170	1.438075
0.097874	0.662262	0.669455	1.424072
0.086331	0.666861	0.672426	1.442053
0.102474	0.662780	0.670655	1.417399
0.093878	0.656170	0.662852	1.428691
0.086980	0.660397	0.666101	1.439842
0.074315	0.667792	0.671914	1.459968
0.056029	0.676624	0.678940	1.488177
0.028272	0.680629	0.681215	1.529282
0.003875	0.682124	0.682135	1.565116
0.021856	0.681250	0.681601	1.538724
0.040303	0.679638	0.680832	1.511565
0.063406	0.673148	0.676128	1.476880
0.082479	0.664244	0.669345	1.447259
0.093040	0.668420	0.674864	1.432491
0.103002	0.659079	0.667079	1.415769
0.096905	0.645204	0.652441	1.421718
0.095675	0.647298	0.654330	1.424052
0.094010	0.652085	0.658827	1.427614
0.088340	0.659443	0.665333	1.437627
0.070999	0.669604	0.673357	1.465160
0.043008	0.679389	0.680749	1.507577
0.017073	0.681095	0.681309	1.545735
-0.004549	0.681235	0.681250	1.577473
-0.025107	0.680448	0.680911	1.607678
-0.042672	0.676210	0.677555	1.633817
-0.046922	0.670262	0.671902	1.640687
-0.052022	0.664184	0.666218	1.648961
-0.047044	0.673657	0.675298	1.640516
-0.031097	0.679839	0.680550	1.616507
-0.007806	0.681138	0.681182	1.582256
0.011654	0.681170	0.681270	1.553689
0.030224	0.680509	0.681180	1.526412
0.047494	0.677180	0.678844	1.500776
0.063107	0.673209	0.676160	1.477329
0.086276	0.661149	0.666755	1.441036
0.094405	0.651406	0.658212	1.426873
0.096232	0.646459	0.653582	1.423022
0.099655	0.648401	0.656014	1.418296
0.097499	0.667720	0.674801	1.425803
0.089139	0.661985	0.667959	1.436947
0.078857	0.668878	0.673510	1.453444
0.059988	0.679580	0.682223	1.482752
0.086077	0.668885	0.674401	1.442812
0.101665	0.664555	0.672286	1.418992
0.101258	0.644208	0.652117	1.414890
0.094685	0.626591	0.633705	1.420820
0.093372	0.624812	0.631750	1.422454
0.093243	0.625840	0.632748	1.422896
0.093938	0.628930	0.635906	1.422531
0.091044	0.624889	0.631487	1.426117
0.095328	0.634370	0.641493	1.421641
0.093053	0.632397	0.639206	1.424701
0.092439	0.633397	0.640107	1.425878
0.092302	0.635251	0.641922	1.426505
0.092363	0.637501	0.644157	1.426915
0.092573	0.640001	0.646661	1.427148
0.092559	0.642554	0.649186	1.427732
0.091511	0.657920	0.664254	1.432592
0.075386	0.667411	0.671655	1.458321
0.059993	0.673269	0.675937	1.481924
0.041604	0.678229	0.679504	1.509531
0.026639	0.679361	0.679883	1.531605
0.011644	0.680162	0.680261	1.553679
-0.005260	0.680126	0.680147	1.578531
-0.023044	0.679350	0.679741	1.604704
-0.039721	0.676372	0.677538	1.629456
-0.047837	0.668727	0.670435	1.642209
-0.042776	0.666129	0.667501	1.634924
-0.024259	0.673679	0.674115	1.606791
-0.020236	0.675426	0.675729	1.600748
-0.020061	0.677413	0.677710	1.600402
-0.042691	0.673351	0.674703	1.634113
-0.044530	0.672118	0.673591	1.636953
-0.044067	0.668476	0.669927	1.636622
-0.032969	0.676060	0.676864	1.619524
-0.029881	0.670719	0.671384	1.615317
-0.029096	0.670938	0.671568	1.614135
-0.035167	0.668602	0.669526	1.623346
-0.034756	0.674700	0.675595	1.622264
-0.042967	0.670430	0.671805	1.634798
-0.035501	0.674774	0.675707	1.623360
-0.043258	0.667172	0.668573	1.635544
-0.032290	0.676030	0.676801	1.618525
-0.040111	0.674244	0.675436	1.630217
-0.043489	0.670278	0.671688	1.635588
-0.026312	0.677523	0.678033	1.609613
-0.025665	0.675867	0.676354	1.608752
-0.033001	0.670485	0.671297	1.619976
-0.047204	0.669364	0.671026	1.641200
-0.035450	0.677721	0.678648	1.623056
-0.016447	0.679542	0.679741	1.594994
0.002684	0.679643	0.679648	1.566848
0.025340	0.678382	0.678855	1.533460
0.016614	0.678578	0.678782	1.546317
0.020057	0.677756	0.678053	1.541212
-0.004702	0.677927	0.677943	1.577732
-0.014455	0.674586	0.674741	1.592220
-0.026740	0.669185	0.669719	1.610734
-0.043642	0.661086	0.662525	1.636716
-0.064029	0.639957	0.643152	1.670516
-0.080379	0.625593	0.630736	1.698580
-0.092412	0.614415	0.621326	1.720084
-0.111574	0.598256	0.608571	1.755177
-0.127059	0.585494	0.599122	1.784494
-0.147267	0.570054	0.588769	1.823608
-0.168720	0.554839	0.579925	1.866000
-0.188748	0.540566	0.572571	1.906729
-0.210586	0.525026	0.565685	1.952248
-0.229628	0.510737	0.559983	1.993319
-0.243720	0.500117	0.556342	2.024253
-0.256943	0.489475	0.552816	2.054193
-0.270482	0.478839	0.549952	2.084985
-0.283408	0.468114	0.547221	2.115195
-0.295005	0.458304	0.545041	2.142722
-0.306249	0.448228	0.542859	2.170187
-0.290697	0.461971	0.545823	2.132449
-0.273751	0.476020	0.549122	2.092694
-0.251591	0.493851	0.554245	2.041974
-0.239044	0.503516	0.557378	2.014040
-0.226093	0.513005	0.560618	1.985908
-0.204130	0.529042	0.567057	1.939043
-0.179870	0.546231	0.575084	1.888906
-0.158085	0.562033	0.583843	1.844986
-0.144914	0.571971	0.590043	1.818934
-0.131191	0.581685	0.596295	1.792621
-0.113071	0.596317	0.606942	1.758187
-0.099355	0.608584	0.616641	1.732624
-0.080573	0.624367	0.629545	1.699134
-0.068031	0.636461	0.640087	1.677282
-0.051292	0.653040	0.655051	1.649179
-0.032953	0.665905	0.666720	1.620242
-0.014876	0.673701	0.673866	1.592873
-0.007184	0.676996	0.677034	1.581408
0.014711	0.677276	0.677436	1.549078
0.014395	0.678230	0.678383	1.549575
0.025267	0.678044	0.678515	1.533549
0.009070	0.679494	0.679555	1.557449
-0.011071	0.679644	0.679734	1.587085
-0.035561	0.677720	0.678652	1.623219
-0.045328	0.667980	0.669516	1.638551
-0.034665	0.668592	0.669490	1.622598
-0.042446	0.667079	0.668428	1.634341
-0.037786	0.673436	0.674495	1.626847
-0.041688	0.669323	0.670620	1.632999
-0.029497	0.671991	0.672638	1.614664
-0.037229	0.670002	0.671036	1.626304
-0.039370	0.673202	0.674352	1.629212
-0.021549	0.675758	0.676101	1.602674
-0.027264	0.671900	0.672453	1.611351
-0.040160	0.667886	0.669092	1.630854
-0.042750	0.671730	0.673089	1.634353
-0.033721	0.678334	0.679171	1.620467
-0.015554	0.679624	0.679802	1.593678
0.002529	0.679666	0.679671	1.567076
0.019817	0.678940	0.679229	1.541617
0.029340	0.677804	0.678439	1.527536
0.001248	0.679080	0.679081	1.568959
-0.005383	0.677509	0.677531	1.578741
-0.010052	0.675003	0.675078	1.585688
-0.026940	0.669042	0.669584	1.611042
-0.051068	0.653726	0.655718	1.648756
-0.069930	0.634851	0.638691	1.680506
-0.082954	0.622383	0.627887	1.703301
-0.099185	0.608636	0.616665	1.732338
-0.112387	0.596750	0.607241	1.756947
-0.128570	0.584403	0.598379	1.787349
-0.144423	0.572561	0.590495	1.817882
-0.165972	0.556542	0.580763	1.860619
-0.147970	0.569818	0.588717	1.824864
-0.129373	0.583380	0.597553	1.789030
-0.109587	0.599550	0.609483	1.751583
-0.093532	0.614167	0.621248	1.721926
-0.078737	0.628054	0.632970	1.695513
-0.065273	0.641473	0.644786	1.672202
-0.046709	0.660792	0.662441	1.641365
-0.024390	0.670918	0.671362	1.607133
-0.012842	0.675080	0.675203	1.589818
-0.002513	0.676925	0.676930	1.574508
0.008627	0.677677	0.677732	1.558066
0.017647	0.677857	0.678087	1.544768
0.025204	0.677753	0.678221	1.533626
0.028433	0.677868	0.678464	1.528877
0.008421	0.679321	0.679373	1.558400
-0.009661	0.679575	0.679643	1.585011
-0.030255	0.678974	0.679648	1.615327
-0.013242	0.679673	0.679802	1.590277
0.003403	0.679728	0.679736	1.565790
0.019053	0.679315	0.679582	1.542756
-0.005529	0.679869	0.679891	1.578928
-0.029341	0.678943	0.679577	1.613985
-0.045141	0.672874	0.674387	1.637782
-0.044960	0.667152	0.668665	1.638086
-0.031838	0.671373	0.672128	1.618183
-0.023685	0.675680	0.676095	1.605835
-0.030580	0.677285	0.677975	1.615916
-0.039038	0.675128	0.676256	1.628555
-0.036369	0.674835	0.675815	1.624637
-0.022591	0.674431	0.674809	1.604280
-0.037931	0.667541	0.668617	1.627557
-0.047466	0.669126	0.670808	1.641616
-0.030027	0.679110	0.679774	1.614982
-0.010933	0.679837	0.679925	1.586877
0.006485	0.679856	0.679887	1.561258
0.033781	0.678253	0.679094	1.521031
0.038766	0.677487	0.678595	1.513638
0.031922	0.678092	0.678843	1.523755
0.020570	0.678797	0.679109	1.540502
0.028460	0.677759	0.678356	1.528830
-0.000709	0.678914	0.678915	1.571840
-0.009574	0.676641	0.676708	1.584945
-0.021124	0.671810	0.672142	1.602230
-0.039790	0.662011	0.663206	1.630829
-0.054856	0.649466	0.651779	1.655060
-0.069477	0.635493	0.639279	1.679692
-0.081261	0.624025	0.629293	1.700289
-0.096486	0.611135	0.618705	1.727384
-0.109217	0.599611	0.609477	1.750968
-0.122709	0.589073	0.601718	1.776168
-0.135614	0.579023	0.594692	1.800862
-0.153631	0.565033	0.585547	1.836276
-0.165970	0.556219	0.580453	1.860775
-0.177946	0.547154	0.575363	1.885228
-0.194434	0.535468	0.569676	1.919102
-0.209869	0.523959	0.564427	1.951773
-0.226319	0.512340	0.560101	1.986757
-0.241461	0.500825	0.555994	2.020043
-0.256159	0.489718	0.552667	2.052733
-0.269716	0.478671	0.549430	2.083922
-0.285799	0.465545	0.546272	2.121376
-0.300702	0.452590	0.543378	2.157231
-0.313427	0.441139	0.541147	2.188531
-0.325580	0.429566	0.539007	2.219352
-0.338484	0.417291	0.537311	2.252297
-0.350684	0.404960	0.535698	2.284490
-0.370519	0.383379	0.533164	2.339137
-0.357473	0.397742	0.534776	2.302924
-0.343102	0.412478	0.536523	2.264633
-0.327275	0.428021	0.538805	2.223591
-0.309783	0.444038	0.541420	2.179944
-0.292018	0.459908	0.544784	2.136518
-0.271505	0.476849	0.548726	2.088392
-0.259075	0.487234	0.551831	2.059501
-0.246012	0.497511	0.555013	2.030022
-0.228523	0.510909	0.559688	1.991391
-0.209495	0.524634	0.564916	1.950714
-0.229270	0.510304	0.559442	1.993052
-0.247486	0.496293	0.554577	2.033378
-0.260167	0.486262	0.551487	2.062078
-0.272229	0.476067	0.548405	2.090244
-0.290422	0.461050	0.544897	2.132922
-0.306632	0.446646	0.541771	2.172419
-0.321216	0.433288	0.539368	2.208736
-0.334605	0.420163	0.537120	2.243319
-0.347709	0.407214	0.535467	2.277535
-0.360003	0.394282	0.533911	2.310780
-0.379321	0.372248	0.531463	2.365605
-0.389429	0.360420	0.530620	2.394861
-0.399099	0.348401	0.529776	2.423914
-0.415214	0.326825	0.528410	2.474753
-0.402243	0.344113	0.529352	2.433921
-0.387469	0.362229	0.530417	2.389848
-0.399957	0.346877	0.529424	2.427148
-0.411356	0.331801	0.528494	2.462839
-0.420518	0.318936	0.527784	2.492714
-0.429153	0.305966	0.527056	2.522227
-0.441470	0.287073	0.526599	2.565031
-0.452059	0.269192	0.526138	2.604504
-0.460937	0.253217	0.525910	2.639246
-0.468817	0.237671	0.525620	2.672393
-0.461927	0.251060	0.525745	2.643748
-0.454651	0.264248	0.525865	2.615103
-0.446002	0.278999	0.526078	2.582594
-0.436580	0.293859	0.526266	2.549154
-0.446168	0.278439	0.525922	2.583664
-0.454793	0.263344	0.525534	2.616727
-0.468507	0.236836	0.524967	2.673545
-0.477738	0.217719	0.525009	2.713984
-0.485690	0.199356	0.525012	2.752103
-0.492013	0.183363	0.525071	2.784858
-0.497604	0.167602	0.525071	2.816709
-0.488548	0.190915	0.524527	2.769059
-0.496937	0.168410	0.524698	2.814844
-0.503643	0.147477	0.524791	2.856734
-0.510887	0.122181	0.525294	2.906846
-0.516294	0.098909	0.525683	2.952311
-0.517271	0.090751	0.525171	2.967919
-0.521021	0.069482	0.525633	3.009017
-0.523621	0.049606	0.525965	3.047138
-0.526486	0.020666	0.526891	3.102360
-0.527566	-0.004786	0.527587	3.150663
-0.526734	-0.000666	0.526735	3.142857
-0.526989	-0.021279	0.527419	3.181949
-0.526405	-0.040600	0.527969	3.218567
-0.524697	-0.068576	0.529159	3.271552
-0.521808	-0.094083	0.530222	3.319979
-0.522576	-0.082000	0.528971	3.297238
-0.519915	-0.102288	0.529882	3.335852
-0.516607	-0.121461	0.530694	3.372512
-0.511004	-0.148964	0.532274	3.425244
-0.504679	-0.173540	0.533683	3.472789
-0.505109	-0.169275	0.532719	3.464955
-0.500021	-0.186850	0.533792	3.499209
-0.494469	-0.203886	0.534854	3.532686
-0.486490	-0.226487	0.536627	3.577305
-0.478147	-0.247322	0.538324	3.618946
-0.480398	-0.240102	0.537058	3.605079
-0.469083	-0.265890	0.539200	3.657265
-0.458254	-0.288785	0.541658	3.703913
-0.447270	-0.309808	0.544088	3.747378
-0.450550	-0.302314	0.542576	3.732581
-0.441622	-0.318713	0.544617	3.766726
-0.432368	-0.334663	0.546755	3.800292
-0.423697	-0.348805	0.548802	3.830345
-0.414758	-0.362682	0.550965	3.860107
-0.416432	-0.359030	0.549835	3.853102
-0.406613	-0.373954	0.552427	3.885176
-0.396508	-0.388592	0.555177	3.916909
-0.387261	-0.401413	0.557767	3.944933
-0.377835	-0.413956	0.560463	3.972578
-0.380138	-0.409884	0.559026	3.964624
-0.370305	-0.422861	0.562083	3.993155
-0.360297	-0.435578	0.565281	4.021299
-0.341916	-0.457990	0.571543	4.071095
-0.337882	-0.462056	0.572416	4.080992
-0.320463	-0.482467	0.579199	4.126083
-0.303643	-0.501481	0.586244	4.167941
-0.299293	-0.505664	0.587598	4.177961
-0.283286	-0.523570	0.595295	4.216431
-0.267415	-0.540916	0.603408	4.253252
-0.254490	-0.554781	0.610366	4.282305
-0.242748	-0.567701	0.617423	4.308319
-0.230781	-0.580671	0.624851	4.334092
-0.225002	-0.586511	0.628189	4.346076
-0.209173	-0.604189	0.639373	4.379100
-0.192320	-0.622601	0.651628	4.412790
-0.175254	-0.641083	0.664607	4.445537
-0.158022	-0.658952	0.677635	4.477026
-0.146688	-0.668949	0.684843	4.496524
-0.134922	-0.678749	0.692029	4.516166
-0.119894	-0.687650	0.698024	4.539772
-0.104342	-0.695136	0.702924	4.563398
-0.087388	-0.700165	0.705597	4.588220
-0.070480	-0.704673	0.708189	4.612703
-0.054754	-0.706737	0.708855	4.635070
-0.037941	-0.709227	0.710241	4.658943
-0.021104	-0.709657	0.709970	4.682660
-0.002598	-0.710182	0.710187	4.708730
0.012137	-0.708672	0.708776	4.729514
0.029645	-0.707201	0.707822	4.754284
0.044188	-0.703884	0.705270	4.775085
0.061708	-0.699466	0.702183	4.800382
0.073436	-0.694121	0.697995	4.817794
0.087076	-0.687581	0.693073	4.838360
0.104545	-0.676662	0.684690	4.865678
0.118754	-0.666776	0.677269	4.888642
0.131683	-0.656837	0.669906	4.910246
0.143370	-0.647976	0.663647	4.930140
0.149365	-0.642388	0.659525	4.940845
0.160034	-0.635673	0.655508	4.959019
0.164628	-0.630917	0.652042	4.967633
0.174139	-0.624749	0.648565	4.984223
0.178754	-0.620000	0.645254	4.993090
0.189085	-0.613506	0.641983	5.011355
0.193325	-0.609209	0.639148	5.019676
0.202403	-0.603306	0.636353	5.036079
0.211876	-0.595785	0.632337	5.054066
0.222208	-0.588167	0.628742	5.073609
0.231312	-0.580839	0.625203	5.091376
0.241684	-0.573213	0.622081	5.111402
0.245646	-0.569038	0.619795	5.119909
0.256597	-0.561930	0.617743	5.140747
0.260352	-0.558007	0.615756	5.148940
0.269526	-0.551664	0.613985	5.166850
0.273289	-0.547638	0.612041	5.175262
0.283833	-0.540460	0.610458	5.195969
0.296508	-0.530105	0.607395	5.222374
0.305634	-0.522269	0.605126	5.241858
0.316126	-0.513766	0.603234	5.263991
0.324935	-0.505917	0.601278	5.283311
0.335210	-0.497256	0.599691	5.305534
0.338913	-0.493096	0.598336	5.314552
0.349046	-0.485070	0.597600	5.336135
0.361214	-0.473798	0.595785	5.363766
0.366242	-0.468658	0.594789	5.375729
0.374383	-0.461408	0.594188	5.394038
0.386061	-0.449844	0.592792	5.421631
0.393851	-0.441609	0.591723	5.440685
0.403342	-0.432076	0.591079	5.463407
0.410580	-0.423941	0.590171	5.481778
0.419589	-0.414356	0.589700	5.504061
0.431539	-0.400879	0.589008	5.534603
0.442122	-0.388250	0.588396	5.562572
0.453383	-0.374389	0.587982	5.592929
0.463293	-0.361446	0.587608	5.620655
0.469618	-0.352517	0.587204	5.639271
0.477640	-0.341707	0.587285	5.662193
0.483123	-0.333249	0.586910	5.679350
0.490562	-0.322512	0.587082	5.701601
0.500404	-0.307226	0.587190	5.732566
0.508928	-0.293023	0.587256	5.760776
0.517883	-0.277427	0.587511	5.791391
0.525641	-0.262891	0.587716	5.819430
0.529683	-0.254325	0.587575	5.835547
0.535993	-0.242176	0.588164	5.858812
0.539114	-0.234577	0.587937	5.872778
0.544706	-0.222816	0.588516	5.894895
0.552141	-0.205395	0.589107	5.927050
0.558220	-0.189598	0.589540	5.955764
0.564602	-0.171927	0.590198	5.987595
0.569784	-0.155834	0.590710	6.016217
0.571836	-0.147821	0.590634	6.030220
0.576039	-0.134366	0.591502	6.054024
0.576792	-0.129083	0.591060	6.063019
0.580851	-0.114834	0.592094	6.088003
0.584918	-0.096774	0.592869	6.119222
0.588081	-0.080170	0.593521	6.147697
0.591081	-0.062071	0.594331	6.178557
0.593289	-0.045395	0.595023	6.206821
0.593642	-0.038338	0.594879	6.218695
0.595589	-0.023030	0.596034	6.244538
0.595407	-0.017795	0.595673	6.253308
0.596823	-0.002748	0.596829	6.278581
0.597561	0.016070	0.597777	6.310071
0.597662	0.033293	0.598588	6.338833
0.597307	0.051834	0.599552	6.369748
0.596433	0.069050	0.600417	6.398444
0.595507	0.075186	0.600235	6.408777
0.594610	0.091484	0.601606	6.435844
0.593517	0.097061	0.601401	6.445286
0.592133	0.111731	0.602582	6.469685
0.589664	0.128621	0.603529	6.497948
0.586848	0.144949	0.604484	6.525334
0.583505	0.161522	0.605448	6.553237
0.579849	0.177559	0.606426	6.580335
0.576948	0.188291	0.606896	6.598643
0.573165	0.202871	0.608009	6.623374
0.570026	0.212659	0.608402	6.640262
0.565864	0.226315	0.609443	6.663645
0.560430	0.242077	0.610478	6.690927
0.554695	0.257501	0.611550	6.717803
0.548541	0.272660	0.612569	6.744481
0.541957	0.287899	0.613680	6.771497
0.538062	0.295613	0.613921	6.785571
0.531126	0.310752	0.615355	6.812563
0.527801	0.316310	0.615326	6.823087
0.520252	0.331378	0.616825	6.850337
0.512870	0.344363	0.617755	6.874488
0.504308	0.358982	0.619027	6.901808
0.496663	0.370923	0.619886	6.924654
0.487398	0.385125	0.621191	6.951900
0.479551	0.396150	0.622016	6.973630
0.469439	0.410228	0.623426	7.001374
0.461446	0.420339	0.624193	7.021999
0.450981	0.433528	0.625564	7.048855
0.442504	0.443305	0.626362	7.069488
0.431180	0.456326	0.627814	7.096910
0.422812	0.465049	0.628523	7.116120
0.411215	0.477207	0.629940	7.142728
0.402232	0.485823	0.630725	7.162435
0.389759	0.497801	0.632232	7.189716
0.380955	0.505451	0.632936	7.208121
0.368458	0.516393	0.634368	7.234237
0.358911	0.524028	0.635156	7.253456
0.345400	0.534854	0.636687	7.280577
0.337293	0.540595	0.637188	7.296152
0.322875	0.551224	0.638824	7.324112
0.311268	0.558969	0.639792	7.345887
0.295542	0.569324	0.641463	7.375163
0.284042	0.576163	0.642373	7.395959
0.268282	0.585439	0.643983	7.424282
0.255973	0.591996	0.644966	7.445869
0.239205	0.600780	0.646650	7.475065
0.227078	0.606457	0.647576	7.495707
0.210552	0.614077	0.649171	7.523668
0.200451	0.618128	0.649817	7.540395
0.181600	0.625934	0.651745	7.571607
0.172246	0.629127	0.652280	7.586745
0.153728	0.635804	0.654125	7.616749
0.143488	0.638849	0.654764	7.633044
0.123821	0.644940	0.656718	7.664301
0.113798	0.647408	0.657334	7.679984
0.095288	0.652179	0.659104	7.708901
0.081126	0.655183	0.660187	7.730787
0.061588	0.659123	0.661995	7.760813
0.049566	0.660938	0.662794	7.779128
0.029004	0.664085	0.664718	7.810335
0.016196	0.665409	0.665606	7.829646
-0.005348	0.667603	0.667624	7.861992
-0.016662	0.668124	0.668332	7.878914
-0.038109	0.669250	0.670334	7.910862
-0.050573	0.669308	0.671216	7.929398
-0.071326	0.669351	0.673140	7.960141
-0.083404	0.668810	0.673990	7.978047
-0.102513	0.667896	0.675717	8.006280
-0.115520	0.666741	0.676674	8.025539
-0.135742	0.664810	0.678527	8.055395
-0.151373	0.662761	0.679828	8.078528
-0.166980	0.660343	0.681128	8.101658
-0.180289	0.657820	0.682078	8.121483
-0.203686	0.653255	0.684274	8.156230
-0.216468	0.650096	0.685188	8.175413
-0.238322	0.644572	0.687219	8.208130
-0.251674	0.640534	0.688203	8.228363
-0.274697	0.633374	0.690378	8.263202
-0.287616	0.628680	0.691348	8.283049
-0.308703	0.620812	0.693329	8.315433
-0.324669	0.614223	0.694752	8.340235
-0.340499	0.607220	0.696172	8.365041
-0.355219	0.600254	0.697485	8.388335
-0.369803	0.592929	0.698798	8.411637
-0.385179	0.584760	0.700219	8.436446
-0.400379	0.576188	0.701638	8.461260
-0.414454	0.567769	0.702947	8.484539
-0.428350	0.559007	0.704253	8.507814
-0.441576	0.550133	0.705433	8.530349
-0.460809	0.536760	0.707429	8.563389
-0.475832	0.525499	0.708918	8.589819
-0.490578	0.513816	0.710404	8.616248
-0.505784	0.501100	0.711983	8.644032
-0.520660	0.487930	0.713556	8.671819
-0.534429	0.475027	0.715028	8.698158
-0.547880	0.461729	0.716496	8.724504
-0.560754	0.448337	0.717949	8.750326
-0.573295	0.434588	0.719399	8.776143
-0.584889	0.421186	0.720758	8.800681
-0.596165	0.407475	0.722114	8.825217
-0.607724	0.392688	0.723555	8.851106
-0.618908	0.377577	0.724991	8.876987
-0.629172	0.362915	0.726336	8.901582
-0.639084	0.347975	0.727678	8.926175
-0.650242	0.330166	0.729263	8.954942
-0.660896	0.312002	0.730841	8.983707
-0.670603	0.294278	0.732331	9.011256
-0.679828	0.276257	0.733814	9.038799
-0.689001	0.257025	0.735380	9.067727
-0.697620	0.237499	0.736939	9.096644
-0.705313	0.218593	0.738410	9.124242
-0.712484	0.199447	0.739874	9.151832
-0.718634	0.181609	0.741226	9.177247
-0.724330	0.163586	0.742573	9.202659
-0.729365	0.146104	0.743854	9.227078
-0.733971	0.128476	0.745131	9.251491
-0.738295	0.110065	0.746454	9.276788
-0.742150	0.091524	0.747772	9.302075
-0.745421	0.073485	0.749034	9.326514
-0.748249	0.055344	0.750293	9.350947
-0.751011	0.033940	0.751778	9.379617
-0.753153	0.012426	0.753255	9.408281
-0.754605	-0.008229	0.754650	9.435683
-0.755485	-0.028945	0.756039	9.463073
-0.755798	-0.050604	0.757490	9.491633
-0.755483	-0.072298	0.758934	9.520185
-0.754580	-0.093115	0.760303	9.547557
-0.753096	-0.113924	0.761665	9.574914
-0.751126	-0.133926	0.762972	9.601224
-0.748619	-0.153895	0.764274	9.627526
-0.745674	-0.173190	0.765522	9.652991
-0.742227	-0.192428	0.766765	9.678451
-0.738140	-0.212232	0.768045	9.704749
-0.733521	-0.231945	0.769319	9.731037
-0.728524	-0.250977	0.770543	9.756546
-0.723029	-0.269899	0.771762	9.782048
-0.716174	-0.291291	0.773146	9.811075
-0.708683	-0.312494	0.774522	9.840080
-0.700848	-0.332763	0.775835	9.868064
-0.692431	-0.352827	0.777141	9.896035
-0.683128	-0.373336	0.778488	9.924937
-0.673217	-0.393585	0.779827	9.953822
-0.663092	-0.412834	0.781103	9.981643
-0.652415	-0.431811	0.782372	10.009450
-0.642008	-0.449186	0.783545	10.035274
-0.631141	-0.466297	0.784711	10.061083
-0.619948	-0.482946	0.785858	10.086588
-0.608318	-0.499316	0.786999	10.112082
-0.596173	-0.515499	0.788138	10.137733
-0.583600	-0.531376	0.789271	10.163372
-0.570737	-0.546783	0.790387	10.188744
-0.557469	-0.561870	0.791498	10.214108
-0.542747	-0.577735	0.792686	10.241392
-0.527581	-0.593198	0.793868	10.268656
-0.512274	-0.607971	0.795017	10.295394
-0.496559	-0.622336	0.796161	10.322117
-0.480186	-0.636500	0.797315	10.349253
-0.463416	-0.650220	0.798462	10.376371
-0.446550	-0.663267	0.799581	10.403022
-0.429324	-0.675864	0.800694	10.429657
-0.411196	-0.688371	0.801834	10.457108
-0.392715	-0.700379	0.802967	10.484540
-0.374196	-0.711696	0.804073	10.511516
-0.355361	-0.722511	0.805173	10.538474
-0.335870	-0.732995	0.806282	10.565909
-0.316083	-0.742941	0.807384	10.593324
-0.296275	-0.752219	0.808463	10.620365
-0.276209	-0.760957	0.809535	10.647386
-0.256428	-0.768939	0.810569	10.673688
-0.236432	-0.776395	0.811597	10.699970
-0.216434	-0.783255	0.812608	10.725976
-0.196252	-0.789591	0.813614	10.751962
-0.175854	-0.795404	0.814612	10.777986
-0.155302	-0.800682	0.815604	10.803991
-0.134712	-0.805398	0.816586	10.829847
-0.113994	-0.809577	0.817563	10.855687
-0.093084	-0.813225	0.818535	10.881608
-0.072074	-0.816327	0.819503	10.907512
-0.050924	-0.818887	0.820469	10.933468
-0.029703	-0.820893	0.821430	10.959406
-0.008635	-0.822325	0.822370	10.985073
0.012473	-0.823211	0.823306	11.010725
0.033694	-0.823552	0.824241	11.036464
0.054926	-0.823343	0.825173	11.062187
0.075188	-0.822619	0.826048	11.086722
0.095434	-0.821394	0.826919	11.111242
0.116129	-0.819625	0.827811	11.136322
0.136777	-0.817333	0.828698	11.161384
0.156731	-0.814603	0.829543	11.185654
0.176620	-0.811384	0.830385	11.209908
0.197053	-0.807559	0.831253	11.234908
0.217390	-0.803220	0.832118	11.259890
0.238297	-0.798186	0.832999	11.285699
0.259071	-0.792610	0.833876	11.311486
0.279838	-0.786450	0.834753	11.337429
0.300440	-0.779748	0.835626	11.363348
0.320722	-0.772553	0.836481	11.389069
0.340814	-0.764833	0.837332	11.414767
0.360802	-0.756553	0.838183	11.440574
0.380572	-0.747754	0.839029	11.466359
0.399239	-0.738860	0.839825	11.490975
0.417687	-0.729503	0.840617	11.515576
0.436449	-0.719391	0.841434	11.540900
0.454952	-0.708801	0.842247	11.566207
0.472455	-0.698183	0.843014	11.590486
0.489699	-0.687136	0.843778	11.614751
0.507283	-0.675251	0.844571	11.639876
0.524565	-0.662923	0.845361	11.664982
0.540751	-0.650750	0.846102	11.688914
0.556644	-0.638189	0.846840	11.712830
0.572810	-0.624761	0.847607	11.737620
0.588640	-0.610930	0.848371	11.762393
0.603468	-0.597309	0.849089	11.786101
0.617970	-0.583335	0.849804	11.809795
0.632656	-0.568487	0.850547	11.834345
0.646972	-0.553278	0.851287	11.858877
0.660067	-0.538666	0.851968	11.881903
0.672824	-0.523750	0.852646	11.904918
0.685784	-0.507857	0.853357	11.928946
0.698359	-0.491653	0.854065	11.952957
0.709851	-0.476083	0.854719	11.975594
0.720990	-0.460250	0.855369	11.998222
0.732444	-0.443143	0.856066	12.022268
0.743482	-0.425760	0.856759	12.046299
0.754023	-0.408220	0.857434	12.070162
0.764142	-0.390429	0.858107	12.094011
0.774169	-0.371759	0.858803	12.118685
0.783730	-0.352845	0.859495	12.143340
0.792447	-0.334488	0.860148	12.166963
0.800728	-0.315925	0.860798	12.190573
0.808822	-0.296547	0.861472	12.214948
0.816440	-0.276976	0.862143	12.239306
0.823077	-0.258624	0.862753	12.261924
0.829297	-0.240122	0.863361	12.284529
0.835501	-0.220152	0.864019	12.308730
0.841218	-0.200035	0.864675	12.332914
0.846047	-0.181347	0.865265	12.355220
0.850458	-0.162551	0.865853	12.377515
0.854735	-0.142249	0.866491	12.401457
0.858524	-0.121848	0.867128	12.425385
0.861556	-0.103066	0.867699	12.447308
0.864174	-0.084218	0.868268	12.469223
0.866515	-0.064060	0.868880	12.492576
0.868383	-0.043852	0.869490	12.515915
0.869680	-0.025082	0.870042	12.537538
0.870570	-0.006282	0.870592	12.559154
0.871077	0.013897	0.871188	12.582323
0.871115	0.034086	0.871781	12.605480
0.870731	0.052350	0.872303	12.626420
0.869963	0.070607	0.872824	12.647354
0.868677	0.090787	0.873408	12.670504
0.866922	0.110934	0.873991	12.693642
0.864927	0.129034	0.874500	12.714464
0.862555	0.147095	0.875007	12.735280
0.859504	0.166983	0.875575	12.758259
0.855995	0.186798	0.876140	12.781226
0.852278	0.205298	0.876656	12.802749
0.848161	0.223717	0.877170	12.824264
0.843242	0.243644	0.877736	12.847648
0.837856	0.263451	0.878299	12.871017
0.832555	0.281312	0.878797	12.892217
0.826873	0.299060	0.879293	12.913409
0.820241	0.318318	0.879842	12.936558
0.813164	0.337417	0.880389	12.959693
0.806366	0.354556	0.880872	12.980623
0.799209	0.371552	0.881355	13.001546
0.791074	0.389767	0.881882	13.024166
0.782527	0.407793	0.882408	13.046774
0.774360	0.424072	0.882876	13.067401
0.765857	0.440182	0.883344	13.088023
0.756230	0.457519	0.883859	13.110458
0.746215	0.474635	0.884373	13.132881
0.736445	0.490520	0.884851	13.153956
0.726339	0.506197	0.885327	13.175023
0.715934	0.521610	0.885798	13.196017
0.705205	0.536805	0.886269	13.217004
0.694234	0.551665	0.886733	13.237834
0.682954	0.566297	0.887197	13.258658
0.671399	0.580651	0.887656	13.279415
0.659546	0.594765	0.888114	13.300168
0.647445	0.608577	0.888567	13.320834
0.635057	0.622139	0.889019	13.341494
0.622422	0.635407	0.889466	13.362092
0.609513	0.648413	0.889913	13.382683
0.596362	0.661124	0.890356	13.403225
0.582949	0.673565	0.890797	13.423762
0.569329	0.685684	0.891234	13.444217
0.555460	0.697524	0.891670	13.464667
0.541117	0.709264	0.892111	13.485443
0.526530	0.720704	0.892552	13.506213
0.511758	0.731799	0.892987	13.526900
0.496757	0.742587	0.893422	13.547582
0.481653	0.752981	0.893851	13.568094
0.466335	0.763064	0.894279	13.588600
0.450864	0.772797	0.894703	13.609029
0.435194	0.782213	0.895126	13.629452
0.419484	0.791220	0.895542	13.649673
0.403591	0.799909	0.895958	13.669889
0.387574	0.808248	0.896370	13.690035
0.371388	0.816264	0.896781	13.710175
0.355153	0.823899	0.897186	13.730172
0.338764	0.831209	0.897591	13.750164
0.322278	0.838168	0.897992	13.770091
0.305652	0.844798	0.898392	13.790014
0.289156	0.851001	0.898784	13.809622
0.272537	0.856879	0.899176	13.829227
0.255845	0.862415	0.899564	13.848776
0.239043	0.867624	0.899951	13.868322
0.222245	0.872473	0.900334	13.887742
0.205351	0.876995	0.900716	13.907158
0.188408	0.881179	0.901096	13.926525
0.171384	0.885034	0.901475	13.945888
0.154227	0.888568	0.901853	13.965311
0.137000	0.891768	0.902230	13.984731
0.119768	0.894623	0.902604	14.004083
0.102479	0.897144	0.902978	14.023432
0.085220	0.899320	0.903348	14.042689
0.067917	0.901163	0.903718	14.061943
0.050633	0.902666	0.904085	14.081133
0.033319	0.903838	0.904452	14.100319
0.015977	0.904677	0.904818	14.119508
-0.001382	0.905183	0.905184	14.138694
-0.018699	0.905354	0.905547	14.157818
-0.036021	0.905193	0.905909	14.176939
-0.053205	0.904705	0.906268	14.195908
-0.070380	0.903890	0.906626	14.214874
-0.087493	0.902752	0.906982	14.233783
-0.104584	0.901290	0.907337	14.252688
-0.121507	0.899519	0.907689	14.271435
-0.138398	0.897431	0.908040	14.290178
-0.155207	0.895031	0.908388	14.308869
-0.171972	0.892316	0.908736	14.327558
-0.188565	0.889309	0.909081	14.346108
-0.205104	0.885994	0.909425	14.364656
-0.221544	0.882379	0.909766	14.383158
-0.237919	0.878459	0.910108	14.401658
-0.254134	0.874259	0.910447	14.420056
-0.270274	0.869760	0.910786	14.438452
-0.286302	0.864971	0.911122	14.456812
-0.302244	0.859887	0.911459	14.475171
-0.318034	0.854529	0.911792	14.493458
-0.333728	0.848881	0.912126	14.511744
-0.349275	0.842961	0.912457	14.529977
-0.364717	0.836757	0.912787	14.548208
-0.380124	0.830233	0.913117	14.566532
-0.395414	0.823427	0.913446	14.584853
-0.410538	0.816357	0.913772	14.603124
-0.425534	0.809010	0.914099	14.621392
-0.440298	0.801439	0.914422	14.639537
-0.454927	0.793599	0.914745	14.657681
-0.469377	0.785513	0.915066	14.675777
-0.483683	0.777163	0.915386	14.693873
-0.497562	0.768724	0.915699	14.711611
-0.511293	0.760038	0.916012	14.729349
-0.524840	0.751127	0.916323	14.747045
-0.538230	0.741974	0.916634	14.764739
-0.551375	0.732644	0.916941	14.782318
-0.564356	0.723082	0.917249	14.799896
-0.577141	0.713311	0.917554	14.817433
-0.589757	0.703315	0.917859	14.834969
-0.602118	0.693163	0.918161	14.852391
-0.614303	0.682793	0.918463	14.869812
-0.626285	0.672230	0.918763	14.887198
-0.638084	0.661456	0.919063	14.904582
-0.649631	0.650539	0.919360	14.921867
-0.660991	0.639421	0.919656	14.939151
-0.672141	0.628122	0.919951	14.956406
-0.683097	0.616629	0.920246	14.973661
-0.693913	0.604883	0.920543	14.991006
-0.704527	0.592949	0.920840	15.008351
-0.714913	0.580853	0.921136	15.025658
-0.725092	0.568577	0.921433	15.042965
-0.735066	0.556112	0.921728	15.060286
-0.744826	0.543472	0.922023	15.077605
-0.754347	0.530689	0.922318	15.094887
-0.763648	0.517741	0.922613	15.112167
-0.772719	0.504639	0.922906	15.129433
-0.781564	0.491379	0.923199	15.146699
-0.790165	0.477991	0.923491	15.163930
-0.798536	0.464454	0.923784	15.181159
-0.806635	0.450837	0.924075	15.198304
-0.814502	0.437081	0.924366	15.215448
-0.822120	0.423210	0.924656	15.232563
-0.829503	0.409208	0.924947	15.249677
-0.836424	0.395527	0.925228	15.266248
-0.843119	0.381729	0.925509	15.282818
-0.849574	0.367844	0.925789	15.299357
-0.855800	0.353850	0.926069	15.315896
-0.861770	0.339814	0.926348	15.332362
-0.867509	0.325678	0.926627	15.348827
-0.873008	0.311468	0.926906	15.365265
-0.878273	0.297165	0.927184	15.381704
-0.883266	0.282885	0.927460	15.398014
-0.888026	0.268522	0.927736	15.414323
-0.892547	0.254097	0.928012	15.430613
-0.896834	0.239596	0.928287	15.446902
-0.900874	0.225062	0.928562	15.463148
-0.904679	0.210460	0.928836	15.479394
-0.908243	0.195807	0.929111	15.495624
-0.911570	0.181095	0.929385	15.511854
-0.914689	0.166179	0.929662	15.528245
-0.917563	0.151210	0.929939	15.544636
-0.920187	0.136217	0.930215	15.560999
-0.922567	0.121179	0.930492	15.577361
-0.924712	0.106008	0.930768	15.593823
-0.926607	0.090799	0.931045	15.610284
-0.928250	0.075579	0.931322	15.626721
-0.929642	0.060330	0.931598	15.643158
-0.930778	0.045149	0.931872	15.659495
-0.931666	0.029947	0.932147	15.675831
-0.932304	0.014745	0.932421	15.692149
-0.932695	-0.000470	0.932695	15.708467
-0.932837	-0.015627	0.932968	15.724714
-0.932733	-0.030789	0.933241	15.740960
-0.932383	-0.045938	0.933514	15.757193
-0.931787	-0.061085	0.933787	15.773426
-0.929925	-0.090483	0.934317	15.804959
-0.927140	-0.119784	0.934846	15.836449
-0.923439	-0.148948	0.935374	15.867883
-0.918825	-0.177967	0.935902	15.899284
-0.913359	-0.206554	0.936424	15.930370
-0.907006	-0.234957	0.936944	15.961438
-0.899763	-0.263190	0.937466	15.992535
-0.891647	-0.291177	0.937986	16.023606
-0.882620	-0.319030	0.938508	16.054809
-0.872732	-0.346575	0.939029	16.085980
-0.861890	-0.374039	0.939553	16.117411
-0.850191	-0.401145	0.940076	16.148821
-0.837731	-0.427701	0.940596	16.180013
-0.824446	-0.453867	0.941120	16.211199
-0.810358	-0.479603	0.941647	16.242362
-0.795476	-0.504891	0.942177	16.273510
-0.780210	-0.529104	0.942697	16.303878
-0.764225	-0.552832	0.943220	16.334215
-0.747511	-0.576095	0.943747	16.364572
-0.730101	-0.598841	0.944276	16.394911
-0.712255	-0.620758	0.944801	16.424830
-0.693752	-0.642147	0.945328	16.454751
-0.674485	-0.663118	0.945862	16.484864
-0.654593	-0.683505	0.946399	16.514964
-0.634133	-0.703251	0.946935	16.544997
-0.613085	-0.722382	0.947475	16.575022
-0.591236	-0.741072	0.948023	16.605354
-0.568814	-0.759107	0.948574	16.635694
-0.546052	-0.776314	0.949124	16.665762
-0.522746	-0.792859	0.949678	16.695862
-0.498880	-0.808746	0.950238	16.726038
-0.474528	-0.823920	0.950800	16.756219
-0.450147	-0.838121	0.951356	16.785881
-0.425358	-0.851593	0.951914	16.815524
-0.400009	-0.864413	0.952479	16.845352
-0.374276	-0.876478	0.953045	16.875177
-0.348531	-0.887635	0.953609	16.904604
-0.322433	-0.898045	0.954174	16.934055
-0.296077	-0.907670	0.954739	16.963447
-0.269425	-0.916526	0.955306	16.992851
-0.242367	-0.924640	0.955877	17.022406
-0.215056	-0.931960	0.956451	17.051973
-0.187550	-0.938468	0.957025	17.081511
-0.159813	-0.944173	0.957603	17.111087
-0.131928	-0.949057	0.958183	17.140635
-0.103822	-0.953130	0.958768	17.170260
-0.075557	-0.956376	0.959356	17.199920
-0.047142	-0.958787	0.959945	17.229631
-0.018741	-0.960357	0.960540	17.259248
0.009676	-0.961093	0.961141	17.288827
0.038014	-0.960997	0.961749	17.318296
0.066339	-0.960075	0.962364	17.347747
0.094440	-0.958344	0.962986	17.376987
0.122516	-0.955797	0.963617	17.406247
0.150510	-0.952438	0.964257	17.435489
0.178457	-0.948260	0.964906	17.464778
0.206277	-0.943273	0.965564	17.494052
0.233971	-0.937479	0.966235	17.523338
0.261483	-0.930888	0.966916	17.552599
0.288871	-0.923486	0.967612	17.581922
0.316053	-0.915291	0.968321	17.611245
0.343145	-0.906259	0.969048	17.640717
0.370141	-0.896379	0.969794	17.670361
0.397097	-0.885605	0.970557	17.700274
0.423883	-0.873963	0.971334	17.730345
0.450305	-0.861521	0.972108	17.760391
0.476293	-0.848315	0.972878	17.790357
0.501884	-0.834326	0.973647	17.820314
0.526949	-0.819636	0.974412	17.850132
0.551603	-0.804176	0.975175	17.879975
0.575805	-0.787969	0.975934	17.909823
0.599615	-0.770965	0.976691	17.939783
0.622805	-0.753330	0.977442	17.969592
0.645428	-0.735036	0.978190	17.999337
0.667424	-0.716143	0.978935	18.028960
0.688820	-0.696632	0.979678	18.058520
0.709547	-0.676596	0.980428	18.087925
0.729750	-0.655965	0.981237	18.117355
0.749552	-0.634622	0.982127	18.146999
0.769315	-0.612111	0.983121	18.177469
0.779222	-0.600322	0.983654	18.193118
0.788948	-0.588374	0.984186	18.208767
0.798472	-0.576292	0.984718	18.224386
0.807811	-0.564057	0.985251	18.240003
0.816931	-0.551715	0.985782	18.255565
0.825863	-0.539227	0.986314	18.271127
0.834586	-0.526619	0.986845	18.286658
0.843118	-0.513871	0.987375	18.302188
0.851413	-0.501052	0.987906	18.317639
0.859514	-0.488100	0.988436	18.333090
0.867403	-0.475042	0.988966	18.348511
0.875093	-0.461858	0.989495	18.363931
0.882565	-0.448585	0.990024	18.379311
0.889839	-0.435180	0.990553	18.394703
0.896978	-0.421513	0.991082	18.410256
0.903907	-0.407729	0.991610	18.425809
