time = 17.3499	Re = 1	40	80
0.158357	0.127288	0.203173	0.677054
0.169926	0.114623	0.204972	0.593438
0.180573	0.100793	0.206799	0.509106
0.189457	0.087675	0.208760	0.433421
0.197356	0.073866	0.210727	0.358138
0.209536	0.047275	0.214803	0.221902
0.218057	0.019688	0.218944	0.090043
0.222853	-0.008565	0.223018	-0.038415
0.224711	-0.031819	0.226952	-0.140663
0.224384	-0.054845	0.230990	-0.239725
0.223468	-0.073366	0.235203	-0.317218
0.221088	-0.092037	0.239481	-0.394471
0.216252	-0.121447	0.248021	-0.511706
0.210815	-0.146791	0.256886	-0.608242
0.210245	-0.162286	0.265593	-0.657365
0.208875	-0.177827	0.274319	-0.705279
0.222817	-0.186030	0.290266	-0.695663
0.247737	-0.176631	0.304257	-0.619383
0.262464	-0.165553	0.310315	-0.562735
0.277320	-0.152063	0.316274	-0.501560
0.293203	-0.131684	0.321417	-0.422125
0.307173	-0.110405	0.326412	-0.345044
0.319699	-0.084871	0.330773	-0.259487
0.325197	-0.070451	0.332741	-0.213343
0.330038	-0.055713	0.334707	-0.167231
0.334026	-0.040080	0.336422	-0.119419
0.337266	-0.024220	0.338134	-0.071689
0.339395	-0.008763	0.339508	-0.025813
0.340814	0.006826	0.340882	0.020025
0.341099	0.023128	0.341882	0.067702
0.340515	0.039397	0.342787	0.115186
0.338799	0.054811	0.343204	0.160392
0.336297	0.070108	0.343527	0.205528
0.332607	0.085395	0.343394	0.251317
0.328004	0.100295	0.342995	0.296744
0.322625	0.114296	0.342273	0.340472
0.316444	0.127927	0.341324	0.384177
0.308933	0.142262	0.340115	0.431548
0.300477	0.155760	0.338449	0.478241
0.291394	0.169101	0.336906	0.525820
0.281357	0.181722	0.334940	0.573472
0.269383	0.196376	0.333363	0.629914
0.256656	0.210289	0.331804	0.686423
0.242043	0.225867	0.331060	0.750841
0.226675	0.241600	0.331289	0.817259
0.209043	0.260220	0.333786	0.894027
0.190904	0.279359	0.338358	0.971322
0.181774	0.292139	0.344074	1.014200
0.171916	0.304761	0.349907	1.057191
0.163073	0.318017	0.357390	1.096977
0.153732	0.331355	0.365280	1.136404
0.144265	0.353215	0.381541	1.183041
0.137002	0.376461	0.400616	1.221774
0.128354	0.403153	0.423093	1.262567
0.125033	0.417900	0.436203	1.280079
0.121300	0.432698	0.449378	1.297479
0.119310	0.456470	0.471805	1.315140
0.118011	0.479812	0.494112	1.329631
0.114086	0.505310	0.518029	1.348745
0.107656	0.528019	0.538882	1.369666
0.101204	0.557154	0.566271	1.391111
0.099274	0.575479	0.583979	1.399971
0.097632	0.592477	0.600467	1.407478
0.098051	0.615230	0.622994	1.412752
0.099522	0.627919	0.635757	1.413609
0.101312	0.639651	0.647625	1.413715
0.102449	0.646847	0.654909	1.413720
0.097273	0.660231	0.667358	1.424517
0.082975	0.675252	0.680330	1.448530
0.086285	0.667830	0.673381	1.442307
0.071509	0.673005	0.676793	1.464941
0.055816	0.678835	0.681126	1.488757
0.076148	0.670302	0.674613	1.457679
0.088641	0.668576	0.674426	1.438983
0.092531	0.660371	0.666822	1.431583
0.073532	0.669125	0.673153	1.461342
0.058253	0.675242	0.677750	1.484740
0.041103	0.680594	0.681834	1.510477
0.066781	0.672177	0.675486	1.471770
0.086926	0.661905	0.667589	1.440217
0.098160	0.661998	0.669236	1.423590
0.085634	0.667860	0.673328	1.443271
0.101339	0.665109	0.672785	1.419595
0.095558	0.654044	0.660988	1.425720
0.080725	0.664850	0.669733	1.449970
0.054870	0.676423	0.678645	1.489856
0.038183	0.679388	0.680460	1.514653
0.021337	0.681720	0.682054	1.539508
0.047340	0.677915	0.679566	1.501078
0.068793	0.671188	0.674704	1.468658
0.093051	0.656313	0.662877	1.429957
0.098196	0.652106	0.659458	1.421337
0.090691	0.663513	0.669682	1.434955
0.074861	0.675760	0.679894	1.460466
0.089531	0.668468	0.674437	1.437654
0.064277	0.678311	0.681349	1.476319
0.084036	0.668434	0.673696	1.445731
0.098612	0.662153	0.669456	1.422956
0.097964	0.645850	0.653237	1.420261
0.095760	0.651041	0.658046	1.424757
0.092367	0.653644	0.660138	1.430415
0.087570	0.659090	0.664882	1.438706
0.063160	0.673837	0.676790	1.477337
0.047731	0.677284	0.678964	1.500439
0.029872	0.680054	0.680710	1.526898
0.002391	0.681485	0.681489	1.567288
0.024839	0.680427	0.680880	1.534308
0.050858	0.677412	0.679319	1.495860
0.071622	0.668868	0.672692	1.464124
0.086331	0.660635	0.666252	1.440854
0.093836	0.655168	0.661854	1.428540
0.097091	0.645958	0.653214	1.421608
0.099891	0.646958	0.654624	1.417605
0.093110	0.659886	0.666422	1.430621
0.083842	0.673346	0.678546	1.446918
0.091553	0.665324	0.671594	1.434048
0.077285	0.669283	0.673731	1.455831
0.060808	0.676286	0.679014	1.481123
0.084082	0.668170	0.673440	1.445615
0.071013	0.671855	0.675598	1.465491
0.043145	0.681141	0.682506	1.507538
0.064111	0.674054	0.677096	1.475969
0.082821	0.665017	0.670154	1.446894
0.091705	0.667138	0.673411	1.434192
0.076945	0.675588	0.679956	1.457391
0.097393	0.655151	0.662350	1.423220
0.097623	0.641424	0.648811	1.419758
0.094579	0.638517	0.645483	1.423743
0.097162	0.645412	0.652685	1.421375
0.094997	0.646953	0.653890	1.425001
0.092910	0.652752	0.659331	1.429411
0.085251	0.661358	0.666829	1.442601
0.067078	0.671014	0.674358	1.471162
0.042030	0.678845	0.680145	1.508961
0.026028	0.680016	0.680514	1.532540
0.010092	0.680739	0.680814	1.555972
-0.006997	0.680666	0.680702	1.581075
-0.032878	0.679255	0.680050	1.619161
-0.008659	0.680639	0.680694	1.583517
0.008980	0.680745	0.680804	1.557606
0.037131	0.679339	0.680353	1.516193
0.057920	0.674281	0.676764	1.485108
0.074090	0.668006	0.672102	1.460336
0.090805	0.656819	0.663066	1.433418
0.094827	0.649000	0.655891	1.425711
0.097078	0.646234	0.653485	1.421690
0.094119	0.638211	0.645113	1.424379
0.096880	0.640586	0.647871	1.420697
0.100912	0.645749	0.653587	1.415779
0.097332	0.668952	0.675996	1.426312
0.085290	0.664445	0.669896	1.443132
0.081805	0.671541	0.676506	1.449577
0.091248	0.659307	0.665592	1.433270
0.093461	0.667128	0.673643	1.431608
0.077559	0.667270	0.671763	1.455083
0.052983	0.677924	0.679991	1.492801
0.036885	0.680688	0.681686	1.516662
0.020728	0.682974	0.683288	1.540456
0.043964	0.679376	0.680797	1.506174
0.063940	0.673926	0.676952	1.476203
0.083622	0.663935	0.669180	1.445508
0.093464	0.659959	0.666545	1.430110
0.086731	0.669336	0.674932	1.441937
0.060365	0.678270	0.680950	1.482032
0.079431	0.669484	0.674180	1.452703
0.093228	0.666886	0.673371	1.431901
0.100708	0.653631	0.661343	1.417924
0.098195	0.639333	0.646829	1.418397
0.097179	0.639434	0.646776	1.419973
0.095034	0.638352	0.645388	1.423007
0.095395	0.642108	0.649156	1.423310
0.095475	0.648678	0.655667	1.424661
0.092572	0.650257	0.656813	1.429385
0.083058	0.663405	0.668584	1.446245
0.067613	0.670446	0.673847	1.470288
0.050149	0.676813	0.678668	1.496835
0.033184	0.679013	0.679823	1.521964
0.016364	0.680554	0.680751	1.546756
0.002536	0.680508	0.680513	1.567069
-0.026314	0.679799	0.680308	1.609485
-0.047987	0.668610	0.670330	1.642444
-0.045141	0.665500	0.667029	1.638523
-0.040204	0.665757	0.666970	1.631111
-0.033523	0.667814	0.668655	1.620953
-0.024061	0.673823	0.674252	1.606489
-0.042577	0.665351	0.666712	1.634701
-0.047282	0.666691	0.668366	1.641598
-0.046293	0.672762	0.674353	1.639498
-0.031819	0.678634	0.679379	1.617649
-0.011465	0.680294	0.680390	1.587648
0.012950	0.680473	0.680596	1.551768
0.038155	0.679369	0.680439	1.514693
0.059256	0.673905	0.676505	1.483093
0.075953	0.667013	0.671324	1.457414
0.091117	0.656168	0.662464	1.432816
0.094289	0.648192	0.655014	1.426345
0.094463	0.643272	0.650171	1.424990
0.093931	0.639534	0.646395	1.424965
0.093647	0.636625	0.643476	1.424744
0.093965	0.634990	0.641904	1.423883
0.096806	0.637930	0.645234	1.420195
0.101785	0.646475	0.654439	1.414633
0.093243	0.671198	0.677644	1.432760
0.086277	0.668028	0.673577	1.442355
0.059950	0.677981	0.680626	1.482602
0.084846	0.668095	0.673461	1.444476
0.091185	0.671546	0.677708	1.435838
0.093924	0.664117	0.670726	1.430302
0.100509	0.651571	0.659277	1.417746
0.090666	0.672146	0.678233	1.436716
0.095496	0.665197	0.672017	1.428210
0.069954	0.677245	0.680849	1.467870
0.083379	0.669577	0.674749	1.446909
0.096335	0.661854	0.668829	1.426259
0.098448	0.647707	0.655146	1.419957
0.096200	0.648709	0.655803	1.423575
0.093289	0.654773	0.661386	1.429274
0.078805	0.665723	0.670371	1.452969
0.058559	0.674851	0.677387	1.484240
0.031554	0.680746	0.681477	1.524478
0.057844	0.675072	0.677546	1.485319
0.077393	0.666538	0.671016	1.455201
0.093122	0.655276	0.661859	1.429630
0.096752	0.649866	0.657029	1.423001
0.098799	0.668241	0.675505	1.424011
0.084220	0.668687	0.673970	1.445508
0.099922	0.660341	0.667858	1.420617
0.094977	0.657946	0.664766	1.427433
0.076563	0.667464	0.671841	1.456588
0.060258	0.674187	0.676874	1.481655
0.040817	0.679639	0.680864	1.510811
0.022823	0.681579	0.681961	1.537324
0.005060	0.682827	0.682846	1.563386
0.021518	0.681671	0.682011	1.539240
0.038012	0.680008	0.681069	1.514955
0.055655	0.675654	0.677942	1.488610
0.070642	0.670631	0.674341	1.465847
0.093685	0.657456	0.664097	1.429252
0.098636	0.658480	0.665827	1.422108
0.082057	0.669960	0.674967	1.448923
0.061450	0.676049	0.678836	1.480150
0.076208	0.669986	0.674306	1.457537
0.090467	0.664554	0.670683	1.435495
0.087581	0.671406	0.677094	1.441085
0.100894	0.650749	0.658524	1.416978
0.097406	0.637946	0.645340	1.419280
0.094139	0.633940	0.640891	1.423375
0.093895	0.635750	0.642646	1.424165
0.094434	0.639310	0.646247	1.424144
0.095344	0.644247	0.651263	1.423870
0.094174	0.652166	0.658930	1.427385
0.075450	0.667612	0.671862	1.458259
0.051558	0.676373	0.678335	1.494716
0.022028	0.680312	0.680669	1.538429
-0.007410	0.680232	0.680273	1.581689
-0.022596	0.679020	0.679396	1.604061
-0.037717	0.677238	0.678288	1.626432
-0.048287	0.669687	0.671426	1.642776
-0.044542	0.665932	0.667420	1.637584
-0.035963	0.667498	0.668466	1.624622
-0.019554	0.674741	0.675024	1.599768
-0.025215	0.678094	0.678563	1.607965
-0.014841	0.677736	0.677898	1.592690
-0.013220	0.678092	0.678221	1.590290
-0.011499	0.677221	0.677318	1.587775
-0.014346	0.674668	0.674820	1.592057
-0.026800	0.669717	0.670253	1.610792
-0.047484	0.660091	0.661797	1.642608
-0.065689	0.641601	0.644955	1.672824
-0.079631	0.628729	0.633752	1.696779
-0.091629	0.618997	0.625742	1.717758
-0.103306	0.609135	0.617833	1.738792
-0.081100	0.627538	0.632757	1.699320
-0.068344	0.639124	0.642768	1.677325
-0.052560	0.654389	0.656496	1.650943
-0.037014	0.664207	0.665237	1.626465
-0.020710	0.672234	0.672553	1.601594
-0.012913	0.676521	0.676644	1.589881
-0.038192	0.668885	0.669975	1.627833
-0.032042	0.675159	0.675919	1.618219
-0.014670	0.678131	0.678290	1.592426
-0.016142	0.677327	0.677519	1.594623
-0.017851	0.676053	0.676288	1.597195
-0.021790	0.676102	0.676453	1.603014
-0.036371	0.667329	0.668320	1.625245
-0.047107	0.667318	0.668979	1.641271
-0.039663	0.676611	0.677772	1.629349
-0.019266	0.679950	0.680223	1.599123
0.002143	0.680306	0.680310	1.567647
0.024711	0.680033	0.680481	1.534475
0.047639	0.676886	0.678561	1.500532
0.066576	0.671819	0.675109	1.472021
0.091404	0.656879	0.663208	1.432535
0.095379	0.646847	0.653841	1.424399
0.095055	0.641426	0.648431	1.423674
0.094835	0.637961	0.644971	1.423223
0.096511	0.638206	0.645462	1.420712
0.093361	0.630101	0.636980	1.423698
0.097362	0.636555	0.643958	1.419021
0.102286	0.652273	0.660244	1.415248
0.097431	0.662917	0.670039	1.424868
0.076966	0.671023	0.675422	1.456596
0.093275	0.667402	0.673888	1.431937
0.086942	0.662155	0.667838	1.440241
0.090681	0.664829	0.670985	1.435235
0.101073	0.666150	0.673774	1.420218
0.098758	0.652862	0.660289	1.420666
0.092952	0.657142	0.663684	1.430280
0.075903	0.667357	0.671659	1.457546
0.058520	0.674569	0.677103	1.484261
0.035757	0.679979	0.680918	1.518260
0.012350	0.681540	0.681652	1.552678
-0.011636	0.681758	0.681858	1.587862
0.017750	0.681359	0.681590	1.544751
0.035132	0.679885	0.680792	1.519169
0.052743	0.677728	0.679777	1.493130
0.071673	0.669171	0.672999	1.464097
0.085942	0.661107	0.666670	1.441524
0.092795	0.654967	0.661508	1.430053
0.096940	0.652601	0.659761	1.423330
0.089130	0.664077	0.670031	1.437377
0.073915	0.676411	0.680437	1.461953
0.091551	0.667065	0.673318	1.434404
0.075025	0.677142	0.681286	1.460449
0.095449	0.660300	0.667163	1.427237
0.097542	0.645951	0.653274	1.420923
0.095398	0.651446	0.658394	1.425390
0.092059	0.654195	0.660641	1.430993
0.068469	0.671418	0.674900	1.469171
0.053870	0.675623	0.677767	1.491230
0.036840	0.679326	0.680325	1.516619
0.007729	0.681490	0.681533	1.559456
0.024997	0.680382	0.680841	1.534073
0.042473	0.678644	0.679972	1.508293
0.064237	0.672327	0.675388	1.475541
0.082094	0.664103	0.669158	1.447804
0.093316	0.650695	0.657352	1.428357
0.095986	0.648941	0.656001	1.423949
0.097049	0.644306	0.651574	1.421295
0.099474	0.645484	0.653104	1.417892
0.094174	0.658942	0.665637	1.428841
0.084708	0.673582	0.678888	1.445695
0.090167	0.665674	0.671753	1.436163
0.074371	0.670413	0.674525	1.460314
0.053685	0.679199	0.681317	1.491918
0.077976	0.667986	0.672522	1.454589
0.093966	0.664015	0.670631	1.430218
0.098877	0.666466	0.673761	1.423511
0.094016	0.657422	0.664111	1.428753
0.079525	0.665556	0.670291	1.451874
0.060438	0.674455	0.677158	1.481426
0.037105	0.680874	0.681884	1.516354
0.057358	0.675412	0.677843	1.486077
0.073949	0.668642	0.672719	1.460649
0.092253	0.658358	0.664790	1.431577
0.100446	0.662794	0.670362	1.420392
0.082450	0.669778	0.674834	1.448312
0.058832	0.677708	0.680256	1.484203
0.071609	0.676915	0.680692	1.465401
0.091842	0.663717	0.670041	1.433295
0.097801	0.651717	0.659014	1.421842
0.094083	0.653145	0.659886	1.427734
0.088476	0.659338	0.665248	1.437404
0.073527	0.668333	0.672366	1.461222
0.048425	0.678593	0.680319	1.499556
0.029305	0.680575	0.681205	1.527764
0.010820	0.681711	0.681797	1.554926
-0.005154	0.681750	0.681769	1.578356
-0.027413	0.681145	0.681697	1.611020
-0.011403	0.681665	0.681760	1.587523
0.004288	0.681806	0.681819	1.564507
0.027070	0.680915	0.681453	1.531062
0.052156	0.676647	0.678655	1.493869
0.071025	0.670062	0.673816	1.465193
0.093282	0.657112	0.663700	1.429781
0.101803	0.661031	0.668824	1.417990
0.076634	0.675981	0.680311	1.457911
0.089209	0.668613	0.674538	1.438156
0.085107	0.664114	0.669546	1.443340
0.062587	0.674909	0.677804	1.478327
0.036710	0.682345	0.683332	1.517048
0.055962	0.677171	0.679480	1.488342
0.072157	0.670845	0.674714	1.463647
0.091947	0.665384	0.671707	1.433480
0.073200	0.674718	0.678677	1.462729
0.086276	0.666928	0.672485	1.442147
0.098874	0.658972	0.666349	1.421865
0.100465	0.645190	0.652965	1.416323
0.095618	0.631170	0.638371	1.420446
0.095163	0.632197	0.639319	1.421390
0.091986	0.627816	0.634519	1.425314
0.091499	0.628226	0.634854	1.426167
0.090801	0.628536	0.635061	1.427324
0.096942	0.640809	0.648100	1.420654
0.093042	0.636966	0.643725	1.425751
0.092001	0.637692	0.644294	1.427513
0.096339	0.649358	0.656465	1.423510
0.092701	0.653995	0.660532	1.429988
0.084732	0.661499	0.666904	1.443400
0.068727	0.669919	0.673435	1.468564
0.047465	0.677467	0.679128	1.500848
0.025708	0.679560	0.680046	1.532984
0.006676	0.680320	0.680353	1.560984
-0.009847	0.680169	0.680240	1.585273
-0.027798	0.679547	0.680115	1.611681
-0.046016	0.671137	0.672712	1.639254
-0.044698	0.666728	0.668224	1.637737
-0.038740	0.666824	0.667949	1.628827
-0.026716	0.671182	0.671713	1.610580
-0.018634	0.675555	0.675812	1.598373
-0.020975	0.678267	0.678591	1.601711
-0.025394	0.678638	0.679113	1.608198
-0.028631	0.672561	0.673170	1.613341
-0.034124	0.677793	0.678651	1.621100
-0.022947	0.679078	0.679466	1.604575
-0.041516	0.672380	0.673660	1.632462
-0.040626	0.667708	0.668943	1.631565
-0.044719	0.671383	0.672871	1.637305
-0.031934	0.677573	0.678325	1.617891
-0.011945	0.679443	0.679548	1.588375
0.000188	0.678883	0.678883	1.570519
-0.009742	0.676972	0.677042	1.585186
-0.018752	0.672994	0.673255	1.598653
-0.038849	0.663419	0.664556	1.629288
-0.056267	0.650206	0.652636	1.657118
-0.072947	0.634786	0.638963	1.685211
-0.085760	0.623324	0.629196	1.707523
-0.102390	0.609266	0.617809	1.737295
-0.115074	0.597643	0.608621	1.761015
-0.132783	0.583358	0.598280	1.794602
-0.145174	0.574526	0.592584	1.818301
-0.157233	0.565445	0.586899	1.842015
-0.144023	0.575571	0.593317	1.815988
-0.129502	0.585560	0.599710	1.788452
-0.106609	0.604006	0.613342	1.745500
-0.084685	0.622901	0.628631	1.705920
-0.071087	0.635443	0.639407	1.682203
-0.051105	0.655501	0.657490	1.648602
-0.025502	0.669950	0.670435	1.608844
-0.010996	0.675251	0.675341	1.587079
-0.010110	0.677677	0.677753	1.585714
-0.021292	0.679181	0.679514	1.602135
-0.045741	0.671775	0.673331	1.638781
-0.035843	0.677335	0.678282	1.623664
-0.036698	0.676898	0.677892	1.624958
-0.038260	0.676100	0.677182	1.627325
-0.019740	0.677840	0.678127	1.599910
-0.019312	0.675364	0.675640	1.599383
-0.027537	0.670775	0.671340	1.611827
-0.036668	0.667674	0.668680	1.625660
-0.048309	0.669368	0.671109	1.642842
-0.026868	0.679625	0.680156	1.610309
-0.010202	0.680126	0.680202	1.585795
0.005800	0.680225	0.680250	1.562271
0.021014	0.680004	0.680328	1.539903
0.036224	0.678362	0.679329	1.517448
0.051374	0.676348	0.678296	1.494984
0.078205	0.666143	0.670718	1.453932
0.092314	0.651593	0.658099	1.430059
0.095596	0.650119	0.657110	1.424798
0.097043	0.643744	0.651017	1.421175
0.089926	0.631117	0.637492	1.429263
0.091356	0.631200	0.637777	1.427060
0.091996	0.630705	0.637379	1.425956
0.095082	0.634191	0.641279	1.421978
0.093947	0.629665	0.636635	1.422688
0.093754	0.627633	0.634597	1.422516
0.094954	0.628829	0.635958	1.420928
0.100477	0.643972	0.651764	1.416017
0.101964	0.661883	0.669691	1.417947
0.090504	0.666385	0.672502	1.435808
0.066300	0.675759	0.679003	1.472998
0.092134	0.667346	0.673676	1.433603
0.079739	0.666135	0.670891	1.451659
0.054738	0.677561	0.679769	1.490185
0.039020	0.680608	0.681725	1.513528
0.023088	0.683206	0.683596	1.537016
0.048848	0.678695	0.680451	1.498946
0.069345	0.671591	0.675161	1.467906
0.095986	0.661210	0.668141	1.426637
0.083264	0.670463	0.675613	1.447240
0.061638	0.677291	0.680090	1.480040
0.071460	0.676462	0.680226	1.465549
0.093615	0.662384	0.668966	1.430396
0.097937	0.649848	0.657187	1.421214
0.094158	0.653344	0.660094	1.427664
0.081691	0.664094	0.669099	1.448400
0.059221	0.674604	0.677198	1.483234
0.044284	0.677782	0.679227	1.505552
0.028976	0.680574	0.681191	1.528246
-0.000258	0.681400	0.681400	1.571174
-0.027462	0.680540	0.681094	1.611127
-0.049302	0.672530	0.674334	1.643973
-0.035322	0.678749	0.679667	1.622789
-0.014632	0.681064	0.681221	1.592277
0.005817	0.681433	0.681458	1.562259
0.029718	0.680337	0.680986	1.527142
0.057074	0.676551	0.678954	1.486635
0.075040	0.667560	0.671764	1.458857
0.087359	0.660171	0.665926	1.439233
0.092824	0.654472	0.661022	1.429906
0.094932	0.649398	0.656301	1.425639
0.096111	0.646427	0.653532	1.423198
0.099097	0.648100	0.655632	1.419068
0.094405	0.668163	0.674799	1.430436
0.084875	0.666703	0.672084	1.444172
0.058247	0.678490	0.680985	1.485159
0.054751	0.678142	0.680349	1.490234
0.072762	0.670086	0.674025	1.462634
0.088604	0.663264	0.669156	1.437996
0.083201	0.669867	0.675014	1.447224
0.098962	0.658502	0.665897	1.421629
0.084509	0.662945	0.668309	1.444005
0.069733	0.670137	0.673756	1.467112
0.053138	0.677289	0.679370	1.492500
0.033958	0.680310	0.681157	1.520923
0.015153	0.682389	0.682557	1.548594
0.043961	0.679282	0.680703	1.506169
0.068345	0.672071	0.675537	1.469452
0.092935	0.664337	0.670806	1.431807
0.101147	0.655925	0.663678	1.417797
0.096336	0.649044	0.656154	1.423445
0.093953	0.653143	0.659866	1.427929
0.088014	0.659806	0.665650	1.438186
0.071699	0.669296	0.673125	1.464078
0.046256	0.679043	0.680617	1.502782
0.023568	0.680989	0.681397	1.536202
0.003264	0.681653	0.681661	1.566008
-0.018887	0.681117	0.681378	1.598518
-0.033957	0.678062	0.678912	1.620834
-0.048514	0.673570	0.675315	1.642697
-0.023731	0.680904	0.681318	1.605634
0.001072	0.681612	0.681613	1.569223
0.018140	0.681194	0.681435	1.544173
0.035688	0.680165	0.681101	1.518375
0.053904	0.675739	0.677885	1.491194
0.069152	0.670594	0.674150	1.468039
0.089246	0.658897	0.664913	1.436169
0.095062	0.651384	0.658284	1.425880
0.098859	0.651068	0.658530	1.420105
0.096808	0.661553	0.668598	1.425493
0.074781	0.670025	0.674185	1.459647
0.079573	0.672831	0.677520	1.453077
0.079574	0.676752	0.681414	1.453752
0.098707	0.659294	0.666642	1.422184
0.101247	0.644710	0.652611	1.415026
0.094881	0.627894	0.635022	1.420820
0.093593	0.626289	0.633244	1.422454
0.093485	0.627468	0.634394	1.422896
0.094204	0.630712	0.637709	1.422531
0.091351	0.626992	0.633612	1.426117
0.095639	0.636441	0.643586	1.421641
0.093432	0.634970	0.641807	1.424701
0.092880	0.636423	0.643164	1.425878
0.092817	0.638794	0.645502	1.426505
0.092958	0.641611	0.648310	1.426915
0.093174	0.644710	0.651408	1.427270
0.092502	0.648284	0.654851	1.429065
0.077709	0.666621	0.671135	1.454748
0.061326	0.673373	0.676160	1.479974
0.039530	0.678466	0.679616	1.512599
0.012991	0.680179	0.680303	1.551700
-0.001937	0.680198	0.680201	1.573644
-0.020349	0.679696	0.680000	1.600725
-0.037798	0.677260	0.678314	1.626548
-0.048251	0.669177	0.670914	1.642777
-0.037954	0.667916	0.668993	1.627559
-0.031548	0.669262	0.670005	1.617900
-0.021314	0.674394	0.674730	1.602390
-0.027823	0.678116	0.678686	1.611804
-0.030183	0.678198	0.678870	1.615271
-0.041165	0.674724	0.675978	1.631730
-0.026660	0.674591	0.675118	1.610296
-0.042796	0.668003	0.669373	1.634774
-0.042339	0.667711	0.669052	1.634120
-0.045189	0.668054	0.669581	1.638336
-0.029469	0.674549	0.675193	1.614456
-0.036290	0.675812	0.676786	1.624443
-0.028729	0.675039	0.675650	1.613329
-0.045755	0.672190	0.673745	1.638760
-0.027224	0.674180	0.674730	1.611155
-0.027017	0.677308	0.677847	1.610665
-0.036364	0.675994	0.676971	1.624538
-0.023020	0.674767	0.675160	1.604899
-0.031206	0.670701	0.671427	1.617290
-0.042813	0.669955	0.671322	1.634614
-0.036393	0.677443	0.678420	1.624466
-0.018319	0.679340	0.679587	1.597756
0.000574	0.679449	0.679450	1.569952
0.019716	0.678482	0.678768	1.541746
0.010113	0.678382	0.678457	1.555889
0.009884	0.677535	0.677607	1.556209
-0.011830	0.676060	0.676163	1.588293
-0.031967	0.667340	0.668105	1.618661
-0.046564	0.656896	0.658544	1.641563
-0.059115	0.645311	0.648013	1.662149
-0.071815	0.633786	0.637841	1.683626
-0.082980	0.623038	0.628539	1.703204
-0.100611	0.608291	0.616556	1.734712
-0.114224	0.596215	0.607058	1.760085
-0.132541	0.581605	0.596516	1.794858
-0.151534	0.567962	0.587830	1.831525
-0.169494	0.554890	0.580199	1.867250
-0.189493	0.541071	0.573294	1.907667
-0.206918	0.528077	0.567168	1.944243
-0.220034	0.518612	0.563359	1.972053
-0.232542	0.508919	0.559531	1.999400
-0.245363	0.499407	0.556427	2.027466
-0.257805	0.489717	0.553432	2.055369
-0.279841	0.471750	0.548506	2.106199
-0.264790	0.484191	0.551865	2.071234
-0.248545	0.496816	0.555518	2.034664
-0.227460	0.512924	0.561096	1.988197
-0.203754	0.529973	0.567792	1.937835
-0.183762	0.544435	0.574611	1.896317
-0.161623	0.559768	0.582634	1.851884
-0.142263	0.574310	0.591668	1.813619
-0.130333	0.583430	0.597811	1.790579
-0.118007	0.592297	0.603938	1.767457
-0.102127	0.606260	0.614802	1.737684
-0.089510	0.617599	0.624052	1.714727
-0.072263	0.632268	0.636384	1.684594
-0.051308	0.652982	0.654995	1.649211
-0.033752	0.665622	0.666478	1.621460
-0.017548	0.673833	0.674061	1.596832
0.000477	0.676416	0.676416	1.570092
0.005528	0.677804	0.677827	1.562641
0.017928	0.678139	0.678376	1.544365
0.006551	0.679345	0.679376	1.561153
-0.018245	0.679406	0.679651	1.597644
-0.041764	0.674972	0.676263	1.632593
-0.044848	0.667509	0.669013	1.637883
-0.046534	0.671277	0.672888	1.640007
-0.031098	0.675288	0.676004	1.616816
-0.040369	0.674057	0.675265	1.630615
-0.040811	0.669257	0.670501	1.631701
-0.041428	0.672006	0.673282	1.632366
-0.030673	0.676027	0.676722	1.616137
-0.030465	0.669996	0.670688	1.616235
-0.041049	0.667705	0.668965	1.632196
-0.045681	0.671088	0.672641	1.638761
-0.032625	0.676805	0.677590	1.618963
-0.016746	0.679632	0.679838	1.595431
0.000553	0.679484	0.679484	1.569983
0.015853	0.678913	0.679098	1.547451
0.021905	0.678057	0.678411	1.538502
-0.003430	0.678479	0.678487	1.575851
-0.014158	0.675123	0.675271	1.591764
-0.028619	0.668374	0.668987	1.613589
-0.051137	0.653504	0.655502	1.648887
-0.063287	0.641566	0.644680	1.669123
-0.074400	0.630472	0.634847	1.688260
-0.089373	0.617611	0.624044	1.714507
-0.101556	0.606606	0.615048	1.736674
-0.115533	0.595183	0.606293	1.762526
-0.129815	0.584057	0.598309	1.789506
-0.149164	0.569425	0.588639	1.826995
-0.133101	0.581497	0.596535	1.795814
-0.116328	0.594044	0.605327	1.764174
-0.098936	0.609323	0.617303	1.731763
-0.083866	0.623085	0.628704	1.704591
-0.070135	0.636356	0.640209	1.680566
-0.059777	0.647716	0.650468	1.662824
-0.048805	0.659322	0.661126	1.644685
-0.029697	0.668405	0.669065	1.615197
-0.015420	0.674016	0.674192	1.593670
-0.004155	0.676489	0.676501	1.576938
0.007427	0.677504	0.677545	1.559834
0.016371	0.677830	0.678027	1.546649
0.021060	0.678085	0.678412	1.539749
0.004842	0.679086	0.679103	1.563666
-0.015287	0.679499	0.679671	1.593290
0.001833	0.679592	0.679594	1.568098
0.016900	0.679301	0.679512	1.545923
-0.003154	0.679804	0.679811	1.575436
-0.027451	0.679191	0.679746	1.611192
-0.044618	0.673499	0.674976	1.636948
-0.041060	0.670067	0.671324	1.631998
-0.031524	0.670082	0.670823	1.617807
-0.023499	0.675459	0.675867	1.605572
-0.025111	0.677463	0.677928	1.607846
-0.027931	0.675591	0.676168	1.612117
-0.035817	0.668182	0.669141	1.624348
-0.046257	0.667946	0.669546	1.639938
-0.036899	0.677392	0.678396	1.625215
-0.014659	0.679742	0.679900	1.592359
0.005831	0.679811	0.679836	1.562219
0.029682	0.678526	0.679175	1.527079
0.032664	0.678026	0.678812	1.522659
0.026577	0.678377	0.678897	1.531639
0.016009	0.678776	0.678965	1.547215
0.020558	0.677982	0.678293	1.540483
-0.005239	0.678133	0.678153	1.578522
-0.020499	0.672791	0.673103	1.601256
-0.037641	0.663509	0.664576	1.627465
-0.053283	0.651264	0.653441	1.652429
-0.072819	0.632055	0.636236	1.685500
-0.086760	0.620009	0.626050	1.709827
-0.098675	0.609285	0.617224	1.731355
-0.110414	0.599744	0.609823	1.752860
-0.121803	0.590007	0.602449	1.774380
-0.138372	0.576906	0.593268	1.806201
-0.160006	0.560448	0.582841	1.848895
-0.175002	0.549945	0.577118	1.878882
-0.189236	0.539514	0.571739	1.908142
-0.204080	0.529192	0.567180	1.938866
-0.218183	0.518876	0.562882	1.968843
-0.231904	0.509006	0.559345	1.998300
-0.244850	0.498975	0.555812	2.026982
-0.260240	0.487212	0.552359	2.061382
-0.274590	0.475499	0.549089	2.094490
-0.287000	0.465145	0.546561	2.123632
-0.298994	0.454578	0.544094	2.152592
-0.311736	0.443492	0.542093	2.183474
-0.323965	0.432243	0.540173	2.213975
-0.344131	0.412377	0.537104	2.266226
-0.330836	0.425608	0.539068	2.231558
-0.316405	0.439040	0.541173	2.195263
-0.300649	0.453198	0.543855	2.156531
-0.283532	0.467637	0.546877	2.115840
-0.266284	0.482020	0.550681	2.075506
-0.246666	0.497206	0.555030	2.031321
-0.234706	0.506698	0.558417	2.004580
-0.222403	0.515970	0.561862	1.977771
-0.206057	0.527988	0.566772	1.942885
-0.188798	0.540273	0.572311	1.906981
-0.206758	0.527429	0.566507	1.944396
-0.223807	0.514849	0.561390	1.980858
-0.247411	0.496436	0.554672	2.033143
-0.264807	0.482974	0.550806	2.072322
-0.280510	0.469921	0.547276	2.108955
-0.294793	0.457830	0.544528	2.142865
-0.308101	0.445810	0.541916	2.175527
-0.321172	0.434053	0.539957	2.207827
-0.333578	0.422206	0.538082	2.239461
-0.353415	0.401797	0.535110	2.292218
-0.363802	0.390924	0.534016	2.320273
-0.373858	0.379787	0.532924	2.348327
-0.390824	0.359675	0.531140	2.397676
-0.377200	0.375736	0.532407	2.358140
-0.361901	0.392435	0.533833	2.315739
-0.374848	0.378254	0.532529	2.351673
-0.386817	0.364227	0.531308	2.386264
-0.396525	0.352213	0.530364	2.415308
-0.405787	0.340021	0.529412	2.444149
-0.418988	0.322399	0.528670	2.485747
-0.430540	0.305575	0.527959	2.524354
-0.440319	0.290530	0.527530	2.558347
-0.449153	0.275777	0.527059	2.590947
-0.433448	0.300838	0.527618	2.534865
-0.424013	0.314680	0.528025	2.503137
-0.413884	0.328526	0.528422	2.470666
-0.424242	0.314090	0.527857	2.504292
-0.433710	0.299846	0.527268	2.536695
-0.449025	0.274696	0.526385	2.592570
-0.459420	0.256624	0.526234	2.632185
-0.468568	0.239152	0.526070	2.669669
-0.475970	0.223886	0.525997	2.701921
-0.482670	0.208756	0.525880	2.733386
-0.472079	0.230867	0.525507	2.686749
-0.482003	0.209361	0.525509	2.731824
-0.490211	0.189218	0.525462	2.773220
-0.499285	0.164928	0.525820	2.822548
-0.506446	0.142426	0.526092	2.867448
-0.508115	0.134205	0.525540	2.883366
-0.513505	0.113558	0.525911	2.923953
-0.517677	0.094133	0.526166	2.961721
-0.522848	0.065922	0.526987	3.016171
-0.526005	0.040920	0.527594	3.063955
-0.524862	0.044619	0.526755	3.056785
-0.526806	0.024349	0.527368	3.095406
-0.527823	0.005227	0.527849	3.131689
-0.528457	-0.022409	0.528932	3.183971
-0.527727	-0.047761	0.529883	3.231851
-0.527455	-0.036096	0.528688	3.209920
-0.526507	-0.056282	0.529507	3.248085
-0.524825	-0.075450	0.530221	3.284376
-0.521589	-0.102869	0.531637	3.336316
-0.517382	-0.127540	0.532870	3.383284
-0.517379	-0.123621	0.531943	3.376133
-0.513797	-0.141316	0.532877	3.409998
-0.509696	-0.158540	0.533784	3.443155
-0.503666	-0.181351	0.535320	3.487204
-0.497097	-0.202499	0.536760	3.528431
-0.498637	-0.195506	0.535595	3.515254
-0.489466	-0.221824	0.537385	3.567102
-0.480558	-0.245125	0.539464	3.613275
-0.471285	-0.266653	0.541492	3.656485
-0.473837	-0.259291	0.540142	3.642295
-0.466226	-0.276093	0.541843	3.676248
-0.458210	-0.292502	0.543612	3.709740
-0.450598	-0.307095	0.545294	3.739813
-0.442663	-0.321445	0.547062	3.769662
-0.443941	-0.317951	0.546056	3.763109
-0.435192	-0.333344	0.548188	3.795237
-0.426136	-0.348414	0.550440	3.826981
-0.417775	-0.361630	0.552551	3.855079
-0.409144	-0.374609	0.554735	3.882956
-0.411010	-0.370709	0.553493	3.875482
-0.402003	-0.384078	0.555988	3.904193
-0.392738	-0.397215	0.558590	3.932658
-0.375448	-0.420421	0.563662	3.983439
-0.371449	-0.424842	0.564327	3.993942
-0.354987	-0.445731	0.569818	4.039838
-0.338968	-0.465092	0.575509	4.082582
-0.334572	-0.469574	0.576574	4.093323
-0.319096	-0.487633	0.582759	4.132942
-0.303850	-0.504881	0.589262	4.170629
-0.291245	-0.518602	0.594787	4.200687
-0.279952	-0.531105	0.600371	4.227287
-0.268575	-0.543476	0.606217	4.253409
-0.262871	-0.549157	0.608831	4.265941
-0.248161	-0.565399	0.617463	4.298793
-0.233020	-0.581868	0.626792	4.331478
-0.218463	-0.597693	0.636367	4.361964
-0.205290	-0.612140	0.645646	4.388812
-0.191594	-0.626893	0.655518	4.415780
-0.177787	-0.641507	0.665687	4.442035
-0.163820	-0.656155	0.676296	4.467724
-0.146952	-0.671272	0.687169	4.496873
-0.123541	-0.687807	0.698814	4.534668
-0.109438	-0.693948	0.702525	4.555974
-0.095222	-0.699786	0.706235	4.577147
-0.079523	-0.703422	0.707903	4.599815
-0.063672	-0.707261	0.710121	4.622605
-0.048945	-0.708946	0.710634	4.643459
-0.033146	-0.710920	0.711692	4.665798
-0.006676	-0.711452	0.711484	4.703005
0.017732	-0.709966	0.710188	4.737360
0.043523	-0.705867	0.707207	4.773969
0.066351	-0.699158	0.702300	4.807007
0.079309	-0.692848	0.697373	4.826361
0.093959	-0.685592	0.692000	4.848589
0.102734	-0.679342	0.687066	4.862478
0.114117	-0.672617	0.682229	4.880449
0.121425	-0.666450	0.677421	4.892608
0.132083	-0.659726	0.672818	4.909985
0.137791	-0.654406	0.668755	4.919916
0.146846	-0.648447	0.664866	4.935091
0.157478	-0.640239	0.659322	4.953568
0.168321	-0.632396	0.654414	4.972523
0.178019	-0.624658	0.649529	4.990016
0.188395	-0.617069	0.645188	5.008706
0.193159	-0.612372	0.642114	5.017938
0.203535	-0.605941	0.639211	5.036446
0.207954	-0.601643	0.636568	5.045177
0.216745	-0.595835	0.634033	5.061275
0.221106	-0.591461	0.631438	5.070133
0.231027	-0.585102	0.629061	5.088447
0.243920	-0.575192	0.624774	5.113469
0.253319	-0.567658	0.621616	5.132122
0.263766	-0.559808	0.618836	5.152709
0.272834	-0.552362	0.616069	5.171177
0.283176	-0.544450	0.613689	5.191998
0.287335	-0.540251	0.611909	5.201195
0.297196	-0.533318	0.610535	5.220788
0.309654	-0.522993	0.607789	5.246964
0.314999	-0.518137	0.606374	5.258630
0.323204	-0.511737	0.605257	5.275708
0.335345	-0.501202	0.603042	5.302061
0.343597	-0.493598	0.601413	5.320498
0.353439	-0.485073	0.600179	5.342072
0.361226	-0.477543	0.598775	5.359990
0.370650	-0.468995	0.597777	5.381193
0.383347	-0.456859	0.596385	5.410516
0.394751	-0.445413	0.595165	5.437561
0.406908	-0.432939	0.594147	5.466802
0.417763	-0.421208	0.593247	5.493681
0.424850	-0.412988	0.592500	5.511944
0.433626	-0.403334	0.592207	5.533964
0.439894	-0.395502	0.591547	5.550875
0.448149	-0.385876	0.591387	5.572315
0.459285	-0.372030	0.591058	5.602365
0.469096	-0.359086	0.590757	5.629846
0.479487	-0.344889	0.590640	5.659632
0.488656	-0.331581	0.590534	5.686996
0.493628	-0.323564	0.590222	5.702966
0.501074	-0.312598	0.590587	5.725409
0.505080	-0.305378	0.590222	5.739382
0.511828	-0.294710	0.590612	5.760751
0.521101	-0.278693	0.590945	5.792074
0.528921	-0.264039	0.591163	5.820176
0.537262	-0.247693	0.591610	5.851199
0.544296	-0.232685	0.591946	5.879201
0.547351	-0.224984	0.591786	5.893197
0.553061	-0.212637	0.592529	5.916136
0.554560	-0.207291	0.592036	5.925473
0.560241	-0.194224	0.592952	5.949471
0.566501	-0.177259	0.593586	5.979934
0.571731	-0.161560	0.594119	6.007785
0.577008	-0.144437	0.594811	6.037905
0.581355	-0.128557	0.595399	6.065555
0.582671	-0.121540	0.595212	6.077543
0.586564	-0.107211	0.596282	6.102402
0.587127	-0.101816	0.595890	6.111478
0.590491	-0.087673	0.596965	6.135787
0.593747	-0.069593	0.597812	6.166508
0.596186	-0.052932	0.598531	6.194633
0.598372	-0.034972	0.599393	6.224807
0.599886	-0.018200	0.600162	6.252856
0.599827	-0.011886	0.599945	6.263373
0.601210	0.003731	0.601222	6.289391
0.600909	0.009527	0.600984	6.299039
0.601611	0.023695	0.602078	6.322551
0.601571	0.040342	0.602922	6.350146
0.601130	0.056477	0.603777	6.376862
0.600225	0.072926	0.604639	6.404090
0.598958	0.088879	0.605517	6.430500
0.597658	0.099712	0.605919	6.448501
0.596104	0.114172	0.606939	6.472423
0.594445	0.124141	0.607269	6.489062
0.592411	0.137777	0.608222	6.511693
0.589447	0.153688	0.609154	6.538240
0.586172	0.169269	0.610123	6.564308
0.582467	0.184668	0.611040	6.590205
0.578389	0.200168	0.612046	6.616362
0.575722	0.208264	0.612233	6.630284
0.571382	0.223561	0.613561	6.656137
0.568919	0.229575	0.613493	6.666731
0.564019	0.244874	0.614883	6.692788
0.558882	0.258378	0.615717	6.716231
0.552928	0.273517	0.616880	6.742561
0.547400	0.286078	0.617647	6.764758
0.540753	0.300917	0.618842	6.790989
0.534919	0.312636	0.619580	6.812095
0.527505	0.327460	0.620879	6.838738
0.521409	0.338342	0.621565	6.858787
0.513552	0.352389	0.622828	6.884576
0.506972	0.363022	0.623543	6.904608
0.498322	0.377033	0.624883	6.930901
0.491689	0.386667	0.625515	6.949582
0.482673	0.399917	0.626823	6.975091
0.475477	0.409529	0.627529	6.994204
0.465672	0.422722	0.628923	7.020276
0.458510	0.431396	0.629551	7.038124
0.448559	0.443619	0.630875	7.063047
0.440732	0.452384	0.631583	7.081629
0.429857	0.464663	0.633000	7.107474
0.423045	0.471461	0.633437	7.122657
0.411339	0.483701	0.634953	7.149256
0.401650	0.492907	0.635831	7.170246
0.388690	0.505144	0.637377	7.198139
0.378968	0.513502	0.638201	7.218201
0.365823	0.524769	0.639694	7.245196
0.355331	0.533007	0.640591	7.265987
0.341203	0.544008	0.642155	7.293800
0.330745	0.551411	0.642998	7.313698
0.316659	0.561320	0.644479	7.340353
0.307791	0.566890	0.645057	7.356570
0.291681	0.577361	0.646857	7.386186
0.283366	0.582015	0.647331	7.400893
0.267415	0.591403	0.649052	7.429324
0.258290	0.596070	0.649625	7.445083
0.241240	0.605137	0.651450	7.474637
0.232232	0.609241	0.652002	7.489801
0.216011	0.616928	0.653652	7.517182
0.203342	0.622263	0.654645	7.538143
0.186027	0.629415	0.656330	7.566608
0.175090	0.633298	0.657056	7.584246
0.156732	0.639944	0.658858	7.613794
0.145007	0.643536	0.659671	7.632354
0.125603	0.649535	0.661568	7.662965
0.115092	0.652132	0.662210	7.679296
0.095596	0.657176	0.664093	7.709529
0.083994	0.659577	0.664904	7.727318
0.064966	0.663540	0.666713	7.756385
0.053628	0.665337	0.667494	7.773553
0.035935	0.668151	0.669116	7.800250
0.023661	0.669582	0.670000	7.818659
0.004792	0.671724	0.671741	7.846848
-0.024807	0.673714	0.674170	7.890786
-0.037640	0.673997	0.675047	7.909770
-0.059894	0.674468	0.677122	7.942552
-0.072368	0.674095	0.677968	7.960928
-0.093428	0.673442	0.679892	7.991834
-0.106596	0.672411	0.680808	8.011201
-0.129053	0.670567	0.682872	8.044110
-0.141950	0.668879	0.683776	8.063100
-0.162797	0.666047	0.685655	8.093705
-0.178762	0.663334	0.686999	8.117218
-0.194685	0.660235	0.688341	8.140727
-0.209595	0.656955	0.689580	8.162813
-0.224456	0.653338	0.690819	8.184901
-0.240210	0.649145	0.692163	8.208397
-0.255896	0.644568	0.693506	8.231902
-0.270543	0.639904	0.694745	8.253976
-0.285108	0.634907	0.695984	8.276050
-0.299140	0.629653	0.697100	8.297501
-0.319514	0.621712	0.699010	8.328708
-0.335677	0.614755	0.700431	8.353775
-0.351694	0.607374	0.701849	8.378847
-0.368356	0.599190	0.703359	8.405182
-0.384827	0.590544	0.704865	8.431515
-0.400249	0.581911	0.706272	8.456485
-0.415480	0.572872	0.707676	8.481459
-0.430208	0.563647	0.709067	8.505913
-0.444726	0.554046	0.710456	8.530359
-0.458326	0.544552	0.711758	8.553612
-0.471725	0.534722	0.713058	8.576867
-0.485639	0.524008	0.714444	8.601396
-0.499310	0.512930	0.715827	8.625925
-0.512065	0.502051	0.717123	8.649254
-0.524585	0.490852	0.718418	8.672588
-0.538928	0.477376	0.719952	8.699870
-0.552924	0.463477	0.721481	8.727157
-0.565982	0.449760	0.722925	8.753305
-0.578693	0.435679	0.724363	8.779445
-0.591667	0.420518	0.725882	8.806884
-0.604233	0.404977	0.727395	8.834311
-0.615835	0.389781	0.728823	8.860496
-0.627047	0.374258	0.730244	8.886672
-0.637032	0.359680	0.731559	8.910780
-0.646676	0.344834	0.732872	8.934892
-0.655611	0.330312	0.734120	8.958076
-0.664218	0.315560	0.735367	8.981260
-0.672789	0.300040	0.736661	9.005284
-0.680993	0.284291	0.737952	9.029306
-0.688566	0.268848	0.739190	9.052535
-0.695786	0.253204	0.740426	9.075764
-0.703811	0.234617	0.741886	9.103010
-0.711332	0.215781	0.743340	9.130253
-0.718036	0.197540	0.744713	9.156308
-0.724264	0.179102	0.746081	9.182353
-0.730257	0.159681	0.747511	9.209502
-0.735721	0.140068	0.748935	9.236647
-0.740450	0.121087	0.750285	9.262681
-0.744682	0.101960	0.751630	9.288706
-0.748287	0.083432	0.752924	9.313739
-0.751425	0.064788	0.754213	9.338771
-0.754011	0.046625	0.755451	9.363021
-0.756153	0.028373	0.756685	9.387272
-0.757899	0.009437	0.757958	9.412327
-0.759166	-0.009568	0.759227	9.437381
-0.759928	-0.028074	0.760447	9.461704
-0.760235	-0.046619	0.761663	9.486024
-0.760030	-0.067765	0.763045	9.513704
-0.759230	-0.088920	0.764420	9.541366
-0.757885	-0.109344	0.765732	9.568065
-0.755984	-0.129751	0.767038	9.594754
-0.753441	-0.150810	0.768386	9.622329
-0.750307	-0.171815	0.769728	9.649890
-0.746719	-0.191997	0.771007	9.676448
-0.742582	-0.212105	0.772280	9.703001
-0.738249	-0.230707	0.773458	9.727668
-0.733447	-0.249217	0.774632	9.752327
-0.728239	-0.267418	0.775786	9.776704
-0.722576	-0.285509	0.776937	9.801076
-0.716412	-0.303596	0.778086	9.825609
-0.709794	-0.321548	0.779231	9.850137
-0.702795	-0.339176	0.780359	9.874417
-0.695356	-0.356648	0.781484	9.898692
-0.686861	-0.375263	0.782687	9.924811
-0.677868	-0.393663	0.783885	9.950913
-0.668560	-0.411500	0.785051	9.976519
-0.658782	-0.429109	0.786212	10.002114
-0.648370	-0.446752	0.787383	10.028109
-0.637487	-0.464132	0.788549	10.054092
-0.626329	-0.480954	0.789686	10.079633
-0.614727	-0.497499	0.790819	10.105164
-0.602304	-0.514259	0.791980	10.131485
-0.589425	-0.530699	0.793135	10.157795
-0.576312	-0.546552	0.794263	10.183679
-0.562774	-0.562072	0.795386	10.209553
-0.548554	-0.577522	0.796520	10.235895
-0.533915	-0.592601	0.797647	10.262225
-0.519057	-0.607111	0.798751	10.288206
-0.503809	-0.621237	0.799850	10.314176
-0.488585	-0.634618	0.800909	10.339465
-0.473014	-0.647614	0.801964	10.364739
-0.457260	-0.660095	0.803002	10.389751
-0.441185	-0.672182	0.804035	10.414749
-0.424757	-0.683889	0.805061	10.439792
-0.408027	-0.695185	0.806081	10.464819
-0.391090	-0.706007	0.807092	10.489707
-0.373874	-0.716408	0.808098	10.514581
-0.356319	-0.726416	0.809100	10.539542
-0.338505	-0.735984	0.810098	10.564489
-0.320395	-0.745132	0.811095	10.589489
-0.302046	-0.753827	0.812088	10.614479
-0.283644	-0.761978	0.813059	10.639220
-0.265030	-0.769673	0.814026	10.663950
-0.246139	-0.776936	0.814994	10.688770
-0.227059	-0.783729	0.815957	10.713579
-0.208671	-0.789761	0.816863	10.737257
-0.190134	-0.795355	0.817765	10.760923
-0.171018	-0.800628	0.818690	10.785132
-0.151769	-0.805436	0.819610	10.809328
-0.132987	-0.809637	0.820486	10.832773
-0.114099	-0.813395	0.821359	10.856208
-0.094526	-0.816810	0.822261	10.880361
-0.074865	-0.819748	0.823160	10.904500
-0.054454	-0.822275	0.824076	10.929448
-0.033977	-0.824288	0.824988	10.954378
-0.013308	-0.825795	0.825902	10.979461
0.007400	-0.826779	0.826812	11.004524
0.027997	-0.827229	0.827703	11.029406
0.048606	-0.827163	0.828590	11.054269
0.069316	-0.826577	0.829478	11.079238
0.090012	-0.825469	0.830363	11.104189
0.109768	-0.823914	0.831194	11.128022
0.129491	-0.821884	0.832022	11.151844
0.149759	-0.819302	0.832877	11.176367
0.169967	-0.816219	0.833727	11.200877
0.189305	-0.812775	0.834529	11.224406
0.208566	-0.808872	0.835328	11.247926
0.228426	-0.804352	0.836158	11.272277
0.248178	-0.799344	0.836985	11.296615
0.266910	-0.794104	0.837760	11.319826
0.285522	-0.788425	0.838533	11.343025
0.304688	-0.782081	0.839337	11.367071
0.323702	-0.775272	0.840137	11.391104
0.341762	-0.768305	0.840889	11.414118
0.359664	-0.760919	0.841638	11.437120
0.378044	-0.752829	0.842418	11.460952
0.396230	-0.744298	0.843195	11.484769
0.413128	-0.735873	0.843910	11.507137
0.429840	-0.727066	0.844622	11.529496
0.447086	-0.717471	0.845370	11.552836
0.464108	-0.707471	0.846115	11.576163
0.479952	-0.697654	0.846802	11.598168
0.495582	-0.687484	0.847488	11.620166
0.511956	-0.676300	0.848222	11.643538
0.528068	-0.664730	0.848953	11.666897
0.543808	-0.652843	0.849665	11.690107
0.559271	-0.640587	0.850374	11.713305
0.574980	-0.627524	0.851110	11.737305
0.590372	-0.614081	0.851842	11.761291
0.604824	-0.600832	0.852532	11.784284
0.618971	-0.587247	0.853220	11.807267
0.633257	-0.572874	0.853932	11.830994
0.647200	-0.558160	0.854641	11.854708
0.659837	-0.544177	0.855285	11.876740
0.672165	-0.529912	0.855928	11.898763
0.685024	-0.514340	0.856623	11.922336
0.697514	-0.498462	0.857316	11.945895
0.708700	-0.483531	0.857938	11.967638
0.719562	-0.468353	0.858559	11.989372
0.730868	-0.451790	0.859233	12.012708
0.741785	-0.434961	0.859905	12.036032
0.751440	-0.419296	0.860507	12.057414
0.760761	-0.403421	0.861108	12.078788
0.770329	-0.386282	0.861754	12.101563
0.779504	-0.368925	0.862399	12.124326
0.787648	-0.352633	0.862983	12.145427
0.795447	-0.336167	0.863565	12.166523
0.803429	-0.318333	0.864195	12.189129
0.811006	-0.300318	0.864824	12.211724
0.817498	-0.283857	0.865377	12.232169
0.823653	-0.267259	0.865929	12.252609
0.830075	-0.248760	0.866549	12.275204
0.836077	-0.230116	0.867167	12.297788
0.841107	-0.213199	0.867707	12.318125
0.845793	-0.196176	0.868246	12.338457
0.850572	-0.177274	0.868849	12.360895
0.854925	-0.158264	0.869451	12.383322
0.858605	-0.140341	0.869999	12.404351
0.861907	-0.122338	0.870546	12.425374
0.865075	-0.102690	0.871149	12.448217
0.867792	-0.082971	0.871749	12.471049
0.869854	-0.065009	0.872280	12.491773
0.871542	-0.047002	0.872809	12.512493
0.872968	-0.027291	0.873395	12.535118
0.873947	-0.007548	0.873979	12.557734
0.874433	0.010349	0.874495	12.578205
0.874552	0.028258	0.875008	12.598671
0.874274	0.047626	0.875571	12.620792
0.873566	0.066988	0.876131	12.642904
0.872532	0.084654	0.876629	12.663089
0.871140	0.102303	0.877127	12.683271
0.869227	0.121475	0.877675	12.705222
0.866892	0.140604	0.878221	12.727163
0.864306	0.158546	0.878728	12.747791
0.861348	0.176436	0.879233	12.768413
0.858028	0.194211	0.879733	12.788965
0.854341	0.211919	0.880232	12.809512
0.850316	0.229427	0.880724	12.829909
0.845934	0.246856	0.881216	12.850301
0.841205	0.264147	0.881703	12.870631
0.836124	0.281345	0.882189	12.890957
0.830710	0.298376	0.882670	12.911202
0.824949	0.315299	0.883151	12.931442
0.818859	0.332062	0.883626	12.951624
0.812430	0.348702	0.884102	12.971801
0.805674	0.365181	0.884572	12.991933
0.798586	0.381524	0.885042	13.012060
0.791192	0.397667	0.885508	13.032110
0.783473	0.413663	0.885972	13.052156
0.775297	0.429761	0.886443	13.072522
0.766793	0.445693	0.886912	13.092884
0.757993	0.461394	0.887377	13.113166
0.748873	0.476918	0.887841	13.133444
0.739511	0.492137	0.888299	13.153557
0.729842	0.507168	0.888757	13.173667
0.719902	0.521953	0.889209	13.193701
0.709664	0.536540	0.889662	13.213732
0.699233	0.550784	0.890107	13.233565
0.688518	0.564823	0.890552	13.253395
0.677557	0.578606	0.890993	13.273158
0.666322	0.592172	0.891433	13.292918
0.654894	0.605427	0.891868	13.312539
0.643205	0.618457	0.892301	13.332156
0.631292	0.631221	0.892731	13.351713
0.619127	0.643753	0.893161	13.371267
0.606909	0.655858	0.893582	13.390513
0.594456	0.667729	0.894003	13.409756
0.581804	0.679331	0.894420	13.428948
0.568927	0.690691	0.894836	13.448137
0.555909	0.701736	0.895248	13.467205
0.542679	0.712533	0.895658	13.486270
0.529271	0.723053	0.896065	13.505290
0.515660	0.733319	0.896472	13.524306
0.501801	0.743359	0.896876	13.543386
0.487749	0.753134	0.897280	13.562462
0.473555	0.762610	0.897679	13.581474
0.459177	0.771817	0.898079	13.600483
0.444687	0.780710	0.898473	13.619405
0.430026	0.789329	0.898867	13.638325
0.415246	0.797644	0.899258	13.657182
0.400307	0.805680	0.899648	13.676038
0.385209	0.813437	0.900036	13.694897
0.369962	0.820910	0.900425	13.713753
0.354618	0.828073	0.900810	13.732551
0.339137	0.834948	0.901195	13.751346
0.323647	0.841483	0.901577	13.769993
0.308033	0.847728	0.901958	13.788637
0.292344	0.853666	0.902336	13.807228
0.276543	0.859312	0.902714	13.825815
0.260766	0.864621	0.903088	13.844247
0.244889	0.869639	0.903462	13.862677
0.228958	0.874353	0.903833	13.881057
0.212939	0.878773	0.904204	13.899435
0.196952	0.882870	0.904571	13.917679
0.180889	0.886675	0.904938	13.935920
0.164790	0.890178	0.905303	13.954119
0.148625	0.893389	0.905667	13.972315
0.132488	0.896290	0.906029	13.990412
0.116295	0.898900	0.906391	14.008507
0.100082	0.901211	0.906751	14.026567
0.083825	0.903229	0.907111	14.044626
0.067590	0.904947	0.907468	14.062616
0.051321	0.906372	0.907824	14.080605
0.035069	0.907501	0.908178	14.098543
0.018795	0.908338	0.908532	14.116479
0.002417	0.908882	0.908885	14.134508
-0.013974	0.909130	0.909237	14.152536
-0.030326	0.909082	0.909588	14.170514
-0.046680	0.908739	0.909938	14.188490
-0.062922	0.908107	0.910284	14.206346
-0.079156	0.907184	0.910631	14.224201
-0.095335	0.905972	0.910975	14.242010
-0.111496	0.904473	0.911319	14.259820
-0.127316	0.902721	0.911655	14.277279
-0.143109	0.900693	0.911991	14.294738
-0.158834	0.898393	0.912326	14.312157
-0.174522	0.895818	0.912660	14.329575
-0.190067	0.892987	0.912991	14.346881
-0.205565	0.889887	0.913321	14.364186
-0.220978	0.886524	0.913650	14.381452
-0.236336	0.882894	0.913978	14.398718
-0.251535	0.879023	0.914304	14.415873
-0.266671	0.874890	0.914629	14.433027
-0.281710	0.870504	0.914952	14.450147
-0.296676	0.865859	0.915275	14.467268
-0.311481	0.860985	0.915596	14.484291
-0.326205	0.855858	0.915916	14.501313
-0.340821	0.850486	0.916234	14.518309
-0.355349	0.844864	0.916553	14.535304
-0.369860	0.838963	0.916873	14.552389
-0.384273	0.832812	0.917192	14.569474
-0.398554	0.826426	0.917510	14.586524
-0.412728	0.819795	0.917828	14.603573
-0.426804	0.812913	0.918144	14.620638
-0.440764	0.805790	0.918460	14.637701
-0.454575	0.798441	0.918775	14.654728
-0.468262	0.790857	0.919089	14.671754
-0.481813	0.783041	0.919401	14.688768
-0.495232	0.774994	0.919712	14.705781
-0.508490	0.766732	0.920022	14.722760
-0.521610	0.758244	0.920332	14.739739
-0.534525	0.749574	0.920640	14.756634
-0.547295	0.740686	0.920949	14.773529
-0.559897	0.731594	0.921257	14.790395
-0.572347	0.722289	0.921565	14.807261
-0.584255	0.713077	0.921864	14.823592
-0.596014	0.703669	0.922162	14.839923
-0.607601	0.694084	0.922460	14.856223
-0.619033	0.684309	0.922757	14.872524
-0.641326	0.664288	0.923351	14.904980
-0.662936	0.643573	0.923943	14.937385
-0.683717	0.622324	0.924531	14.969537
-0.703793	0.600431	0.925117	15.001651
-0.723117	0.577951	0.925703	15.033680
-0.741706	0.554870	0.926287	15.065680
-0.759732	0.530953	0.926878	15.097997
-0.776957	0.506492	0.927468	15.130259
-0.785325	0.493975	0.927764	15.146488
-0.793490	0.481319	0.928060	15.162716
-0.801440	0.468548	0.928355	15.178920
-0.809184	0.455645	0.928650	15.195124
-0.823958	0.429622	0.929237	15.227333
-0.837879	0.403151	0.929823	15.259503
-0.850894	0.376350	0.930408	15.291532
-0.863042	0.349150	0.930993	15.323534
-0.874010	0.322356	0.931561	15.354618
-0.884132	0.295253	0.932128	15.385661
-0.893399	0.267880	0.932696	15.416649
-0.901810	0.240245	0.933262	15.447607
-0.909294	0.212626	0.933823	15.478255
-0.915928	0.184788	0.934383	15.508886
-0.921715	0.156716	0.934943	15.539548
-0.926638	0.128485	0.935504	15.570185
-0.930711	0.099978	0.936065	15.600953
-0.933904	0.071369	0.936627	15.631692
-0.936231	0.042416	0.937191	15.662689
-0.937660	0.013406	0.937755	15.693667
-0.938188	-0.015451	0.938315	15.724431
-0.937828	-0.044323	0.938875	15.755189
-0.936581	-0.073165	0.939435	15.785924
-0.934448	-0.101958	0.939994	15.816644
-0.931519	-0.129970	0.940542	15.846593
-0.927757	-0.157868	0.941092	15.876510
-0.923161	-0.185675	0.941648	15.906445
-0.917737	-0.213332	0.942206	15.936361
-0.911580	-0.240450	0.942759	15.965862
-0.904624	-0.267393	0.943316	15.995365
-0.896824	-0.294305	0.943879	16.025054
-0.888230	-0.320979	0.944447	16.054730
-0.878865	-0.347343	0.945013	16.084341
-0.868724	-0.373427	0.945584	16.113941
-0.857696	-0.399478	0.946163	16.143844
-0.845888	-0.425210	0.946747	16.173752
-0.833427	-0.450369	0.947329	16.203392
-0.820207	-0.475188	0.947915	16.233061
-0.806218	-0.499681	0.948508	16.262803
-0.791499	-0.523763	0.949104	16.292544
-0.776341	-0.547005	0.949695	16.321766
-0.760515	-0.569791	0.950287	16.350963
-0.743919	-0.592257	0.950886	16.380341
-0.726663	-0.614239	0.951487	16.409715
-0.709005	-0.635436	0.952086	16.438695
-0.690715	-0.656143	0.952687	16.467698
-0.671859	-0.676285	0.953287	16.496645
-0.652410	-0.695894	0.953891	16.525601
-0.632284	-0.715041	0.954498	16.554708
-0.611589	-0.733615	0.955109	16.583826
-0.590371	-0.751574	0.955720	16.612915
-0.568600	-0.768942	0.956336	16.642040
-0.546341	-0.785667	0.956954	16.671137
-0.523533	-0.801790	0.957577	16.700309
-0.500224	-0.817271	0.958205	16.729515
-0.476416	-0.832100	0.958834	16.758771
-0.452248	-0.846194	0.959464	16.787934
-0.427694	-0.859567	0.960092	16.817059
-0.402844	-0.872183	0.960722	16.846070
-0.377645	-0.884080	0.961360	16.875060
-0.352289	-0.895180	0.962006	16.903834
-0.326598	-0.905566	0.962661	16.932623
-0.300622	-0.915216	0.963324	16.961391
-0.274328	-0.924142	0.963999	16.990199
-0.247789	-0.932316	0.964683	17.018987
-0.221006	-0.939741	0.965379	17.047780
-0.194032	-0.946402	0.966088	17.076541
-0.166810	-0.952312	0.966811	17.105356
-0.139419	-0.957451	0.967549	17.134161
-0.111738	-0.961836	0.968305	17.163106
-0.083767	-0.965454	0.969081	17.192212
-0.055440	-0.968290	0.969875	17.221566
-0.026892	-0.970311	0.970684	17.251051
0.001705	-0.971488	0.971490	17.280515
0.030274	-0.971821	0.972293	17.309901
0.058859	-0.971311	0.973093	17.339283
0.087309	-0.969969	0.973890	17.368530
0.115759	-0.967787	0.974685	17.397806
0.144163	-0.964765	0.975477	17.427090
0.172600	-0.960888	0.976266	17.456490
0.200793	-0.956194	0.977049	17.485744
0.228802	-0.950684	0.977830	17.514939
0.256547	-0.944381	0.978607	17.544015
0.284063	-0.937283	0.979383	17.573031
0.311239	-0.929428	0.980156	17.601894
0.338203	-0.920832	0.980976	17.630745
0.365106	-0.911472	0.981877	17.659756
0.392473	-0.901125	0.982885	17.689521
0.406413	-0.895518	0.983425	17.704794
0.420274	-0.889694	0.983964	17.720068
0.434024	-0.883669	0.984504	17.735312
0.447689	-0.877430	0.985043	17.750556
0.474653	-0.864372	0.986121	17.780935
0.501185	-0.850512	0.987197	17.811255
0.527182	-0.835919	0.988272	17.841420
0.552706	-0.820562	0.989346	17.871527
0.577716	-0.804471	0.990419	17.901551
0.590173	-0.796045	0.990955	17.916722
0.602507	-0.787426	0.991491	17.931893
