time = 15.2499	Re = 1	40	80
0.156450	0.129873	0.203331	0.692842
0.167019	0.119157	0.205167	0.619687
0.176855	0.107581	0.207005	0.546499
0.192746	0.085653	0.210921	0.418170
0.205366	0.063494	0.214957	0.299854
0.215299	0.040340	0.219045	0.185222
0.222466	0.016257	0.223060	0.072944
0.226881	-0.003222	0.226904	-0.014199
0.229667	-0.022872	0.230803	-0.099259
0.231602	-0.038964	0.234856	-0.166678
0.232421	-0.055397	0.238932	-0.233984
0.233455	-0.080640	0.246990	-0.332589
0.233352	-0.103468	0.255262	-0.417351
0.238109	-0.130621	0.271584	-0.501750
0.252614	-0.136050	0.286920	-0.494025
0.273589	-0.125254	0.300897	-0.429337
0.285501	-0.113424	0.307207	-0.378160
0.297031	-0.100182	0.313470	-0.325298
0.308879	-0.080133	0.319105	-0.253836
0.319151	-0.059445	0.324640	-0.184151
0.327809	-0.034573	0.329627	-0.105077
0.334175	-0.006981	0.334248	-0.020887
0.336235	0.007872	0.336327	0.023408
0.337630	0.022893	0.338405	0.067700
0.337831	0.052404	0.341871	0.153892
0.336463	0.068011	0.343268	0.199448
0.334323	0.083569	0.344610	0.244946
0.331175	0.098431	0.345493	0.288901
0.327337	0.113168	0.346348	0.332859
0.322334	0.128015	0.346824	0.378046
0.316514	0.142537	0.347128	0.423131
0.310023	0.156251	0.347173	0.466841
0.302828	0.169636	0.347104	0.510621
0.294344	0.183723	0.346976	0.558007
0.285024	0.197061	0.346514	0.604920
0.275291	0.210163	0.346343	0.652034
0.264739	0.222578	0.345872	0.699096
0.252608	0.236787	0.346235	0.753082
0.240069	0.250230	0.346768	0.806119
0.226271	0.265118	0.348549	0.864290
0.212329	0.280107	0.351488	0.922176
0.197098	0.297890	0.357192	0.986276
0.181882	0.316254	0.364825	1.048877
0.166800	0.340910	0.379528	1.115763
0.152144	0.366472	0.396799	1.177292
0.144847	0.387522	0.413708	1.213097
0.139248	0.409473	0.432502	1.242998
0.131518	0.433649	0.453154	1.276331
0.125382	0.460520	0.477283	1.304978
0.123370	0.480781	0.496357	1.319613
0.121681	0.500767	0.515338	1.332426
0.117876	0.522353	0.535488	1.348850
0.112154	0.542500	0.553972	1.366934
0.105205	0.564109	0.573835	1.386417
0.100510	0.592358	0.600824	1.402719
0.099148	0.614341	0.622290	1.410787
0.099771	0.627647	0.635527	1.413155
0.101334	0.639622	0.647600	1.413675
0.102450	0.646844	0.654907	1.413716
0.096414	0.660165	0.667168	1.425777
0.086235	0.674349	0.679841	1.443607
0.085899	0.668066	0.673566	1.442920
0.071540	0.673368	0.677157	1.464951
0.056795	0.678722	0.681094	1.487312
0.075638	0.670933	0.675183	1.458535
0.089140	0.668270	0.674189	1.438189
0.091036	0.660973	0.667212	1.433927
0.070981	0.670465	0.674211	1.465320
0.056589	0.675746	0.678111	1.487248
0.041452	0.680618	0.681879	1.509969
0.065949	0.672575	0.675800	1.473054
0.085938	0.662512	0.668063	1.441801
0.097855	0.662079	0.669271	1.424059
0.084720	0.668354	0.673702	1.444710
0.101787	0.661847	0.669628	1.418199
0.094001	0.656042	0.662743	1.428479
0.087688	0.659997	0.665797	1.438709
0.067772	0.671770	0.675180	1.470251
0.044089	0.678638	0.680069	1.505920
0.017059	0.681987	0.682200	1.545788
0.042520	0.678861	0.680191	1.508243
0.065274	0.672873	0.676031	1.474091
0.086057	0.661005	0.666583	1.441333
0.092951	0.656645	0.663191	1.430176
0.098764	0.653182	0.660606	1.420729
0.091673	0.663709	0.670010	1.433543
0.072379	0.675476	0.679343	1.464051
0.092040	0.667175	0.673493	1.433706
0.091546	0.673107	0.679304	1.435620
0.098615	0.647004	0.654476	1.419542
0.096538	0.651228	0.658345	1.423629
0.090962	0.657462	0.663725	1.433316
0.071225	0.669636	0.673413	1.464831
0.054825	0.675475	0.677697	1.489809
0.033054	0.680011	0.680814	1.522226
0.007484	0.681196	0.681237	1.559811
-0.008947	0.681093	0.681151	1.583931
-0.027303	0.680516	0.681064	1.610895
-0.005415	0.681132	0.681154	1.578747
0.010719	0.681142	0.681226	1.555061
0.027579	0.680236	0.680795	1.530275
0.044665	0.678753	0.680221	1.505086
0.060645	0.673278	0.676003	1.480965
0.075431	0.667216	0.671467	1.458220
0.089875	0.657646	0.663759	1.434976
0.094305	0.650663	0.657462	1.426861
0.097211	0.648433	0.655679	1.421988
0.101061	0.649622	0.657436	1.416464
0.092550	0.661248	0.667694	1.431737
0.081243	0.673207	0.678092	1.450697
0.091827	0.665140	0.671449	1.433607
0.071725	0.670783	0.674607	1.464273
0.076617	0.673254	0.677599	1.457483
0.093315	0.665779	0.672286	1.431545
0.082604	0.665182	0.670292	1.447246
0.068407	0.672008	0.675481	1.469351
0.053796	0.678542	0.680671	1.491680
0.071815	0.671894	0.675721	1.464316
0.084935	0.668690	0.674063	1.444456
0.067460	0.678477	0.681822	1.471694
0.083466	0.669652	0.674834	1.446795
0.097536	0.662014	0.669160	1.424516
0.098130	0.646488	0.653893	1.420157
0.095441	0.647179	0.654179	1.424379
0.093040	0.653574	0.660163	1.429391
0.082039	0.663669	0.668720	1.447806
0.062017	0.673238	0.676088	1.478938
0.035394	0.679680	0.680601	1.518768
0.007434	0.680817	0.680858	1.559878
-0.011520	0.680589	0.680687	1.587721
-0.037243	0.678011	0.679033	1.625670
-0.048168	0.669343	0.671074	1.642636
-0.048201	0.664964	0.666709	1.643157
-0.046877	0.663100	0.664755	1.641373
-0.047928	0.661117	0.662852	1.643166
-0.062258	0.650645	0.653616	1.666192
-0.048572	0.660811	0.662594	1.644168
-0.028780	0.670756	0.671373	1.613677
-0.047000	0.663784	0.665446	1.641484
-0.049457	0.668070	0.669898	1.644691
-0.042927	0.675467	0.676830	1.634263
-0.027521	0.679105	0.679663	1.611300
-0.011320	0.680636	0.680730	1.587426
0.012471	0.680631	0.680746	1.552476
0.034050	0.679567	0.680420	1.520732
0.056238	0.674915	0.677254	1.487663
0.072629	0.668883	0.672814	1.462637
0.091256	0.657038	0.663345	1.432789
0.096382	0.650316	0.657420	1.423659
0.094955	0.640856	0.647853	1.423698
0.098408	0.643898	0.651375	1.419138
0.094226	0.657982	0.664694	1.428558
0.087335	0.673022	0.678665	1.441752
0.089344	0.665785	0.671753	1.437400
0.071478	0.671955	0.675746	1.464821
0.048130	0.681007	0.682705	1.500238
0.062604	0.675304	0.678200	1.478356
0.076653	0.669212	0.673588	1.456751
0.090491	0.667228	0.673337	1.435997
0.087845	0.662229	0.668030	1.438916
0.068189	0.671725	0.675177	1.469630
0.043679	0.680190	0.681591	1.506669
0.071263	0.670050	0.673829	1.464840
0.089509	0.660288	0.666328	1.436057
0.098121	0.660302	0.667552	1.423275
0.082464	0.673365	0.678396	1.448938
0.073838	0.676546	0.680563	1.462087
0.095039	0.661093	0.667889	1.428014
0.079679	0.666901	0.671644	1.451883
0.064116	0.674758	0.677798	1.476060
0.047483	0.681626	0.683278	1.501247
0.075194	0.670531	0.674734	1.459122
0.088910	0.668383	0.674271	1.438551
0.102729	0.660715	0.668653	1.416550
0.096697	0.638291	0.645574	1.420446
0.096494	0.641036	0.648258	1.421390
0.093648	0.639159	0.645983	1.425314
0.093353	0.640959	0.647721	1.426167
0.092909	0.643128	0.649804	1.427324
0.092520	0.657099	0.663580	1.430915
0.084939	0.661397	0.666829	1.443071
0.058968	0.675133	0.677703	1.483675
0.037832	0.678678	0.679731	1.515110
0.017137	0.680472	0.680688	1.545617
0.001922	0.680601	0.680604	1.567973
-0.018734	0.680249	0.680507	1.598329
-0.038935	0.677278	0.678396	1.628221
-0.047214	0.665992	0.667664	1.641570
-0.044128	0.664730	0.666193	1.637084
-0.024997	0.673963	0.674427	1.607869
-0.035600	0.666986	0.667935	1.624120
-0.035766	0.666655	0.667614	1.624396
-0.015862	0.676528	0.676713	1.594239
-0.023267	0.671896	0.672298	1.605412
-0.040158	0.663737	0.664951	1.631226
-0.056119	0.654449	0.656850	1.656337
-0.070068	0.640583	0.644404	1.679744
-0.082050	0.629387	0.634713	1.700430
-0.097285	0.616614	0.624241	1.727280
-0.080197	0.630595	0.635675	1.697294
-0.065802	0.643392	0.646748	1.672716
-0.047095	0.660839	0.662515	1.641941
-0.032428	0.667987	0.668773	1.619304
-0.019259	0.674189	0.674464	1.599354
-0.032267	0.668278	0.669056	1.619043
-0.037932	0.666295	0.667374	1.627665
-0.041344	0.665751	0.667033	1.632819
-0.048877	0.668841	0.670625	1.643744
-0.034981	0.678509	0.679410	1.622306
-0.017826	0.680274	0.680507	1.596995
-0.000289	0.680744	0.680744	1.571220
0.028069	0.679778	0.680358	1.529528
0.055283	0.675708	0.677965	1.489163
0.074228	0.668522	0.672630	1.460216
0.090155	0.652964	0.659159	1.433593
0.092929	0.648269	0.654896	1.428417
0.093949	0.645238	0.652042	1.426209
0.096511	0.645126	0.652305	1.422298
0.095318	0.638857	0.645929	1.422688
0.094952	0.635655	0.642708	1.422516
0.095977	0.635608	0.642813	1.420928
0.099478	0.650093	0.657661	1.418952
0.100576	0.667575	0.675109	1.421262
0.084525	0.669925	0.675236	1.445288
0.091099	0.662084	0.668322	1.434060
0.064348	0.674153	0.677217	1.475635
0.048366	0.678941	0.680661	1.499679
0.030399	0.682980	0.683656	1.526316
0.053175	0.677801	0.679883	1.492505
0.070939	0.670854	0.674594	1.465444
0.094181	0.660500	0.667181	1.429161
0.099698	0.665424	0.672852	1.422077
0.084358	0.669530	0.674823	1.445461
0.064101	0.678347	0.681369	1.476581
0.087677	0.673147	0.678833	1.441276
0.091069	0.665338	0.671542	1.434766
0.069556	0.672428	0.676016	1.467723
0.054114	0.678051	0.680207	1.491158
0.036211	0.682882	0.683842	1.517819
0.051649	0.678523	0.680486	1.494824
0.066262	0.673750	0.677001	1.472763
0.090728	0.663403	0.669578	1.434878
0.082055	0.671702	0.676695	1.449239
0.091626	0.660008	0.666338	1.432852
0.100749	0.648213	0.655996	1.416604
0.095842	0.634251	0.641451	1.420820
0.094704	0.633724	0.640761	1.422454
0.094731	0.635827	0.642845	1.422896
0.095633	0.640277	0.647380	1.422531
0.093064	0.638753	0.645497	1.426117
0.096244	0.648700	0.655800	1.423507
0.093043	0.652776	0.659373	1.429216
0.086503	0.660176	0.665819	1.440509
0.071106	0.668982	0.672750	1.464904
0.048029	0.677612	0.679312	1.500035
0.020829	0.680149	0.680468	1.540182
-0.000628	0.680685	0.680685	1.571719
-0.026118	0.679793	0.680295	1.609199
-0.047911	0.669260	0.670972	1.642263
-0.045215	0.665777	0.667310	1.638605
-0.039411	0.666239	0.667404	1.629881
-0.023937	0.675770	0.676194	1.606204
-0.020231	0.674363	0.674667	1.600787
-0.016692	0.675965	0.676171	1.595486
-0.013884	0.676772	0.676914	1.591309
-0.041849	0.674211	0.675508	1.632787
-0.012332	0.676885	0.676997	1.589013
-0.033489	0.677749	0.678576	1.620168
-0.044730	0.672433	0.673919	1.637218
-0.020983	0.678916	0.679241	1.601692
-0.012030	0.676737	0.676844	1.588571
-0.021415	0.672015	0.672356	1.602652
-0.040362	0.662424	0.663653	1.631651
-0.056253	0.650387	0.652815	1.657073
-0.071753	0.635905	0.639940	1.683157
-0.084162	0.624591	0.630235	1.704736
-0.106737	0.606119	0.615446	1.745108
-0.118652	0.596847	0.608526	1.767035
-0.130216	0.587365	0.601626	1.788964
-0.147467	0.574220	0.592854	1.822177
-0.164470	0.562033	0.585603	1.855482
-0.180722	0.550367	0.579279	1.888070
-0.158164	0.566483	0.588149	1.843067
-0.143858	0.577167	0.594825	1.815068
-0.128608	0.587959	0.601861	1.786142
-0.115872	0.597951	0.609075	1.762206
-0.102733	0.608286	0.616900	1.738107
-0.090430	0.619114	0.625684	1.715833
-0.075132	0.631768	0.636220	1.689163
-0.053808	0.651913	0.654129	1.653149
-0.036126	0.664797	0.665777	1.625084
-0.018639	0.673659	0.673917	1.598458
-0.009974	0.678314	0.678387	1.585500
-0.011232	0.677339	0.677432	1.587377
-0.030176	0.675907	0.676581	1.615412
-0.045683	0.670739	0.672293	1.638800
-0.038561	0.668262	0.669374	1.628436
-0.043397	0.671587	0.672988	1.635325
-0.029656	0.676846	0.677495	1.614584
-0.013971	0.679251	0.679394	1.591361
-0.008312	0.677774	0.677825	1.583059
-0.016441	0.674158	0.674358	1.595179
-0.029942	0.668049	0.668719	1.615587
-0.043911	0.661313	0.662769	1.637098
-0.064364	0.642015	0.645233	1.670716
-0.081941	0.627161	0.632492	1.700715
-0.094536	0.615981	0.623193	1.723080
-0.073602	0.633666	0.637927	1.686430
-0.062634	0.644396	0.647433	1.667690
-0.051031	0.655444	0.657427	1.648496
-0.031427	0.667336	0.668075	1.617855
-0.017279	0.674497	0.674719	1.596408
-0.000788	0.678270	0.678271	1.571958
-0.005792	0.679010	0.679034	1.579326
-0.022308	0.678469	0.678835	1.603665
-0.038464	0.676528	0.677620	1.627590
-0.011677	0.679274	0.679374	1.587985
0.011343	0.678657	0.678752	1.554084
0.007044	0.678123	0.678160	1.560409
-0.004250	0.677016	0.677029	1.577074
-0.021109	0.672295	0.672626	1.602184
-0.045321	0.660047	0.661601	1.639353
-0.062679	0.643920	0.646963	1.667831
-0.076830	0.631361	0.636018	1.691891
-0.088266	0.620500	0.626746	1.712099
-0.102279	0.607905	0.616449	1.737483
-0.120352	0.592725	0.604821	1.771121
-0.138727	0.579602	0.595973	1.805726
-0.156358	0.566815	0.587985	1.839957
-0.177440	0.551894	0.579718	1.881869
-0.196305	0.538134	0.572821	1.920585
-0.216030	0.524248	0.567014	1.961670
-0.233565	0.511122	0.561959	1.999427
-0.210046	0.528293	0.568518	1.949226
-0.197521	0.537347	0.572500	1.923051
-0.184640	0.546241	0.576603	1.896758
-0.171583	0.555665	0.581554	1.870297
-0.157989	0.565072	0.586743	1.843426
-0.141283	0.578012	0.595028	1.810526
-0.119599	0.594020	0.605940	1.769479
-0.142302	0.577134	0.594419	1.812542
-0.158707	0.564260	0.586155	1.844979
-0.182623	0.547347	0.577009	1.892834
-0.204162	0.531573	0.569431	1.937497
-0.225034	0.516710	0.563587	1.981537
-0.242930	0.502906	0.558507	2.020794
-0.261879	0.488591	0.554348	2.062817
-0.278779	0.474831	0.550620	2.101686
-0.265342	0.485609	0.553374	2.070880
-0.251099	0.496332	0.556233	2.039160
-0.263234	0.487101	0.553678	2.066247
-0.275025	0.477599	0.551125	2.093268
-0.295019	0.460584	0.546967	2.140487
-0.309110	0.448592	0.544778	2.174147
-0.322299	0.436630	0.542699	2.206670
-0.333783	0.425918	0.541126	2.235505
-0.344781	0.415013	0.539546	2.264021
-0.325981	0.432934	0.541937	2.216187
-0.304336	0.451937	0.544855	2.163449
-0.315740	0.441936	0.543138	2.191153
-0.326796	0.431669	0.541418	2.218796
-0.345672	0.413087	0.538637	2.267578
-0.358702	0.400041	0.537308	2.301765
-0.370880	0.387036	0.536050	2.334881
-0.381196	0.375511	0.535087	2.363707
-0.391105	0.363772	0.534129	2.392387
-0.376560	0.379901	0.534903	2.351778
-0.390736	0.363585	0.533731	2.392172
-0.403425	0.347822	0.532665	2.430075
-0.417981	0.329047	0.531958	2.474688
-0.430732	0.311106	0.531335	2.516074
-0.435161	0.303276	0.530416	2.532931
-0.445977	0.286543	0.530097	2.570503
-0.455594	0.270316	0.529752	2.606094
-0.468684	0.247095	0.529831	2.656415
-0.479326	0.225800	0.529848	2.701350
-0.477608	0.227571	0.529054	2.696936
-0.485686	0.210246	0.529240	2.733062
-0.492734	0.193436	0.529343	2.767502
-0.502126	0.169413	0.529935	2.816195
-0.509745	0.146788	0.530459	2.861216
-0.506003	0.155775	0.529439	2.842946
-0.511728	0.137687	0.529928	2.878754
-0.516555	0.120086	0.530330	2.913174
-0.522675	0.095329	0.531298	2.961189
-0.527153	0.072385	0.532100	3.005133
-0.525991	0.074466	0.531236	3.000954
-0.528693	0.057812	0.531844	3.032676
-0.530806	0.041280	0.532409	3.063980
-0.533078	0.019619	0.533439	3.104806
-0.534345	-0.000991	0.534346	3.143447
-0.533348	0.004346	0.533366	3.133445
-0.533967	-0.021901	0.534416	3.182586
-0.533836	-0.044860	0.535718	3.225429
-0.532753	-0.066609	0.536901	3.265974
-0.532424	-0.060577	0.535859	3.254882
-0.531200	-0.077637	0.536844	3.286719
-0.529442	-0.094561	0.537821	3.318334
-0.527399	-0.109832	0.538714	3.346911
-0.524928	-0.125048	0.539617	3.375454
-0.524694	-0.122641	0.538837	3.371209
-0.521801	-0.138845	0.539958	3.401654
-0.518441	-0.154935	0.541097	3.431991
-0.511224	-0.183431	0.543136	3.486092
-0.511336	-0.180530	0.542269	3.480988
-0.507280	-0.194992	0.543466	3.508568
-0.502818	-0.209369	0.544666	3.536149
-0.493766	-0.235133	0.546894	3.586023
-0.490973	-0.241091	0.546973	3.598052
-0.481641	-0.264227	0.549357	3.643359
-0.471874	-0.285889	0.551722	3.686309
-0.468461	-0.291915	0.551969	3.698851
-0.458463	-0.311907	0.554503	3.738997
-0.448069	-0.331049	0.557099	3.777909
-0.438742	-0.346671	0.559174	3.810298
-0.430591	-0.360135	0.561343	3.838122
-0.422148	-0.373370	0.563573	3.865752
-0.417168	-0.380217	0.564441	3.880684
-0.406032	-0.396719	0.567668	3.915390
-0.394615	-0.412837	0.571100	3.949554
-0.383125	-0.428033	0.574454	3.982298
-0.373507	-0.440695	0.577684	4.009324
-0.363691	-0.453104	0.581012	4.036025
-0.353817	-0.464906	0.584230	4.061854
-0.336930	-0.485101	0.590630	4.105326
-0.320125	-0.504669	0.597637	4.147111
-0.303401	-0.523483	0.605051	4.187119
-0.289630	-0.538678	0.611604	4.219062
-0.275516	-0.553928	0.618664	4.250834
-0.256688	-0.574459	0.629200	4.292170
-0.237403	-0.595022	0.640634	4.332761
-0.222692	-0.610567	0.649910	4.362653
-0.207018	-0.626707	0.660014	4.393346
-0.195038	-0.639011	0.668113	4.416151
-0.182553	-0.651281	0.676382	4.439104
-0.167739	-0.664988	0.685817	4.465300
-0.150690	-0.678393	0.694928	4.493809
-0.134519	-0.689124	0.702130	4.519611
-0.116719	-0.698477	0.708162	4.546814
-0.095635	-0.706010	0.712458	4.577750
-0.074788	-0.711365	0.715286	4.607641
-0.059749	-0.713748	0.716245	4.628872
-0.044345	-0.716262	0.717634	4.650556
-0.014996	-0.717899	0.718056	4.691503
-0.000015	-0.717467	0.717467	4.712369
0.015476	-0.716654	0.716821	4.733980
0.043998	-0.712498	0.713855	4.774062
0.064540	-0.706959	0.709899	4.803429
0.082961	-0.699988	0.704887	4.830357
0.098982	-0.691820	0.698865	4.854499
0.113259	-0.683979	0.693293	4.876488
0.131559	-0.672587	0.685333	4.905552
0.147092	-0.661961	0.678106	4.931042
0.162426	-0.651376	0.671322	4.956764
0.176047	-0.641647	0.665359	4.980166
0.185520	-0.634514	0.661080	4.996841
0.195504	-0.627593	0.657339	5.014375
0.204172	-0.620943	0.653648	5.030063
0.213645	-0.614340	0.650429	5.047070
0.227129	-0.604548	0.645807	5.071774
0.239554	-0.595329	0.641718	5.094954
0.252729	-0.585629	0.637835	5.119796
0.264814	-0.576486	0.634400	5.142999
0.272255	-0.570400	0.632043	5.157716
0.281468	-0.563777	0.630134	5.175439
0.288108	-0.558071	0.628053	5.188958
0.296863	-0.551613	0.626422	5.206106
0.310043	-0.541269	0.623778	5.232575
0.321968	-0.531518	0.621429	5.257027
0.334849	-0.520946	0.619281	5.283666
0.346483	-0.510987	0.617380	5.308242
0.352637	-0.505120	0.616035	5.321856
0.361567	-0.497803	0.615255	5.340565
0.366037	-0.492849	0.613908	5.351199
0.375158	-0.485277	0.613382	5.370499
0.387181	-0.474135	0.612138	5.397173
0.398105	-0.463567	0.611050	5.421963
0.409671	-0.452139	0.610131	5.448549
0.420171	-0.441300	0.609336	5.473266
0.425005	-0.435468	0.608492	5.485628
0.433862	-0.426695	0.608527	5.506116
0.437599	-0.421584	0.607640	5.516425
0.446077	-0.412830	0.607794	5.536477
0.456941	-0.400286	0.607474	5.563782
0.466716	-0.388404	0.607191	5.589113
0.476918	-0.375612	0.607071	5.616063
0.486189	-0.363392	0.606987	5.641331
0.489795	-0.357548	0.606415	5.652610
0.497892	-0.347251	0.607025	5.674178
0.501071	-0.341697	0.606489	5.684688
0.508182	-0.332010	0.607025	5.704473
0.516431	-0.319385	0.607213	5.729313
0.524167	-0.307033	0.607471	5.753306
0.531799	-0.294210	0.607758	5.777862
0.538944	-0.281662	0.608107	5.801607
0.543667	-0.272533	0.608151	5.818509
0.549752	-0.261404	0.608736	5.839334
0.553837	-0.252686	0.608757	5.855149
0.559253	-0.241884	0.609321	5.874968
0.565328	-0.228610	0.609801	5.898905
0.571020	-0.215531	0.610342	5.922269
0.576372	-0.202301	0.610844	5.945629
0.581482	-0.189045	0.611441	5.968855
0.583971	-0.181084	0.611403	5.982497
0.588679	-0.168592	0.612345	6.004260
0.590294	-0.161943	0.612105	6.015430
0.594659	-0.149285	0.613112	6.037225
0.598154	-0.136775	0.613592	6.058387
0.601893	-0.123152	0.614363	6.081364
0.604681	-0.111068	0.614797	6.101530
0.607851	-0.097375	0.615601	6.124340
0.610022	-0.085756	0.616020	6.143522
0.612720	-0.071867	0.616920	6.166428
0.614311	-0.060678	0.617300	6.184731
0.616377	-0.047101	0.618174	6.206917
0.617540	-0.035900	0.618583	6.225117
0.619131	-0.022057	0.619524	6.247575
0.619760	-0.011463	0.619866	6.264691
0.620780	0.002045	0.620783	6.286480
0.621058	0.012802	0.621190	6.303795
0.621614	0.026558	0.622181	6.325884
0.621444	0.036701	0.622527	6.342175
0.621461	0.049916	0.623462	6.363334
0.620949	0.060364	0.623876	6.380093
0.620495	0.073969	0.624889	6.401835
0.619576	0.082787	0.625083	6.416017
0.618679	0.096643	0.626181	6.438142
0.617309	0.108225	0.626724	6.456740
0.615704	0.122795	0.627829	6.480041
0.613911	0.133841	0.628331	6.497840
0.611776	0.147874	0.629394	6.520349
0.609518	0.159158	0.629955	6.538604
0.606766	0.173467	0.631075	6.561645
0.604133	0.184223	0.631597	6.579166
0.600906	0.197894	0.632653	6.601325
0.598233	0.206800	0.632969	6.616011
0.594332	0.221596	0.634299	6.640068
0.591504	0.229689	0.634534	6.653576
0.587207	0.243797	0.635805	6.676709
0.583968	0.252257	0.636123	6.690944
0.579003	0.266719	0.637482	6.714862
0.575574	0.274751	0.637788	6.728551
0.570400	0.288053	0.639008	6.750826
0.565692	0.298607	0.639666	6.768873
0.559682	0.312273	0.640905	6.792109
0.555134	0.321174	0.641347	6.807685
0.548444	0.335043	0.642685	6.831579
0.543381	0.344156	0.643200	6.847773
0.535928	0.358207	0.644617	6.872377
0.530989	0.366157	0.644996	6.886881
0.523110	0.379738	0.646409	6.911099
0.517639	0.388045	0.646938	6.926458
0.509551	0.400811	0.648299	6.949700
0.503956	0.408635	0.648810	6.964509
0.495997	0.420139	0.650023	6.985969
0.489793	0.428261	0.650619	7.001659
0.480989	0.440074	0.651932	7.024192
0.466010	0.458418	0.653691	7.060371
0.458892	0.466362	0.654274	7.076656
0.447722	0.479272	0.655863	7.102605
0.440493	0.486685	0.656427	7.118362
0.429366	0.498470	0.657897	7.142925
0.421481	0.505964	0.658518	7.159425
0.409144	0.518020	0.660109	7.185477
0.401110	0.525047	0.660729	7.201612
0.389059	0.535825	0.662174	7.225957
0.369465	0.551948	0.664193	7.264100
0.350357	0.566456	0.666049	7.300065
0.329599	0.581125	0.668088	7.338049
0.309465	0.594207	0.669963	7.373829
0.299257	0.600329	0.670783	7.391545
0.285029	0.608873	0.672285	7.416158
0.261031	0.621906	0.674466	7.456585
0.235332	0.634581	0.676812	7.498858
0.210303	0.645616	0.679005	7.539081
0.185420	0.655479	0.681200	7.578306
0.161262	0.663954	0.683257	7.615714
0.135497	0.671940	0.685465	7.654999
0.110569	0.678585	0.687534	7.692461
0.095926	0.682058	0.688770	7.714255
0.081185	0.685214	0.690006	7.736050
0.052588	0.690340	0.692340	7.777952
0.037500	0.692568	0.693582	7.799889
0.022339	0.694466	0.694825	7.821825
-0.006869	0.697137	0.697171	7.863834
-0.033881	0.698535	0.699356	7.902447
-0.060013	0.698870	0.701442	7.939643
-0.087122	0.698205	0.703619	7.978120
-0.113404	0.696539	0.705710	8.015377
-0.128773	0.695129	0.706956	8.037156
-0.144133	0.693379	0.708201	8.058933
-0.173522	0.689043	0.710557	8.100682
-0.188775	0.686308	0.711797	8.122402
-0.203998	0.683233	0.713037	8.144132
-0.233134	0.676339	0.715392	8.185927
-0.260933	0.668555	0.717671	8.226093
-0.287670	0.659889	0.719866	8.265080
-0.315000	0.649817	0.722140	8.305357
-0.341241	0.638913	0.724331	8.344533
-0.356006	0.632242	0.725582	8.366815
-0.370638	0.625229	0.726832	8.389093
-0.384654	0.618114	0.728027	8.410639
-0.398533	0.610685	0.729222	8.432183
-0.412719	0.602693	0.730463	8.454427
-0.426747	0.594370	0.731702	8.476675
-0.440131	0.586009	0.732886	8.498164
-0.453356	0.577345	0.734070	8.519660
-0.477483	0.560449	0.736270	8.559615
-0.500728	0.542743	0.738443	8.599136
-0.523490	0.523906	0.740621	8.638983
-0.545336	0.504304	0.742774	8.678452
-0.556793	0.493371	0.743931	8.699699
-0.568028	0.482179	0.745086	8.720943
-0.578840	0.470936	0.746214	8.741807
-0.589427	0.459452	0.747342	8.762670
-0.599955	0.447529	0.748483	8.783882
-0.610239	0.435367	0.749624	8.805091
-0.620116	0.423165	0.750741	8.825964
-0.629749	0.410737	0.751857	8.846841
-0.639426	0.397682	0.753005	8.868386
-0.648833	0.384397	0.754152	8.889933
-0.657824	0.371092	0.755275	8.911158
-0.666542	0.357575	0.756398	8.932387
-0.675139	0.343579	0.757534	8.954035
-0.683441	0.329375	0.758670	8.975685
-0.691345	0.315142	0.759784	8.997079
-0.698952	0.300719	0.760898	9.018475
-0.706073	0.286470	0.761974	9.039347
-0.712901	0.272056	0.763048	9.060217
-0.719371	0.257622	0.764110	9.080887
-0.725546	0.243037	0.765169	9.101554
-0.731436	0.228253	0.766223	9.122292
-0.737023	0.213331	0.767276	9.143028
-0.742277	0.198351	0.768322	9.163659
-0.747226	0.183247	0.769367	9.184288
-0.751881	0.167949	0.770411	9.205013
-0.756223	0.152536	0.771453	9.225741
-0.760258	0.136978	0.772500	9.246517
-0.763973	0.121316	0.773545	9.267296
-0.767326	0.105677	0.774569	9.287918
-0.770358	0.089950	0.775592	9.308541
-0.773079	0.074082	0.776620	9.329243
-0.775471	0.058138	0.777648	9.349947
-0.777436	0.042812	0.778614	9.369765
-0.779096	0.027432	0.779579	9.389583
-0.780486	0.011657	0.780573	9.409843
-0.781555	-0.004161	0.781566	9.430102
-0.782266	-0.019576	0.782511	9.449798
-0.782671	-0.035021	0.783455	9.469493
-0.782778	-0.050950	0.784435	9.489775
-0.782560	-0.066897	0.785414	9.510055
-0.781975	-0.083429	0.786413	9.531066
-0.781039	-0.099962	0.787410	9.552072
-0.779742	-0.116603	0.788412	9.573219
-0.778089	-0.133230	0.789413	9.594360
-0.776078	-0.149753	0.790394	9.615396
-0.773714	-0.166249	0.791374	9.636431
-0.770986	-0.182788	0.792358	9.657563
-0.767903	-0.199284	0.793341	9.678694
-0.764602	-0.215035	0.794265	9.698935
-0.760976	-0.230735	0.795188	9.719176
-0.756917	-0.246826	0.796145	9.739999
-0.752516	-0.262848	0.797100	9.760822
-0.747938	-0.278198	0.798000	9.780875
-0.743045	-0.293470	0.798900	9.800929
-0.737664	-0.309184	0.799839	9.821674
-0.731949	-0.324799	0.800777	9.842419
-0.726158	-0.339627	0.801656	9.862257
-0.720068	-0.354352	0.802535	9.882093
-0.713453	-0.369490	0.803454	9.902635
-0.706519	-0.384504	0.804371	9.923176
-0.699542	-0.398796	0.805232	9.942908
-0.692277	-0.412960	0.806091	9.962638
-0.684460	-0.427489	0.806990	9.983063
-0.676339	-0.441867	0.807887	10.003484
-0.668393	-0.455262	0.808710	10.022726
-0.660182	-0.468514	0.809534	10.041967
-0.651346	-0.482182	0.810402	10.062033
-0.642227	-0.495682	0.811268	10.082097
-0.633317	-0.508292	0.812066	10.101094
-0.624158	-0.520742	0.812863	10.120093
-0.614183	-0.533780	0.813721	10.140251
-0.603935	-0.546626	0.814578	10.160408
-0.593435	-0.559221	0.815410	10.180502
-0.582673	-0.571614	0.816242	10.200595
-0.571275	-0.584216	0.817107	10.221375
-0.559605	-0.596589	0.817971	10.242152
-0.548125	-0.608248	0.818783	10.262123
-0.536401	-0.619686	0.819595	10.282092
-0.524059	-0.631255	0.820439	10.302696
-0.511469	-0.642576	0.821282	10.323297
-0.499501	-0.652885	0.822047	10.342500
-0.487327	-0.662971	0.822811	10.361700
-0.474102	-0.673509	0.823642	10.382217
-0.460651	-0.683780	0.824472	10.402730
-0.447978	-0.693035	0.825217	10.421734
-0.435121	-0.702055	0.825960	10.440736
-0.421147	-0.711469	0.826773	10.461102
-0.406971	-0.720603	0.827584	10.481466
-0.393752	-0.728736	0.828310	10.500192
-0.380371	-0.736626	0.829035	10.518917
-0.365966	-0.744761	0.829819	10.538840
-0.351390	-0.752612	0.830602	10.558761
-0.337670	-0.759640	0.831309	10.577292
-0.323810	-0.766418	0.832015	10.595825
-0.308832	-0.773401	0.832783	10.615657
-0.293706	-0.780091	0.833550	10.635487
-0.279829	-0.785888	0.834221	10.653505
-0.265838	-0.791438	0.834892	10.671522
-0.250287	-0.797289	0.835651	10.691394
-0.234608	-0.802832	0.836409	10.711265
-0.220317	-0.807553	0.837067	10.729235
-0.205932	-0.812020	0.837725	10.747206
-0.189987	-0.816658	0.838466	10.767000
-0.173941	-0.820982	0.839206	10.786792
-0.158744	-0.824739	0.839877	10.805422
-0.143469	-0.828214	0.840549	10.824050
-0.126820	-0.831678	0.841292	10.844253
-0.110092	-0.834806	0.842034	10.864454
-0.094784	-0.837340	0.842687	10.882857
-0.079422	-0.839592	0.843340	10.901259
-0.062623	-0.841741	0.844068	10.921315
-0.045771	-0.843553	0.844794	10.941368
-0.030424	-0.844885	0.845433	10.959580
-0.015045	-0.845937	0.846071	10.977792
0.001585	-0.846771	0.846772	10.997447
0.018240	-0.847277	0.847473	11.017098
0.033509	-0.847432	0.848094	11.035096
0.048790	-0.847311	0.848715	11.053093
0.065391	-0.846882	0.849402	11.072635
0.081991	-0.846126	0.850089	11.092175
0.097618	-0.845107	0.850726	11.110574
0.113234	-0.843799	0.851362	11.128973
0.128796	-0.842201	0.851993	11.147326
0.144337	-0.840316	0.852622	11.165679
0.159750	-0.838155	0.853244	11.183912
0.175132	-0.835711	0.853865	11.202145
0.190444	-0.832987	0.854480	11.220339
0.205715	-0.829981	0.855094	11.238533
0.220891	-0.826700	0.855702	11.256671
0.236016	-0.823141	0.856309	11.274809
0.251052	-0.819310	0.856911	11.292910
0.266026	-0.815203	0.857512	11.311009
0.280913	-0.810823	0.858106	11.329086
0.295727	-0.806171	0.858701	11.347162
0.310418	-0.801260	0.859289	11.365182
0.325027	-0.796081	0.859877	11.383201
0.339789	-0.790541	0.860472	11.401519
0.354455	-0.784728	0.861067	11.419834
0.368976	-0.778658	0.861656	11.438093
0.383391	-0.772320	0.862246	11.456350
0.397591	-0.765763	0.862828	11.474471
0.411678	-0.758945	0.863409	11.492591
0.425605	-0.751885	0.863986	11.510656
0.439410	-0.744571	0.864562	11.528721
0.452962	-0.737072	0.865130	11.546618
0.466386	-0.729326	0.865698	11.564515
0.479640	-0.721355	0.866261	11.582363
0.492757	-0.713144	0.866824	11.600210
0.505648	-0.704746	0.867380	11.617942
0.518396	-0.696116	0.867936	11.635674
0.530964	-0.687274	0.868487	11.653361
0.543381	-0.678206	0.869037	11.671048
0.555453	-0.669058	0.869579	11.688462
0.567372	-0.659694	0.870119	11.705876
0.579107	-0.650136	0.870656	11.723254
0.590681	-0.640368	0.871192	11.740633
0.602025	-0.630449	0.871722	11.757914
0.613202	-0.620328	0.872252	11.775195
0.624187	-0.610025	0.872777	11.792447
0.634999	-0.599527	0.873303	11.809698
0.645677	-0.588787	0.873824	11.827024
0.656172	-0.577857	0.874346	11.844350
0.666452	-0.566769	0.874863	11.861628
0.676544	-0.555498	0.875380	11.878906
0.686404	-0.544091	0.875891	11.896117
0.696072	-0.532508	0.876402	11.913327
0.705517	-0.520783	0.876909	11.930492
0.714765	-0.508890	0.877415	11.947657
0.723815	-0.496825	0.877920	11.964832
0.732662	-0.484600	0.878425	11.982007
0.741278	-0.472247	0.878925	11.999138
0.749685	-0.459741	0.879425	12.016269
0.765742	-0.434474	0.880414	12.050275
0.780908	-0.408706	0.881395	12.084200
0.795093	-0.382619	0.882366	12.117855
0.808373	-0.356097	0.883330	12.151436
0.820683	-0.329299	0.884285	12.184787
0.832080	-0.302126	0.885233	12.218075
0.842522	-0.274707	0.886175	12.251187
0.852043	-0.246965	0.887112	12.284252
0.860618	-0.218984	0.888042	12.317208
0.868253	-0.190775	0.888965	12.350085
0.874991	-0.162122	0.889883	12.383164
0.880766	-0.133300	0.890796	12.416165
0.885560	-0.104456	0.891700	12.448959
0.889399	-0.075501	0.892597	12.481684
0.892240	-0.046968	0.893475	12.513779
0.894158	-0.018383	0.894347	12.545815
0.895154	0.010101	0.895211	12.577655
0.895238	0.038578	0.896069	12.609436
0.894421	0.066896	0.896919	12.641024
0.892706	0.095157	0.897763	12.672563
0.890111	0.123224	0.898600	12.703933
0.886634	0.151188	0.899432	12.735265
0.882252	0.179203	0.900268	12.766765
0.876993	0.207043	0.901101	12.798209
0.870842	0.234767	0.901932	12.829696
0.863827	0.262256	0.902760	12.861124
0.855941	0.289530	0.903583	12.892548
0.847208	0.316521	0.904404	12.923918
0.837671	0.343124	0.905221	12.955139
0.827312	0.369401	0.906037	12.986316
0.816492	0.394553	0.906825	13.016512
0.804924	0.419349	0.907611	13.046661
0.792658	0.443702	0.908393	13.076680
0.779671	0.467664	0.909173	13.106660
0.766063	0.491069	0.909946	13.136413
0.751766	0.514055	0.910717	13.166139
0.736813	0.536572	0.911484	13.195795
0.721195	0.558640	0.912250	13.225433
0.704746	0.580470	0.913023	13.255372
0.687661	0.601783	0.913794	13.285266
0.669807	0.622726	0.914565	13.315359
0.651340	0.643111	0.915334	13.345412
0.632364	0.662833	0.916096	13.375289
0.612810	0.681974	0.916856	13.405135
0.592767	0.700458	0.917614	13.434850
0.572181	0.718339	0.918369	13.464543
0.551668	0.735126	0.919102	13.493385
0.530688	0.751306	0.919831	13.522190
0.509274	0.766859	0.920561	13.550941
0.487426	0.781788	0.921291	13.579664
0.465366	0.795956	0.922015	13.608101
0.442905	0.809496	0.922740	13.636524
0.420030	0.822415	0.923468	13.664974
0.396798	0.834680	0.924196	13.693401
0.373104	0.846337	0.924929	13.721952
0.349092	0.857313	0.925663	13.750475
0.324547	0.867692	0.926402	13.779243
0.299712	0.877364	0.927143	13.807990
0.274762	0.886265	0.927880	13.836541
0.249554	0.894457	0.928618	13.865085
0.224127	0.901928	0.929359	13.893602
0.198491	0.908674	0.930100	13.922105
0.173306	0.914550	0.930826	13.949889
0.147968	0.919725	0.931552	13.977651
0.122466	0.924203	0.932281	14.005425
0.096840	0.927972	0.933011	14.033187
0.071453	0.930992	0.933730	14.060567
0.045970	0.933319	0.934450	14.087952
0.020252	0.934957	0.935176	14.115510
-0.005510	0.935886	0.935902	14.143054
-0.031257	0.936102	0.936624	14.170545
-0.057009	0.935610	0.937346	14.198024
-0.083019	0.934394	0.938075	14.225782
-0.109004	0.932455	0.938804	14.253539
-0.134708	0.929820	0.939527	14.281041
-0.160365	0.926475	0.940252	14.308561
-0.185993	0.922420	0.940984	14.336135
-0.211513	0.917661	0.941721	14.363702
-0.236460	0.912307	0.942453	14.390775
-0.261249	0.906285	0.943188	14.417822
-0.286025	0.899556	0.943933	14.445020
-0.310617	0.892156	0.944683	14.472205
-0.334676	0.884211	0.945430	14.499004
-0.358543	0.875617	0.946181	14.525814
-0.382137	0.866403	0.946933	14.552563
-0.405492	0.856558	0.947690	14.579307
-0.428707	0.846034	0.948453	14.606180
-0.451645	0.834889	0.949222	14.633046
-0.474261	0.823142	0.949993	14.659872
-0.496591	0.810778	0.950770	14.686718
-0.518574	0.797830	0.951552	14.713528
-0.540273	0.784258	0.952342	14.740402
-0.561638	0.770088	0.953138	14.767298
-0.582671	0.755309	0.953938	14.794245
-0.603247	0.740015	0.954741	14.821097
-0.623405	0.724171	0.955541	14.847928
-0.643076	0.707836	0.956336	14.874664
-0.662310	0.690970	0.957129	14.901390
-0.680959	0.673721	0.957917	14.927908
-0.699163	0.655959	0.958703	14.954436
-0.716881	0.637723	0.959484	14.980935
-0.734133	0.618995	0.960263	15.007451
-0.750875	0.599838	0.961051	15.033922
-0.767110	0.580262	0.961854	15.060362
-0.782811	0.560305	0.962671	15.086738
-0.798013	0.539926	0.963507	15.113124
-0.812673	0.519185	0.964360	15.139459
-0.826856	0.497985	0.965236	15.165881
-0.840554	0.476325	0.966135	15.192404
-0.853794	0.454132	0.967057	15.219124
-0.866497	0.431509	0.967996	15.245923
-0.878579	0.408572	0.968933	15.272675
-0.890010	0.385390	0.969868	15.299321
-0.900819	0.361909	0.970800	15.325945
-0.910965	0.338231	0.971729	15.352451
-0.920501	0.314228	0.972657	15.379001
-0.929409	0.289931	0.973581	15.405577
-0.937707	0.265261	0.974504	15.432284
-0.945316	0.240461	0.975420	15.458874
-0.952257	0.215488	0.976334	15.485420
-0.958515	0.190411	0.977245	15.511864
-0.964104	0.165197	0.978154	15.538264
-0.969006	0.139952	0.979061	15.564526
-0.973241	0.114607	0.979965	15.590745
-0.976849	0.089186	0.980912	15.616916
-0.979933	0.063235	0.981971	15.643522
-0.982423	0.036628	0.983106	15.670697
-0.984189	0.009976	0.984240	15.697827
-0.985232	-0.016653	0.985373	15.724865
-0.985555	-0.043289	0.986506	15.751858
-0.985166	-0.069816	0.987637	15.778712
-0.984066	-0.096311	0.988768	15.805523
-0.982262	-0.122708	0.989897	15.832243
-0.979721	-0.149264	0.991026	15.859155
