time = 17.9499	Re = 1	40	80
0.147644	0.137216	0.201561	0.748807
0.158885	0.126560	0.203130	0.672633
0.170729	0.113331	0.204920	0.586021
0.181587	0.098842	0.206746	0.498474
0.190625	0.084979	0.208709	0.419348
0.198555	0.070441	0.210680	0.340918
0.205005	0.056785	0.212724	0.270220
0.210507	0.042571	0.214768	0.199540
0.218495	0.013731	0.218926	0.062763
0.222470	-0.015690	0.223023	-0.070412
0.223441	-0.039990	0.226992	-0.177098
0.222063	-0.063918	0.231079	-0.280261
0.220201	-0.083071	0.235350	-0.360742
0.216769	-0.102306	0.239698	-0.440964
0.213892	-0.117519	0.244050	-0.502406
0.209967	-0.132751	0.248413	-0.563794
0.202842	-0.158601	0.257487	-0.663603
0.201133	-0.174656	0.266381	-0.715058
0.198811	-0.190450	0.275313	-0.763925
0.212569	-0.199429	0.291475	-0.753515
0.238766	-0.190539	0.305474	-0.673531
0.254361	-0.179742	0.311459	-0.615169
0.270293	-0.166245	0.317326	-0.551416
0.287394	-0.145920	0.322317	-0.469816
0.302491	-0.124601	0.327148	-0.390737
0.316198	-0.098961	0.331322	-0.303313
0.322321	-0.084400	0.333188	-0.256101
0.327764	-0.069499	0.335051	-0.208944
0.332345	-0.053713	0.336658	-0.160234
0.336156	-0.037680	0.338261	-0.111625
0.338811	-0.022072	0.339529	-0.065053
0.340740	-0.006315	0.340799	-0.018531
0.341539	0.010127	0.341689	0.029643
0.341455	0.026541	0.342485	0.077572
0.340201	0.042054	0.342791	0.122990
0.338147	0.057456	0.342993	0.168308
0.334894	0.072810	0.342718	0.214079
0.330718	0.087764	0.342165	0.259396
0.325733	0.101791	0.341267	0.302884
0.319936	0.115444	0.340127	0.346294
0.312817	0.129800	0.338677	0.393318
0.304738	0.143294	0.336747	0.439540
0.295998	0.156679	0.334908	0.486831
0.286271	0.169324	0.332598	0.534131
0.274556	0.184112	0.330573	0.590708
0.261977	0.198216	0.328514	0.647721
0.247330	0.214097	0.327123	0.713502
0.231731	0.230179	0.326621	0.782039
0.213542	0.249222	0.328195	0.862349
0.194556	0.268774	0.331800	0.944232
0.184797	0.281719	0.336921	0.990241
0.174324	0.294503	0.342229	1.036334
0.164878	0.307919	0.349284	1.079186
0.154884	0.321397	0.356770	1.121726
0.144699	0.343503	0.372736	1.172109
0.136749	0.366867	0.391525	1.214001
0.127745	0.394303	0.414480	1.257489
0.124233	0.409349	0.427786	1.276141
0.120320	0.424415	0.441141	1.294548
0.118293	0.449144	0.464460	1.313269
0.117051	0.473408	0.487664	1.328406
0.113148	0.500038	0.512680	1.348264
0.106567	0.523533	0.534269	1.369986
0.103526	0.539153	0.549002	1.381090
0.100278	0.555197	0.564181	1.392106
0.098445	0.574790	0.583160	1.401171
0.097070	0.592491	0.600390	1.408406
0.097904	0.615351	0.623091	1.413017
0.099499	0.627944	0.635778	1.413650
0.101311	0.639653	0.647626	1.413717
0.102448	0.646847	0.654910	1.413720
0.098950	0.667268	0.674565	1.423577
0.085318	0.669031	0.674449	1.443956
0.063170	0.677906	0.680843	1.477881
0.089589	0.667217	0.673205	1.437322
0.081303	0.665701	0.670648	1.449267
0.065220	0.673305	0.676456	1.474232
0.047862	0.679876	0.681559	1.500514
0.073253	0.669622	0.673617	1.461836
0.091414	0.662100	0.668381	1.433596
0.084706	0.669399	0.674737	1.444925
0.099632	0.659873	0.667353	1.420941
0.091162	0.658654	0.664932	1.433263
0.068160	0.671473	0.674923	1.469635
0.051066	0.677113	0.679035	1.495521
0.029844	0.681406	0.682059	1.527027
0.045971	0.678101	0.679657	1.503107
0.061241	0.674293	0.677068	1.480222
0.085180	0.662334	0.667789	1.442892
0.095957	0.655543	0.662529	1.425450
0.091442	0.671713	0.677909	1.435495
0.090273	0.666769	0.672852	1.436226
0.078382	0.676380	0.680907	1.455427
0.092671	0.661702	0.668159	1.431652
0.097599	0.648332	0.655637	1.421380
0.093529	0.655507	0.662146	1.429071
0.087803	0.659412	0.665232	1.438421
0.075443	0.666794	0.671048	1.458132
0.061383	0.674474	0.677261	1.480037
0.035358	0.679607	0.680526	1.518815
0.010207	0.681715	0.681792	1.555825
0.029897	0.680140	0.680797	1.526868
0.050515	0.677407	0.679288	1.496363
0.072576	0.668600	0.672527	1.462671
0.087784	0.660596	0.666403	1.438685
0.096452	0.649242	0.656367	1.423313
0.099374	0.648408	0.655978	1.418722
0.096380	0.667014	0.673942	1.427295
0.084846	0.667243	0.672616	1.444316
0.062853	0.676821	0.679733	1.478196
0.083910	0.669971	0.675205	1.446200
0.070828	0.673052	0.676768	1.465949
0.051303	0.680067	0.681999	1.495501
0.074683	0.670267	0.674415	1.459832
0.090591	0.666005	0.672138	1.435605
0.090348	0.672266	0.678310	1.437204
0.094552	0.657467	0.664231	1.427963
0.097922	0.642931	0.650345	1.419652
0.096884	0.645857	0.653083	1.421898
0.094408	0.645809	0.652673	1.425638
0.093272	0.648862	0.655531	1.428028
0.076602	0.667275	0.671657	1.456498
0.055245	0.675949	0.678203	1.489248
0.025753	0.680235	0.680722	1.532955
0.010281	0.680821	0.680899	1.555696
-0.006738	0.681008	0.681041	1.580690
0.019898	0.680545	0.680836	1.541566
0.037716	0.678961	0.680007	1.515304
0.055589	0.676487	0.678767	1.488808
0.081307	0.663664	0.668626	1.448891
0.089972	0.656769	0.662903	1.434652
0.093652	0.650669	0.657374	1.427846
0.096525	0.648328	0.655474	1.422999
0.096965	0.642468	0.649744	1.421000
0.100093	0.645155	0.652873	1.416877
0.099688	0.659248	0.666743	1.420719
0.073386	0.672660	0.676651	1.462128
0.090137	0.669345	0.675387	1.436937
0.093032	0.661667	0.668175	1.431110
0.080667	0.665856	0.670725	1.450236
0.062028	0.675027	0.677871	1.479164
0.077582	0.668980	0.673463	1.455341
0.091247	0.665862	0.672085	1.434609
0.086866	0.662559	0.668229	1.440433
0.060293	0.675308	0.677994	1.481750
0.044514	0.679072	0.680530	1.505338
0.027696	0.682251	0.682813	1.530224
0.054948	0.676837	0.679063	1.489791
0.075217	0.668278	0.672497	1.458714
0.095977	0.659632	0.666578	1.426309
0.084937	0.670684	0.676041	1.444825
0.063325	0.676930	0.679886	1.477520
0.081496	0.668655	0.673603	1.449515
0.095396	0.665689	0.672490	1.428462
0.099705	0.651561	0.659145	1.418949
0.097259	0.639031	0.646390	1.419758
0.094083	0.635171	0.642101	1.423743
0.096939	0.642054	0.649331	1.420945
0.094844	0.641998	0.648966	1.424125
0.094604	0.645426	0.652323	1.425257
0.093382	0.651116	0.657778	1.428350
0.087425	0.659705	0.665473	1.439043
0.069496	0.670025	0.673620	1.467444
0.041113	0.678933	0.680176	1.510314
0.023110	0.680109	0.680502	1.536830
0.005916	0.680619	0.680644	1.562105
-0.021977	0.680068	0.680423	1.603100
-0.041398	0.675137	0.676405	1.632038
-0.049233	0.668451	0.670262	1.644316
-0.039716	0.674946	0.676113	1.629572
-0.025832	0.679914	0.680405	1.608771
-0.010404	0.680436	0.680516	1.586086
0.004881	0.680610	0.680628	1.563624
0.019936	0.680223	0.680516	1.541497
0.034977	0.679500	0.680399	1.519367
0.057242	0.674567	0.676992	1.486141
0.073835	0.668180	0.672247	1.460741
0.091096	0.656460	0.662751	1.432908
0.094626	0.648107	0.654978	1.425817
0.095282	0.643572	0.650587	1.423812
0.097013	0.642692	0.649973	1.420979
0.093605	0.634730	0.641595	1.424379
0.096480	0.637942	0.645197	1.420697
0.100981	0.644800	0.652659	1.415450
0.099631	0.659818	0.667298	1.420931
0.086995	0.668164	0.673803	1.441324
0.072067	0.677034	0.680859	1.464751
0.097583	0.661701	0.668858	1.424379
0.084775	0.666395	0.671765	1.444261
0.097331	0.654116	0.661318	1.423082
0.082768	0.671957	0.677035	1.448239
0.093287	0.658256	0.664834	1.430015
0.083543	0.663135	0.668376	1.445474
0.069059	0.670624	0.674170	1.468181
0.053049	0.677912	0.679985	1.492702
0.026783	0.681281	0.681807	1.531504
0.003228	0.682720	0.682728	1.566068
0.020942	0.681629	0.681951	1.540083
0.038914	0.679854	0.680966	1.513621
0.059419	0.674523	0.677136	1.482933
0.076025	0.667754	0.672068	1.457432
0.095269	0.657099	0.663969	1.426815
0.100065	0.660090	0.667632	1.420349
0.084926	0.668514	0.673887	1.444436
0.070720	0.672509	0.676217	1.466023
0.051629	0.679421	0.681380	1.494952
0.075567	0.668926	0.673181	1.458306
0.092966	0.663430	0.669912	1.431574
0.083742	0.671630	0.676831	1.446751
0.101823	0.652606	0.660501	1.416019
0.097930	0.637604	0.645081	1.418397
0.096833	0.637157	0.644473	1.419973
0.094572	0.635248	0.642249	1.423007
0.094838	0.638362	0.645369	1.423310
0.095892	0.643714	0.650817	1.422917
0.093220	0.643205	0.649925	1.426867
0.093871	0.654223	0.660924	1.428284
0.088026	0.658568	0.664425	1.437922
0.078103	0.665213	0.669782	1.453921
0.058781	0.674962	0.677517	1.483927
0.034276	0.678929	0.679793	1.520353
0.012360	0.680532	0.680644	1.552635
0.000018	0.680373	0.680373	1.570770
-0.015758	0.680039	0.680222	1.593964
-0.031490	0.679140	0.679870	1.617130
-0.047742	0.671164	0.672860	1.641809
-0.040070	0.666583	0.667786	1.630837
-0.033841	0.668154	0.669010	1.621401
-0.022734	0.673010	0.673394	1.604563
-0.016959	0.675476	0.675688	1.595898
-0.026336	0.677538	0.678049	1.609646
-0.026837	0.670940	0.671477	1.610775
-0.039129	0.666402	0.667549	1.629445
-0.044632	0.666056	0.667550	1.637705
-0.047198	0.669531	0.671192	1.641174
-0.030310	0.679336	0.680012	1.615383
-0.007169	0.680307	0.680345	1.581334
0.009832	0.680421	0.680492	1.556347
0.035460	0.679577	0.680502	1.518663
0.058734	0.674191	0.676745	1.483898
0.076155	0.666963	0.671297	1.457108
0.091658	0.655588	0.661964	1.431886
0.094492	0.647504	0.654363	1.425887
0.094404	0.642580	0.649478	1.424926
0.093801	0.638757	0.645608	1.424989
0.093363	0.635663	0.642483	1.424965
0.093159	0.633306	0.640121	1.424744
0.093543	0.632137	0.639021	1.423883
0.096473	0.635732	0.643010	1.420195
0.101844	0.646046	0.654024	1.414441
0.100599	0.661682	0.669286	1.419916
0.086590	0.668558	0.674142	1.441996
0.069671	0.676924	0.680500	1.468235
0.089058	0.667344	0.673260	1.438128
0.077715	0.668175	0.672679	1.455007
0.053138	0.678840	0.680916	1.492678
0.077538	0.668176	0.672660	1.455269
0.090561	0.666359	0.672485	1.435720
0.071310	0.675575	0.679328	1.465631
0.090582	0.670248	0.676341	1.436463
0.101190	0.649589	0.657423	1.416263
0.098166	0.664239	0.671454	1.424072
0.084011	0.670075	0.675321	1.446071
0.069352	0.676469	0.680015	1.468632
0.085644	0.672170	0.677604	1.444066
0.082626	0.667352	0.672448	1.447611
0.056086	0.679029	0.681341	1.488387
0.072936	0.672006	0.675952	1.462685
0.088268	0.666282	0.672104	1.439084
0.094441	0.669814	0.676439	1.430724
0.098774	0.644826	0.652347	1.418798
0.096680	0.644201	0.651415	1.421830
0.095816	0.647481	0.654532	1.423880
0.092781	0.655438	0.661972	1.430175
0.070462	0.670239	0.673932	1.466052
0.049383	0.677172	0.678971	1.497999
0.022973	0.681105	0.681492	1.537081
0.048493	0.677339	0.679073	1.499326
0.069149	0.670869	0.674423	1.468086
0.092430	0.655973	0.662453	1.430813
0.095911	0.647921	0.654981	1.423834
0.097547	0.645529	0.652858	1.420819
0.096248	0.660106	0.667086	1.426010
0.072409	0.677360	0.681220	1.464302
0.089694	0.666303	0.672313	1.436986
0.094739	0.670830	0.677487	1.430498
0.099639	0.656107	0.663629	1.420084
0.092604	0.657558	0.664047	1.430886
0.074466	0.668148	0.672285	1.459803
0.057568	0.674895	0.677346	1.485703
0.035457	0.680080	0.681004	1.518707
0.012089	0.681641	0.681748	1.553064
-0.011942	0.681858	0.681963	1.588309
0.010607	0.681678	0.681760	1.555238
0.031509	0.680461	0.681190	1.524524
0.049995	0.676822	0.678666	1.497064
0.065731	0.672391	0.675596	1.473349
0.089101	0.660106	0.666092	1.436627
0.097927	0.652265	0.659575	1.421775
0.102259	0.664088	0.671915	1.418012
0.088779	0.665591	0.671486	1.438196
0.063359	0.674462	0.677431	1.477132
0.078722	0.667269	0.671896	1.453363
0.091893	0.661775	0.668125	1.432820
0.093524	0.667996	0.674511	1.431694
0.077694	0.671006	0.675489	1.455523
0.097122	0.660439	0.667542	1.424787
0.101402	0.649152	0.657024	1.415842
0.097114	0.636036	0.643407	1.419280
0.093753	0.631340	0.638263	1.423375
0.093447	0.632719	0.639582	1.424165
0.093904	0.635722	0.642620	1.424144
0.094780	0.640002	0.646982	1.423772
0.095668	0.645756	0.652804	1.423717
0.091824	0.656730	0.663118	1.431877
0.084818	0.661080	0.666499	1.443191
0.061462	0.673947	0.676743	1.479851
0.040097	0.678161	0.679345	1.511738
0.018330	0.680371	0.680618	1.543862
0.004486	0.680351	0.680366	1.564203
-0.019871	0.679876	0.680166	1.600015
-0.043437	0.673885	0.675283	1.635165
-0.046767	0.667731	0.669367	1.640720
-0.041846	0.666175	0.667488	1.633529
-0.031662	0.669102	0.669851	1.618081
-0.019867	0.675058	0.675350	1.600218
-0.017981	0.677845	0.678083	1.597316
-0.042995	0.673224	0.674595	1.634574
-0.023231	0.678797	0.679194	1.605007
-0.021038	0.678965	0.679291	1.601772
-0.010576	0.678712	0.678794	1.586377
-0.001206	0.677524	0.677525	1.572576
-0.009122	0.676134	0.676196	1.584287
-0.018570	0.673318	0.673574	1.598370
-0.043072	0.662768	0.664167	1.635693
-0.061261	0.645622	0.648522	1.665400
-0.075228	0.631981	0.636442	1.689274
-0.091404	0.617538	0.624266	1.717743
-0.104731	0.606757	0.615729	1.741720
-0.118094	0.595605	0.607200	1.766533
-0.105689	0.606070	0.615216	1.743445
-0.093023	0.616220	0.623201	1.720623
-0.078696	0.628967	0.633871	1.695269
-0.067065	0.640124	0.643628	1.675185
-0.053803	0.652984	0.655197	1.653006
-0.035219	0.665353	0.666284	1.623680
-0.016647	0.673573	0.673779	1.595506
-0.004854	0.676765	0.676782	1.577969
-0.009862	0.678431	0.678503	1.585331
-0.025649	0.674650	0.675138	1.608796
-0.038679	0.672452	0.673564	1.628252
-0.025218	0.678888	0.679356	1.607925
-0.024298	0.678636	0.679071	1.606585
-0.021225	0.678259	0.678591	1.602080
-0.032555	0.677303	0.678085	1.618825
-0.019982	0.674922	0.675218	1.600394
-0.038230	0.666947	0.668042	1.628055
-0.046685	0.667194	0.668825	1.640655
-0.042737	0.675054	0.676406	1.634021
-0.023173	0.679744	0.680139	1.604874
0.000622	0.680225	0.680225	1.569882
0.021998	0.680107	0.680463	1.538462
0.040040	0.677995	0.679176	1.511808
0.057612	0.674979	0.677434	1.485649
0.073176	0.667877	0.671874	1.461666
0.086041	0.661427	0.667000	1.441439
0.095259	0.648680	0.655638	1.424988
0.095247	0.642145	0.649170	1.423543
0.094496	0.637658	0.644622	1.423674
0.094373	0.634849	0.641826	1.423223
0.096149	0.635817	0.643046	1.420712
0.093016	0.627772	0.634625	1.423698
0.097100	0.634845	0.642227	1.419021
0.102605	0.651557	0.659586	1.414603
0.089593	0.672014	0.677960	1.438258
0.089929	0.663218	0.669287	1.436023
0.082230	0.671998	0.677010	1.449036
0.096296	0.656445	0.663470	1.425141
0.092528	0.668351	0.674726	1.433229
0.075743	0.677004	0.681227	1.459381
0.095262	0.662785	0.669596	1.428044
0.099989	0.649463	0.657115	1.418039
0.096947	0.650580	0.657763	1.422868
0.091971	0.656523	0.662934	1.431615
0.072132	0.669274	0.673150	1.463435
0.054425	0.675757	0.677945	1.490431
0.030242	0.680327	0.680999	1.526374
0.003837	0.681297	0.681307	1.565165
-0.016333	0.680943	0.681139	1.594778
-0.039090	0.677977	0.679103	1.628390
-0.023517	0.680116	0.680522	1.605361
-0.007741	0.681157	0.681201	1.582161
0.009276	0.681285	0.681348	1.557182
0.030385	0.680181	0.680859	1.526154
0.054226	0.677428	0.679595	1.490920
0.080127	0.664729	0.669541	1.450835
0.090105	0.657540	0.663685	1.434612
0.093816	0.651348	0.658070	1.427747
0.095439	0.647339	0.654337	1.424418
0.098394	0.647960	0.655388	1.420096
0.096486	0.666480	0.673428	1.427025
0.084652	0.666749	0.672102	1.444510
0.059663	0.678104	0.680724	1.483037
0.085331	0.670524	0.675932	1.444217
0.070905	0.675030	0.678743	1.466140
0.055966	0.679791	0.682091	1.488653
0.072575	0.672814	0.676717	1.463344
0.087921	0.666787	0.672559	1.439695
0.100795	0.664601	0.672201	1.420281
0.097472	0.642748	0.650096	1.420293
0.096648	0.645957	0.653147	1.422278
0.094340	0.646086	0.652938	1.425803
0.087319	0.660990	0.666733	1.439454
0.065829	0.672083	0.675299	1.473160
0.051058	0.676003	0.677929	1.495410
0.034862	0.679472	0.680366	1.519533
0.017242	0.680623	0.680841	1.545470
0.000037	0.681150	0.681150	1.570742
0.020273	0.680499	0.680801	1.541014
0.042663	0.678621	0.679960	1.508012
0.066211	0.671355	0.674612	1.472491
0.084264	0.662255	0.667594	1.444239
0.093871	0.655105	0.661796	1.428474
0.094233	0.644013	0.650871	1.425506
0.096518	0.644256	0.651446	1.422090
0.096658	0.641055	0.648301	1.421143
0.099495	0.643600	0.651246	1.417419
0.099779	0.657963	0.665486	1.420294
0.089944	0.665030	0.671084	1.436364
0.070806	0.674316	0.678024	1.466175
0.090844	0.668569	0.674713	1.435746
0.090714	0.661350	0.667543	1.434482
0.071862	0.670122	0.673964	1.463968
0.044868	0.680289	0.681767	1.504937
0.062369	0.673984	0.676864	1.478521
0.078240	0.666631	0.671207	1.453964
0.093890	0.660333	0.666975	1.429557
0.090809	0.670207	0.676331	1.436123
0.077653	0.675602	0.680050	1.456359
0.089069	0.664094	0.670041	1.437471
0.098231	0.652716	0.660066	1.421422
0.093324	0.656054	0.662659	1.429494
0.072838	0.669146	0.673099	1.462371
0.052634	0.676786	0.678830	1.493183
0.025832	0.681520	0.682009	1.532910
0.048577	0.677594	0.679333	1.499228
0.067159	0.671882	0.675231	1.471171
0.091339	0.657908	0.664218	1.432846
0.097351	0.652698	0.659918	1.422736
0.086145	0.674204	0.679685	1.443712
0.088812	0.665753	0.671650	1.438179
0.073544	0.670377	0.674399	1.461528
0.054410	0.678197	0.680376	1.490740
0.057497	0.678684	0.681116	1.486279
0.071579	0.672659	0.676457	1.464784
0.085386	0.666425	0.671873	1.443365
0.094161	0.668407	0.675007	1.430844
0.098951	0.647802	0.655316	1.419219
0.095915	0.646503	0.653580	1.423511
0.094468	0.650220	0.657046	1.426519
0.090918	0.656825	0.663088	1.433250
0.078814	0.665482	0.670133	1.452914
0.063301	0.672607	0.675579	1.476960
0.046334	0.678837	0.680417	1.502646
0.022378	0.680828	0.681196	1.537940
0.001663	0.681386	0.681388	1.568356
-0.025298	0.680590	0.681060	1.607950
-0.040648	0.675819	0.677041	1.630870
-0.051836	0.669350	0.671355	1.648084
-0.038197	0.678221	0.679296	1.627057
-0.022248	0.680398	0.680762	1.603483
-0.005970	0.681266	0.681292	1.579560
0.018859	0.681129	0.681390	1.543116
0.039930	0.678742	0.679915	1.512035
0.060028	0.674730	0.677395	1.482064
0.079588	0.664836	0.669583	1.451652
0.089674	0.659140	0.665212	1.435579
0.097240	0.650884	0.658107	1.422496
0.089685	0.673691	0.679635	1.438450
0.083644	0.669895	0.675097	1.446578
0.061384	0.677755	0.680529	1.480474
0.083905	0.669830	0.675065	1.446182
0.096994	0.660233	0.667319	1.424930
0.088712	0.662419	0.668333	1.437668
0.070050	0.671075	0.674721	1.466788
0.046097	0.679030	0.680593	1.503014
0.017176	0.683135	0.683350	1.545659
0.037674	0.680441	0.681483	1.515486
0.057256	0.676568	0.678986	1.486370
0.076169	0.667499	0.671831	1.457177
0.089363	0.661078	0.667091	1.436433
0.089499	0.669676	0.675630	1.437938
0.069858	0.672853	0.676470	1.467344
0.092038	0.666600	0.672924	1.433594
0.100914	0.666051	0.673653	1.420429
0.100494	0.644006	0.651800	1.416000
0.095364	0.629493	0.636675	1.420446
0.094867	0.630228	0.637328	1.421390
0.091629	0.625378	0.632055	1.425314
0.091114	0.625582	0.632183	1.426167
0.090382	0.625637	0.632132	1.427324
0.096540	0.638156	0.645417	1.420654
0.092511	0.633327	0.640048	1.425751
0.091391	0.633463	0.640022	1.427513
0.097000	0.644832	0.652087	1.421489
0.094891	0.646326	0.653255	1.425021
0.092995	0.650836	0.657446	1.428871
0.088641	0.657763	0.663709	1.436842
0.077894	0.665440	0.669984	1.454270
0.053905	0.676371	0.678515	1.491267
0.025444	0.679570	0.680046	1.533372
0.004895	0.680254	0.680272	1.563600
-0.010252	0.680128	0.680205	1.585868
-0.025465	0.679662	0.680139	1.608246
-0.047698	0.670689	0.672383	1.641795
-0.038855	0.667845	0.668974	1.628911
-0.031427	0.669412	0.670149	1.617709
-0.021851	0.674092	0.674446	1.603200
-0.018558	0.676788	0.677043	1.598210
-0.020397	0.678103	0.678410	1.600867
-0.039465	0.675655	0.676807	1.629140
-0.044431	0.672653	0.674118	1.636754
-0.030913	0.676310	0.677016	1.616472
-0.046185	0.669114	0.670706	1.639711
-0.043890	0.673620	0.675049	1.635860
-0.036233	0.669999	0.670978	1.624823
-0.024844	0.673516	0.673975	1.607667
-0.036423	0.668902	0.669893	1.625194
-0.044620	0.670406	0.671889	1.637255
-0.026091	0.679326	0.679827	1.609184
-0.010360	0.679504	0.679583	1.586041
0.005149	0.679311	0.679331	1.563216
-0.003880	0.678544	0.678555	1.576514
-0.003570	0.676980	0.676990	1.576070
-0.019911	0.672623	0.672918	1.600389
-0.043508	0.660924	0.662355	1.636530
-0.060769	0.644994	0.647851	1.664736
-0.072917	0.634394	0.638571	1.685234
-0.084103	0.624055	0.629697	1.704757
-0.098030	0.611793	0.619597	1.729679
-0.116818	0.596067	0.607406	1.764324
-0.131353	0.583958	0.598548	1.792050
-0.151322	0.568696	0.588484	1.830857
-0.165521	0.558593	0.582601	1.858872
-0.179441	0.548587	0.577188	1.886923
-0.164256	0.559673	0.583278	1.856266
-0.147580	0.571258	0.590014	1.823610
-0.134995	0.581192	0.596664	1.799023
-0.121136	0.591052	0.603338	1.772947
-0.108940	0.601486	0.611272	1.749971
-0.096525	0.611936	0.619502	1.727245
-0.081651	0.625293	0.630602	1.700642
-0.068640	0.637689	0.641372	1.678022
-0.050888	0.656017	0.657987	1.648213
-0.034893	0.665270	0.666184	1.623198
-0.019010	0.672549	0.672818	1.599055
-0.005955	0.676078	0.676105	1.579604
0.004306	0.677544	0.677558	1.564441
-0.009809	0.678896	0.678967	1.585243
-0.026709	0.677906	0.678432	1.610176
-0.042628	0.674539	0.675884	1.633908
-0.040185	0.667538	0.668746	1.630923
-0.045879	0.668638	0.670211	1.639305
-0.045210	0.668582	0.670109	1.638314
-0.044003	0.668469	0.669915	1.636527
-0.035928	0.676932	0.677884	1.623822
-0.021226	0.678037	0.678369	1.602092
-0.018605	0.676668	0.676924	1.598284
-0.021201	0.674972	0.675305	1.602196
-0.041486	0.666227	0.667518	1.632986
-0.047516	0.671062	0.672742	1.641485
-0.026048	0.679618	0.680117	1.609105
-0.010701	0.680069	0.680154	1.586530
0.004544	0.680176	0.680191	1.564116
0.019203	0.680032	0.680303	1.542565
0.040567	0.677917	0.679129	1.511027
0.061571	0.673863	0.676671	1.479679
0.086315	0.659814	0.665435	1.440718
0.092736	0.655895	0.662419	1.430339
0.093499	0.644118	0.650869	1.426645
0.096452	0.644984	0.652156	1.422355
0.096609	0.640585	0.647829	1.421111
0.089411	0.627509	0.633847	1.429263
0.090899	0.628039	0.634583	1.427060
0.091577	0.627834	0.634478	1.425956
0.094741	0.631914	0.638977	1.421978
0.093637	0.627589	0.634536	1.422688
0.093473	0.625755	0.632697	1.422516
0.094706	0.627191	0.634301	1.420928
0.100420	0.642949	0.650744	1.415862
0.097838	0.657358	0.664599	1.423045
0.086800	0.674684	0.680245	1.442847
0.088494	0.669306	0.675131	1.439341
0.064598	0.674573	0.677659	1.475326
0.083820	0.671132	0.676346	1.446546
0.094289	0.658283	0.665001	1.428530
0.085888	0.661873	0.667422	1.441753
0.072024	0.669329	0.673193	1.463603
0.055163	0.677323	0.679565	1.489533
0.028551	0.681298	0.681896	1.528914
0.003741	0.683027	0.683038	1.565319
0.024311	0.681625	0.682059	1.535145
0.045888	0.679041	0.680590	1.503322
0.069325	0.670626	0.674199	1.467788
0.087212	0.661588	0.667311	1.439729
0.097295	0.668067	0.675115	1.426176
0.085992	0.666759	0.672282	1.442534
0.071449	0.672133	0.675920	1.464892
0.056331	0.677799	0.680136	1.487878
0.059692	0.677746	0.680369	1.482948
0.073889	0.671900	0.675951	1.461266
0.087813	0.665951	0.671716	1.439692
0.096396	0.667899	0.674820	1.427458
0.098687	0.646306	0.653798	1.419272
0.096056	0.646718	0.653812	1.423347
0.093401	0.654380	0.661012	1.429022
0.071941	0.669489	0.673343	1.463750
0.049788	0.676958	0.678786	1.497382
0.022145	0.680817	0.681177	1.538280
0.007345	0.681018	0.681058	1.560011
-0.011476	0.680841	0.680938	1.587650
-0.039154	0.677403	0.678534	1.628533
-0.050190	0.669915	0.671792	1.645577
-0.050817	0.663247	0.665191	1.647266
-0.049256	0.667645	0.669460	1.644438
-0.040768	0.676836	0.678063	1.630956
-0.022255	0.680444	0.680808	1.603491
-0.001562	0.681069	0.681070	1.573090
0.024024	0.680567	0.680991	1.535510
0.043661	0.678417	0.679820	1.506527
0.060669	0.675137	0.677857	1.481175
0.084575	0.661954	0.667335	1.443720
0.091452	0.656163	0.662505	1.432314
0.094206	0.650793	0.657576	1.427039
0.095226	0.646852	0.653824	1.424632
0.095529	0.643965	0.651012	1.423526
0.095968	0.642248	0.649378	1.422469
0.099478	0.645599	0.653218	1.417912
0.095539	0.658062	0.664961	1.426622
0.078613	0.673340	0.677914	1.454571
0.094256	0.665429	0.672072	1.430086
0.082594	0.665046	0.670156	1.447237
0.066925	0.672631	0.675952	1.471625
0.050311	0.679543	0.681403	1.496895
0.052084	0.678496	0.680493	1.494182
0.076235	0.667437	0.671777	1.457068
0.090433	0.660037	0.666203	1.434632
0.099083	0.663079	0.670441	1.422466
0.087692	0.666341	0.672086	1.439945
0.102012	0.664722	0.672505	1.418519
0.094797	0.655064	0.661888	1.427080
0.089060	0.658711	0.664704	1.436407
0.078369	0.665637	0.670235	1.453601
0.056622	0.676450	0.678816	1.487286
0.027110	0.680679	0.681219	1.530989
0.001887	0.682029	0.682032	1.568030
0.020336	0.681279	0.681583	1.540955
0.039499	0.679709	0.680856	1.512750
0.065463	0.672357	0.675536	1.473738
0.085773	0.662404	0.667934	1.442026
0.091175	0.669669	0.675848	1.435479
0.103407	0.660347	0.668395	1.415463
0.096913	0.644568	0.651812	1.421561
0.095788	0.646417	0.653475	1.423683
0.094486	0.650718	0.657542	1.426602
0.090140	0.657845	0.663992	1.434621
0.074337	0.667970	0.672093	1.459965
0.059186	0.674071	0.676664	1.483217
0.042282	0.679461	0.680775	1.508648
0.015836	0.681098	0.681282	1.547550
-0.006487	0.681138	0.681169	1.580320
-0.029843	0.680023	0.680677	1.614653
-0.046369	0.674020	0.675613	1.639482
-0.046778	0.668961	0.670594	1.640609
-0.051903	0.663147	0.665175	1.648905
-0.049480	0.671414	0.673235	1.644359
-0.036069	0.678603	0.679561	1.623898
-0.010175	0.681021	0.681097	1.585735
0.010461	0.681149	0.681229	1.555439
0.029094	0.680567	0.681188	1.528073
0.048636	0.677003	0.678747	1.499080
0.065179	0.672428	0.675579	1.474167
0.088560	0.659465	0.665385	1.437304
0.094815	0.650135	0.657012	1.425978
0.096298	0.645687	0.652828	1.422748
0.099750	0.647982	0.655615	1.418056
0.094853	0.669760	0.676444	1.430109
0.091329	0.661010	0.667290	1.433499
0.080852	0.667321	0.672201	1.450226
0.057104	0.679986	0.682379	1.487014
0.071676	0.674430	0.678228	1.464917
0.085913	0.668787	0.674282	1.443034
0.100147	0.666747	0.674226	1.421708
0.101258	0.644115	0.652025	1.414868
0.094646	0.626339	0.633450	1.420820
0.093330	0.624528	0.631463	1.422454
0.093196	0.625528	0.632432	1.422896
0.093887	0.628588	0.635560	1.422531
0.090987	0.624493	0.631086	1.426117
0.095269	0.633983	0.641101	1.421641
0.092983	0.631916	0.638720	1.424701
0.092359	0.632848	0.639552	1.425878
0.092210	0.634615	0.641279	1.426505
0.092256	0.636765	0.643414	1.426915
0.092451	0.639162	0.645814	1.427148
0.092419	0.641584	0.648206	1.427732
0.092832	0.656666	0.663195	1.430359
0.079488	0.665158	0.669890	1.451858
0.062717	0.672451	0.675370	1.477800
0.042090	0.678170	0.679475	1.508812
0.026750	0.679357	0.679883	1.531441
0.011398	0.680158	0.680253	1.554040
-0.006235	0.680108	0.680137	1.579964
-0.026469	0.679269	0.679785	1.609743
-0.043113	0.674633	0.676010	1.634615
-0.046894	0.667665	0.669310	1.640917
-0.041123	0.666320	0.667587	1.632434
-0.023065	0.674696	0.675090	1.604969
-0.019701	0.676101	0.676388	1.599928
-0.021238	0.677735	0.678068	1.602122
-0.044204	0.671929	0.673382	1.636488
-0.045394	0.670719	0.672254	1.638373
-0.042379	0.668098	0.669441	1.634143
-0.035156	0.675510	0.676424	1.622793
-0.027265	0.672055	0.672608	1.611344
-0.026538	0.672338	0.672861	1.610247
-0.031853	0.669642	0.670400	1.618328
-0.036113	0.674223	0.675189	1.624308
-0.042272	0.669748	0.671080	1.633829
-0.037026	0.674156	0.675172	1.625663
-0.041569	0.667125	0.668419	1.633026
-0.034359	0.675597	0.676470	1.621609
-0.041912	0.673012	0.674316	1.632992
-0.042766	0.669550	0.670914	1.634583
-0.028790	0.677642	0.678253	1.613257
-0.026651	0.676459	0.676984	1.610173
-0.030693	0.671397	0.672098	1.616480
-0.046436	0.668257	0.669869	1.640172
-0.039296	0.676327	0.677468	1.628833
-0.018819	0.679519	0.679779	1.598483
0.003005	0.679670	0.679677	1.566375
0.026431	0.678344	0.678858	1.531852
0.017758	0.678590	0.678822	1.544633
0.021897	0.677738	0.678092	1.538499
-0.003475	0.678150	0.678158	1.575920
-0.011957	0.675337	0.675443	1.588500
-0.022268	0.671080	0.671449	1.603967
-0.042644	0.661904	0.663276	1.635134
-0.054303	0.650260	0.652524	1.654112
-0.065236	0.638715	0.642037	1.672580
-0.082151	0.623907	0.629292	1.701715
-0.094353	0.612665	0.619888	1.723600
-0.113914	0.596173	0.606958	1.759595
-0.129812	0.583319	0.597589	1.789768
-0.150388	0.567636	0.587220	1.829783
-0.172395	0.552118	0.578407	1.873447
-0.192766	0.537538	0.571057	1.915119
-0.215044	0.521651	0.564237	1.961807
-0.234341	0.507053	0.558586	2.003718
-0.248625	0.496208	0.555010	2.035283
-0.261946	0.485373	0.551545	2.065681
-0.275594	0.474499	0.548727	2.096987
-0.288648	0.463545	0.546069	2.127737
-0.300294	0.453533	0.543938	2.155645
-0.311576	0.443268	0.541818	2.183470
-0.295969	0.457278	0.544703	2.145230
-0.278892	0.471631	0.547921	2.104821
-0.256571	0.489822	0.552951	2.053306
-0.243877	0.499691	0.556028	2.024842
-0.230744	0.509407	0.559230	1.996113
-0.208424	0.525802	0.565604	1.948188
-0.196212	0.534716	0.569579	1.922487
-0.183714	0.543383	0.573599	1.896824
-0.161481	0.559448	0.582287	1.851803
-0.147974	0.569583	0.588491	1.824971
-0.133982	0.579500	0.594787	1.798007
-0.115434	0.594254	0.605361	1.762658
-0.101399	0.606700	0.615115	1.736397
-0.082310	0.622743	0.628159	1.702209
-0.069480	0.635061	0.638850	1.679769
-0.051289	0.653053	0.655064	1.649172
-0.029679	0.667693	0.668352	1.615216
-0.011653	0.674586	0.674686	1.588069
-0.005514	0.677343	0.677366	1.578937
0.017113	0.677316	0.677532	1.545536
0.015908	0.678262	0.678448	1.547347
0.026683	0.677993	0.678518	1.531461
0.009482	0.679516	0.679582	1.556843
-0.012578	0.679652	0.679768	1.589301
-0.039421	0.676308	0.677456	1.629019
-0.043919	0.667468	0.668911	1.636501
-0.031267	0.669713	0.670442	1.617449
-0.040626	0.667179	0.668415	1.631614
-0.038598	0.672802	0.673909	1.628102
-0.039912	0.669149	0.670338	1.630372
-0.027872	0.673056	0.673633	1.612183
-0.035228	0.670370	0.671295	1.623299
-0.040244	0.672371	0.673575	1.630579
-0.021578	0.676377	0.676721	1.602688
-0.025209	0.673268	0.673740	1.608221
-0.037827	0.668237	0.669307	1.627344
-0.043024	0.670735	0.672113	1.634853
-0.037820	0.677059	0.678114	1.626598
-0.017837	0.679596	0.679830	1.597037
0.002830	0.679692	0.679698	1.566633
0.020545	0.678936	0.679247	1.540546
0.030839	0.677717	0.678418	1.525324
0.002086	0.679157	0.679160	1.567725
-0.003874	0.677782	0.677793	1.576513
-0.007045	0.675626	0.675663	1.581223
-0.022424	0.670965	0.671339	1.604204
-0.037305	0.662900	0.663949	1.627012
-0.051052	0.653779	0.655769	1.648725
-0.071469	0.633365	0.637385	1.683161
-0.084757	0.620724	0.626484	1.706502
-0.101219	0.606761	0.615146	1.736093
-0.114724	0.594705	0.605669	1.761364
-0.131356	0.582207	0.596842	1.792698
-0.147479	0.570169	0.588934	1.823908
-0.169573	0.553872	0.579249	1.867894
-0.151121	0.567373	0.587154	1.831105
-0.132152	0.581198	0.596033	1.794373
-0.111845	0.597519	0.607897	1.755838
-0.095512	0.612361	0.619765	1.725523
-0.080560	0.626320	0.631479	1.698719
-0.066627	0.640021	0.643479	1.674524
-0.046087	0.661163	0.662767	1.640390
-0.020826	0.672445	0.672767	1.601757
-0.010470	0.675739	0.675820	1.586290
0.000078	0.677222	0.677222	1.570681
0.010728	0.677781	0.677866	1.554970
0.019448	0.677863	0.678142	1.542114
0.026899	0.677691	0.678225	1.531124
0.029904	0.677790	0.678450	1.526705
0.009001	0.679353	0.679412	1.557548
-0.010858	0.679601	0.679687	1.586772
-0.034418	0.678090	0.678963	1.621510
-0.015158	0.679660	0.679829	1.593095
0.003645	0.679747	0.679757	1.565435
0.019447	0.679315	0.679593	1.542176
-0.006300	0.679874	0.679903	1.580063
-0.033363	0.678214	0.679034	1.619950
-0.046681	0.671169	0.672790	1.640236
-0.043566	0.666828	0.668250	1.636037
-0.030068	0.672235	0.672907	1.615495
-0.024094	0.676315	0.676744	1.606406
-0.033424	0.676794	0.677619	1.620142
-0.041364	0.673837	0.675105	1.632105
-0.038070	0.674060	0.675134	1.627215
-0.021684	0.675297	0.675645	1.602895
-0.035242	0.668303	0.669231	1.623482
-0.046607	0.668036	0.669660	1.640450
-0.034270	0.678227	0.679092	1.621282
-0.012594	0.679818	0.679935	1.589320
0.006589	0.679863	0.679894	1.561104
0.034657	0.678183	0.679068	1.519737
0.040135	0.677339	0.678527	1.511612
0.033037	0.678013	0.678818	1.522109
0.021413	0.678789	0.679127	1.539262
0.030035	0.677675	0.678340	1.526504
0.000237	0.679015	0.679015	1.570447
-0.008016	0.677055	0.677102	1.582636
-0.017579	0.673113	0.673342	1.596906
-0.038211	0.663301	0.664401	1.628340
-0.055283	0.648975	0.651325	1.655777
-0.071006	0.634014	0.637978	1.682326
-0.083026	0.622376	0.627890	1.703416
-0.098458	0.609308	0.617212	1.731001
-0.111454	0.597600	0.607904	1.755181
-0.125374	0.586923	0.600164	1.781246
-0.138507	0.576751	0.593149	1.806483
-0.156906	0.562526	0.583999	1.842814
-0.169555	0.553567	0.578952	1.868018
-0.181734	0.544360	0.573894	1.893010
-0.198490	0.532395	0.568193	1.927659
-0.214239	0.520679	0.563032	1.961143
-0.230947	0.508763	0.558728	1.996920
-0.246280	0.497007	0.554680	2.030859
-0.261136	0.485648	0.551404	2.064151
-0.274785	0.474382	0.548220	2.095818
-0.291024	0.460962	0.545143	2.133943
-0.305977	0.447753	0.542314	2.170268
-0.318758	0.436076	0.540156	2.202005
-0.330892	0.424309	0.538078	2.233121
-0.343798	0.411795	0.536444	2.266445
-0.355968	0.399248	0.534894	2.298949
-0.375689	0.377327	0.532464	2.354019
-0.362716	0.391919	0.534007	2.317516
-0.348405	0.406905	0.535684	2.278896
-0.332588	0.422732	0.537882	2.237412
-0.315079	0.439063	0.540417	2.193248
-0.297249	0.455237	0.543689	2.149247
-0.276577	0.472547	0.547536	2.100329
-0.264058	0.483127	0.550580	2.070996
-0.250900	0.493608	0.553714	2.041060
-0.233187	0.507280	0.558309	2.001672
-0.213876	0.521339	0.563505	1.960102
-0.233941	0.506663	0.558065	2.003361
-0.252387	0.492369	0.553287	2.044471
-0.265151	0.482142	0.550242	2.073597
-0.277299	0.471762	0.547224	2.102194
-0.295637	0.456417	0.543800	2.145578
-0.311902	0.441739	0.540755	2.185590
-0.326515	0.428124	0.538426	2.222353
-0.339875	0.414781	0.536245	2.257260
-0.352970	0.401588	0.534659	2.291850
-0.365197	0.388450	0.533162	2.325350
-0.384375	0.366094	0.530819	2.380549
-0.394399	0.354082	0.530023	2.410008
-0.403981	0.341877	0.529227	2.439268
-0.419890	0.320018	0.527939	2.490363
-0.407081	0.337543	0.528819	2.449312
-0.392432	0.355951	0.529815	2.404902
-0.404815	0.340354	0.528882	2.442484
-0.416072	0.325078	0.528007	2.478357
-0.425108	0.312043	0.527340	2.508390
-0.433598	0.298924	0.526653	2.538015
-0.445710	0.279787	0.526249	2.581030
-0.456082	0.261703	0.525833	2.620655
-0.464761	0.245553	0.525641	2.655529
-0.472434	0.229855	0.525383	2.688777
-0.465718	0.243385	0.525481	2.660028
-0.458606	0.256723	0.525573	2.631264
-0.450136	0.271643	0.525750	2.598626
-0.440874	0.286706	0.525900	2.564999
-0.450289	0.271090	0.525595	2.599679
-0.458725	0.255838	0.525245	2.632845
-0.472092	0.229072	0.524733	2.689833
-0.481068	0.209760	0.524810	2.730417
-0.488764	0.191227	0.524841	2.768655
-0.494857	0.175102	0.524924	2.801498
-0.500214	0.159223	0.524944	2.833424
-0.491488	0.182765	0.524370	2.785578
-0.499550	0.160072	0.524570	2.831498
-0.505941	0.139000	0.524688	2.873473
-0.512801	0.113519	0.525215	2.923736
-0.517843	0.090112	0.525625	2.969304
-0.518683	0.081972	0.525120	2.984850
-0.522094	0.060598	0.525599	3.026042
-0.524372	0.040647	0.525945	3.064231
-0.526764	0.011588	0.526891	3.119599
-0.527421	-0.013931	0.527605	3.168001
-0.526660	-0.009732	0.526749	3.160070
-0.526572	-0.030393	0.527448	3.199248
-0.525666	-0.049738	0.528013	3.235931
-0.523485	-0.077755	0.529228	3.289049
-0.520163	-0.103270	0.530316	3.337578
-0.521146	-0.091115	0.529052	3.314680
-0.518143	-0.111403	0.529983	3.353374
-0.514512	-0.130564	0.530820	3.390110
-0.508438	-0.158055	0.532438	3.442987
-0.501696	-0.182589	0.533889	3.490635
-0.502217	-0.178260	0.532916	3.482667
-0.496834	-0.195795	0.534022	3.516990
-0.490998	-0.212781	0.535121	3.550526
-0.482641	-0.235316	0.536950	3.595238
-0.473956	-0.256071	0.538708	3.636946
-0.476349	-0.248817	0.537418	3.622954
-0.464627	-0.274472	0.539642	3.675173
-0.453433	-0.297266	0.542189	3.721887
-0.442127	-0.318174	0.544712	3.765381
-0.445551	-0.310657	0.543161	3.750465
-0.436375	-0.326969	0.545282	3.784636
-0.426901	-0.342806	0.547503	3.818167
-0.418033	-0.356857	0.549635	3.848206
-0.408913	-0.370635	0.551888	3.877926
-0.410670	-0.366950	0.550729	3.870827
-0.400651	-0.381782	0.553425	3.902880
-0.390345	-0.396343	0.556288	3.934615
-0.380960	-0.409068	0.558988	3.962554
-0.371397	-0.421522	0.561798	3.990122
-0.373787	-0.417417	0.560316	3.982079
-0.363799	-0.430324	0.563496	4.010568
-0.353695	-0.442944	0.566832	4.038558
-0.335108	-0.465230	0.573356	4.088164
-0.331077	-0.469234	0.574275	4.097935
-0.313518	-0.489568	0.581352	4.142795
-0.296592	-0.508529	0.588701	4.184388
-0.292285	-0.512657	0.590125	4.194217
-0.276120	-0.530608	0.598153	4.232568
-0.260168	-0.548029	0.606649	4.269158
-0.247203	-0.561986	0.613952	4.297987
-0.235220	-0.575070	0.621316	4.324124
-0.223213	-0.588241	0.629167	4.349716
-0.217448	-0.594184	0.632723	4.361567
-0.201055	-0.612273	0.644439	4.395107
-0.183699	-0.631368	0.657550	4.429252
-0.165641	-0.650674	0.671427	4.463115
-0.145339	-0.670109	0.685689	4.498809
-0.131347	-0.680570	0.693129	4.521737
-0.116232	-0.689718	0.699443	4.545437
-0.098517	-0.696668	0.703599	4.571909
-0.081218	-0.701974	0.706657	4.597202
-0.063938	-0.705051	0.707944	4.621951
-0.046310	-0.708227	0.709739	4.647094
-0.030563	-0.708965	0.709624	4.669307
-0.013006	-0.710024	0.710144	4.694074
0.003367	-0.709034	0.709042	4.717138
0.022231	-0.707989	0.708338	4.743779
0.036550	-0.705245	0.706191	4.764168
0.053958	-0.701615	0.703687	4.789143
0.067080	-0.696428	0.699652	4.808413
0.082580	-0.689818	0.694744	4.831534
0.092013	-0.683662	0.689826	4.846173
0.103651	-0.676948	0.684837	4.864324
0.118599	-0.666282	0.676755	4.888545
0.131126	-0.656897	0.669857	4.909414
0.143200	-0.647408	0.663056	4.930073
0.154730	-0.638821	0.657293	4.950025
0.160369	-0.633479	0.653463	4.960335
0.170883	-0.626785	0.649661	4.978554
0.175120	-0.622217	0.646391	4.986737
0.184706	-0.616002	0.643098	5.003705
0.189147	-0.611426	0.640014	5.012405
0.199673	-0.604863	0.636968	5.031238
0.203733	-0.600695	0.634304	5.039376
0.212812	-0.594739	0.631667	5.056017
0.222133	-0.587253	0.627861	5.074013
0.232524	-0.579601	0.624503	5.093912
0.241646	-0.572260	0.621188	5.111942
0.252017	-0.564561	0.618257	5.132241
0.255835	-0.560456	0.616086	5.140616
0.266899	-0.553158	0.614181	5.161939
0.270552	-0.549291	0.612306	5.170057
0.279826	-0.542797	0.610681	5.188381
0.283478	-0.538819	0.608839	5.196705
0.294093	-0.531446	0.607393	5.217826
0.306744	-0.520934	0.604536	5.244558
0.315850	-0.512985	0.602424	5.264281
0.326329	-0.504312	0.600684	5.286707
0.335054	-0.496360	0.598861	5.306154
0.345301	-0.487515	0.597414	5.328655
0.348919	-0.483349	0.596130	5.337648
0.359078	-0.475076	0.595511	5.359613
0.371125	-0.463607	0.593857	5.387444
0.376078	-0.458402	0.592931	5.399452
0.384190	-0.450955	0.592421	5.418013
0.395738	-0.439167	0.591166	5.445817
0.403403	-0.430805	0.590192	5.464950
0.412797	-0.421050	0.589647	5.487890
0.419916	-0.412772	0.588821	5.506366
0.428806	-0.402973	0.588440	5.528835
0.440567	-0.389215	0.587867	5.559594
0.450958	-0.376325	0.587353	5.587759
0.461995	-0.362187	0.587043	5.618299
0.471681	-0.348994	0.586754	5.646183
0.477836	-0.339914	0.586403	5.664875
0.485672	-0.328878	0.586547	5.687953
0.490979	-0.320301	0.586220	5.705145
0.498222	-0.309338	0.586443	5.727551
0.507765	-0.293766	0.586621	5.758690
0.515997	-0.279323	0.586749	5.787025
0.524625	-0.263451	0.587059	5.817803
0.532066	-0.248683	0.587314	5.845964
0.535907	-0.240018	0.587201	5.862103
0.541956	-0.227640	0.587824	5.885528
0.544890	-0.219972	0.587616	5.899494
0.550221	-0.208005	0.588226	5.921753
0.557251	-0.190326	0.588858	5.954063
0.562950	-0.174319	0.589322	5.982897
0.568904	-0.156413	0.590015	6.014877
0.573688	-0.140125	0.590553	6.043623
0.575531	-0.132062	0.590488	6.057628
0.579402	-0.118406	0.591377	6.081603
0.580009	-0.113147	0.590943	6.090528
0.583713	-0.098683	0.591996	6.115709
0.587311	-0.080433	0.592793	6.147080
0.590038	-0.063680	0.593465	6.175677
0.592557	-0.045419	0.594295	6.206686
0.594317	-0.028616	0.595005	6.235072
0.594477	-0.021567	0.594868	6.246923
0.596009	-0.006093	0.596040	6.272963
0.595684	-0.000901	0.595685	6.281672
0.596686	0.014296	0.596857	6.307139
0.596902	0.033220	0.597826	6.338782
0.596522	0.050519	0.598657	6.367673
0.595644	0.069135	0.599643	6.398736
0.594281	0.086400	0.600529	6.427560
0.593188	0.092488	0.600355	6.437857
0.591812	0.108886	0.601746	6.465139
0.590568	0.114409	0.601548	6.474542
0.588749	0.129147	0.602747	6.499124
0.585782	0.146051	0.603715	6.527530
0.582479	0.162382	0.604690	6.555060
0.578638	0.178945	0.605676	6.583108
0.574494	0.194963	0.606674	6.610355
0.571269	0.205650	0.607157	6.628731
0.567027	0.220220	0.608290	6.653632
0.563590	0.229949	0.608696	6.670576
0.558992	0.243576	0.609755	6.694119
0.553054	0.259273	0.610812	6.721565
0.546815	0.274628	0.611905	6.748618
0.540163	0.289699	0.612945	6.775464
0.533068	0.304844	0.614077	6.802662
0.528930	0.312463	0.614329	6.816772
0.521460	0.327524	0.615786	6.844003
0.517970	0.332977	0.615765	6.854518
0.509876	0.347951	0.617287	6.882018
0.502041	0.360793	0.618237	6.906320
0.492950	0.375260	0.619532	6.933850
0.484881	0.387038	0.620409	6.956835
0.475085	0.401062	0.621737	6.984296
0.466835	0.411909	0.622579	7.006159
0.456179	0.425784	0.624012	7.034135
0.447809	0.435703	0.624796	7.054883
0.436819	0.448667	0.626189	7.081963
0.427967	0.458235	0.627004	7.102725
0.416107	0.471000	0.628479	7.130383
0.407398	0.479505	0.629204	7.149707
0.395284	0.491388	0.630644	7.176549
0.385946	0.499770	0.631446	7.196393
0.372937	0.511447	0.632977	7.223938
0.363811	0.518856	0.633695	7.242465
0.350810	0.529481	0.635151	7.268831
0.340927	0.536849	0.635955	7.288186
0.326896	0.547319	0.637510	7.315574
0.318541	0.552817	0.638025	7.331235
0.303591	0.563053	0.639685	7.359478
0.291614	0.570458	0.640672	7.381420
0.275350	0.580361	0.642368	7.410985
0.263511	0.586848	0.643294	7.431937
0.247247	0.595652	0.644928	7.460537
0.234596	0.601822	0.645930	7.482291
0.217325	0.610086	0.647638	7.511776
0.204887	0.615369	0.648581	7.532576
0.187902	0.622457	0.650200	7.560809
0.177574	0.626168	0.650860	7.577649
0.158198	0.633356	0.652814	7.609213
0.148656	0.636226	0.653362	7.624448
0.129657	0.642276	0.655233	7.654787
0.119219	0.644960	0.655886	7.671197
0.099073	0.650363	0.657866	7.702809
0.088874	0.652470	0.658495	7.718602
0.069954	0.656574	0.660290	7.747838
0.055533	0.659055	0.661391	7.769919
0.035606	0.662265	0.663222	7.800269
0.023406	0.663623	0.664036	7.818726
0.002468	0.665979	0.665984	7.850276
-0.010512	0.666804	0.666887	7.869745
-0.032409	0.668145	0.668930	7.902449
-0.043841	0.668215	0.669651	7.919497
-0.065605	0.668467	0.671678	7.951811
-0.078198	0.668013	0.672575	7.970513
-0.099222	0.667185	0.674522	8.001617
-0.111400	0.666135	0.675386	8.019681
-0.130711	0.664399	0.677135	8.048236
-0.143806	0.662683	0.678107	8.067674
-0.164204	0.659858	0.679982	8.097875
-0.179928	0.657112	0.681300	8.121248
-0.195612	0.653988	0.682616	8.144618
-0.208947	0.650863	0.683580	8.164619
-0.232444	0.645205	0.685798	8.199770
-0.245216	0.641453	0.686726	8.219121
-0.267098	0.634881	0.688778	8.252209
-0.280407	0.630209	0.689776	8.272622
-0.303405	0.621910	0.691973	8.307870
-0.316251	0.616582	0.692956	8.327903
-0.337251	0.607642	0.694958	8.360668
-0.353109	0.600235	0.696397	8.385743
-0.368808	0.592412	0.697833	8.410820
-0.383381	0.584675	0.699161	8.434364
-0.397797	0.576577	0.700488	8.457916
-0.412974	0.567582	0.701923	8.482994
-0.427950	0.558182	0.703356	8.508076
-0.441791	0.548990	0.704676	8.531602
-0.455430	0.539455	0.705994	8.555123
-0.468377	0.529845	0.707187	8.577880
-0.487199	0.515364	0.709199	8.611294
-0.501850	0.503233	0.710702	8.638003
-0.516200	0.490680	0.712200	8.664720
-0.530964	0.477051	0.713793	8.692813
-0.545365	0.462975	0.715380	8.720907
-0.558653	0.449223	0.716864	8.747531
-0.571595	0.435084	0.718345	8.774163
-0.583944	0.420874	0.719810	8.800265
-0.595935	0.406317	0.721271	8.826362
-0.606977	0.392157	0.722640	8.851161
-0.617677	0.377700	0.724004	8.875957
-0.628603	0.362135	0.725454	8.902121
-0.639129	0.346260	0.726899	8.928277
-0.648742	0.330887	0.728253	8.953127
-0.657980	0.315249	0.729603	8.977976
-0.668323	0.296638	0.731197	9.007047
-0.678133	0.277684	0.732784	9.036123
-0.687003	0.259227	0.734283	9.063966
-0.695362	0.240493	0.735775	9.091802
-0.703597	0.220534	0.737350	9.121038
-0.711249	0.200307	0.738917	9.150261
-0.717991	0.180759	0.740395	9.178147
-0.724186	0.160996	0.741866	9.206023
-0.729413	0.142610	0.743223	9.231701
-0.734167	0.124063	0.744575	9.257375
-0.738276	0.106100	0.745861	9.282042
-0.741939	0.088015	0.747141	9.306702
-0.745267	0.069153	0.748469	9.332253
-0.748110	0.050186	0.749791	9.357794
-0.750386	0.031761	0.751058	9.382478
-0.752203	0.013254	0.752320	9.407160
-0.753760	-0.008552	0.753809	9.436124
-0.754676	-0.030432	0.755290	9.465081
-0.754941	-0.051400	0.756689	9.492758
-0.754616	-0.072395	0.758081	9.520421
-0.753658	-0.094309	0.759535	9.549266
-0.752055	-0.116220	0.760982	9.578102
-0.749904	-0.137206	0.762352	9.605741
-0.747161	-0.158147	0.763715	9.633363
-0.743969	-0.178241	0.765023	9.659927
-0.740233	-0.198269	0.766325	9.686482
-0.736089	-0.217584	0.767574	9.712189
-0.731437	-0.236811	0.768817	9.737889
-0.726101	-0.256567	0.770097	9.764433
-0.720227	-0.276199	0.771371	9.790970
-0.714008	-0.295120	0.772595	9.816722
-0.707288	-0.313896	0.773814	9.842466
-0.699036	-0.335082	0.775198	9.871768
-0.690149	-0.356031	0.776572	9.901045
-0.680969	-0.376013	0.777884	9.929288
-0.671208	-0.395746	0.779189	9.957517
-0.660521	-0.415869	0.780535	9.986684
-0.649231	-0.435687	0.781872	10.015831
-0.637784	-0.454476	0.783146	10.043901
-0.625795	-0.472951	0.784412	10.071956
-0.614177	-0.489822	0.785581	10.098008
-0.602108	-0.506393	0.786745	10.124044
-0.589738	-0.522473	0.787889	10.149772
-0.576941	-0.538241	0.789027	10.175487
-0.563635	-0.553780	0.790163	10.201358
-0.549913	-0.568982	0.791293	10.227217
-0.535925	-0.583687	0.792405	10.252810
-0.521546	-0.598040	0.793512	10.278393
-0.505647	-0.613077	0.794697	10.305912
-0.489325	-0.627676	0.795874	10.333408
-0.472904	-0.641562	0.797019	10.360372
-0.456097	-0.655006	0.798159	10.387319
-0.438638	-0.668199	0.799308	10.414680
-0.420807	-0.680913	0.800450	10.442022
-0.402922	-0.692936	0.801565	10.468891
-0.384703	-0.704476	0.802673	10.495742
-0.365580	-0.715861	0.803807	10.523415
-0.346134	-0.726713	0.804935	10.551065
-0.326695	-0.736860	0.806035	10.578255
-0.306972	-0.746475	0.807129	10.605426
-0.286609	-0.755708	0.808232	10.633074
-0.265986	-0.764372	0.809329	10.660701
-0.245387	-0.772357	0.810401	10.687949
-0.224563	-0.779776	0.811468	10.715178
-0.204077	-0.786448	0.812495	10.741682
-0.183411	-0.792572	0.813517	10.768165
-0.162784	-0.798090	0.814522	10.794367
-0.142009	-0.803062	0.815522	10.820549
-0.121055	-0.807490	0.816513	10.846767
-0.099983	-0.811362	0.817499	10.872964
-0.078913	-0.814661	0.818474	10.899010
-0.057753	-0.817407	0.819445	10.925038
-0.036437	-0.819601	0.820410	10.951146
-0.015061	-0.821233	0.821371	10.977237
0.006417	-0.822305	0.822330	11.003378
0.027926	-0.822811	0.823285	11.029501
0.049237	-0.822746	0.824218	11.055348
0.070549	-0.822125	0.825147	11.081178
0.091934	-0.820944	0.826076	11.107096
0.113290	-0.819203	0.827000	11.132996
0.133630	-0.817012	0.827868	11.157698
0.153915	-0.814314	0.828733	11.182382
0.174611	-0.811034	0.829617	11.207632
0.195222	-0.807226	0.830498	11.232862
0.215101	-0.803026	0.831336	11.257293
0.234878	-0.798336	0.832170	11.281710
0.255157	-0.792992	0.833031	11.306877
0.275299	-0.787134	0.833888	11.332025
0.295962	-0.780534	0.834762	11.358004
0.316449	-0.773395	0.835631	11.383960
0.336883	-0.765665	0.836501	11.410070
0.357108	-0.757400	0.837366	11.436156
0.376972	-0.748661	0.838213	11.462040
0.396602	-0.739405	0.839055	11.487901
0.416086	-0.729590	0.839898	11.513870
0.435307	-0.719268	0.840737	11.539815
0.453411	-0.708931	0.841525	11.564582
0.471256	-0.698144	0.842311	11.589333
0.489360	-0.686571	0.843120	11.614812
0.507163	-0.674534	0.843926	11.640272
0.523957	-0.662544	0.844686	11.664696
0.540455	-0.650140	0.845443	11.689106
0.557229	-0.636866	0.846228	11.714379
0.573663	-0.623167	0.847010	11.739634
0.589005	-0.609707	0.847744	11.763704
0.604020	-0.595877	0.848475	11.787759
0.619241	-0.581153	0.849234	11.812692
0.634092	-0.566049	0.849991	11.837607
0.647948	-0.551232	0.850701	11.861450
0.661448	-0.536083	0.851409	11.885279
0.675063	-0.520039	0.852144	11.909968
0.688277	-0.503660	0.852876	11.934639
0.700306	-0.487975	0.853550	11.957794
0.711970	-0.472010	0.854221	11.980936
0.723760	-0.455046	0.854925	12.005097
0.735137	-0.437799	0.855625	12.029241
0.745472	-0.421274	0.856271	12.052001
0.755429	-0.404511	0.856914	12.074750
0.765602	-0.386442	0.857603	12.098926
0.775333	-0.368128	0.858288	12.123085
0.784549	-0.349696	0.858956	12.147074
0.793320	-0.331045	0.859620	12.171048
0.801927	-0.311517	0.860308	12.195851
0.810045	-0.291782	0.860993	12.220634
0.817356	-0.272672	0.861639	12.244378
0.824211	-0.253390	0.862282	12.268108
0.830813	-0.233304	0.862949	12.292607
0.836918	-0.213060	0.863612	12.317089
0.842133	-0.194120	0.864216	12.339818
0.846914	-0.175062	0.864818	12.362536
0.851561	-0.154530	0.865469	12.386857
0.855706	-0.133890	0.866117	12.411162
0.859070	-0.114756	0.866701	12.433575
0.862003	-0.095547	0.867282	12.455978
0.864681	-0.074838	0.867914	12.480036
0.866858	-0.054067	0.868542	12.504080
0.868403	-0.034984	0.869107	12.526107
0.869525	-0.015867	0.869670	12.548125
0.870263	0.004542	0.870274	12.571590
0.870519	0.024964	0.870877	12.595040
0.870316	0.043897	0.871422	12.616765
0.869700	0.062826	0.871966	12.638484
0.868588	0.083109	0.872555	12.661763
0.867001	0.103363	0.873141	12.685029
0.865145	0.121649	0.873656	12.706066
0.862904	0.139897	0.874170	12.727096
0.859984	0.160032	0.874748	12.750354
0.856595	0.180095	0.875323	12.773598
0.853131	0.198084	0.875825	12.794514
0.849288	0.216002	0.876326	12.815423
0.844616	0.235697	0.876886	12.838506
0.839488	0.255281	0.877444	12.861576
0.834257	0.273526	0.877953	12.883194
0.828631	0.291657	0.878460	12.904803
0.822075	0.311233	0.879018	12.928289
0.815059	0.330651	0.879574	12.951761
0.808286	0.348121	0.880065	12.973051
0.801140	0.365447	0.880555	12.994335
0.792917	0.384208	0.881098	13.017582
0.784258	0.402773	0.881639	13.040817
0.776040	0.419393	0.882116	13.061834
0.767473	0.435840	0.882593	13.082845
0.757822	0.453427	0.883114	13.105560
0.747774	0.470790	0.883634	13.128263
0.738250	0.486431	0.884097	13.148975
0.728401	0.501874	0.884559	13.169681
0.717324	0.518452	0.885068	13.192208
0.705874	0.534777	0.885576	13.214724
0.694771	0.549886	0.886048	13.235885
0.683347	0.564758	0.886518	13.257037
0.671645	0.579339	0.886984	13.278115
0.659635	0.593672	0.887449	13.299186
0.647411	0.607650	0.887907	13.320099
0.634893	0.621372	0.888365	13.341006
0.622124	0.634790	0.888818	13.361845
0.609075	0.647942	0.889270	13.382679
0.595802	0.660770	0.889718	13.403426
0.582262	0.673322	0.890164	13.424167
0.568498	0.685557	0.890606	13.444844
0.554480	0.697507	0.891047	13.465515
0.540244	0.709139	0.891483	13.486137
0.525768	0.720477	0.891919	13.506753
0.511111	0.731474	0.892350	13.527286
0.496228	0.742169	0.892780	13.547814
0.480877	0.752722	0.893216	13.568669
0.465307	0.762955	0.893650	13.589518
0.449581	0.772823	0.894080	13.610283
0.433651	0.782364	0.894509	13.631042
0.417650	0.791499	0.894932	13.651630
0.401461	0.800305	0.895354	13.672213
0.385148	0.808745	0.895772	13.692716
0.368662	0.816849	0.896189	13.713214
0.352171	0.824540	0.896599	13.733509
0.335523	0.831895	0.897009	13.753798
0.318780	0.838888	0.897415	13.774017
0.301896	0.845540	0.897820	13.794229
0.284995	0.851807	0.898219	13.814298
0.267968	0.857734	0.898618	13.834361
0.250873	0.863300	0.899013	13.854359
0.233666	0.868524	0.899407	13.874352
0.216625	0.873328	0.899794	13.894029
0.199488	0.877797	0.900180	13.913702
0.182309	0.881916	0.900562	13.933319
0.165047	0.885698	0.900945	13.952933
0.147820	0.889119	0.901323	13.972420
0.130525	0.892204	0.901701	13.991902
0.113210	0.894944	0.902076	14.011335
0.095842	0.897348	0.902451	14.030765
0.078368	0.899416	0.902824	14.050254
0.060854	0.901144	0.903197	14.069739
0.043364	0.902525	0.903567	14.089156
0.025847	0.903566	0.903936	14.108570
0.008388	0.904263	0.904302	14.127891
-0.009085	0.904622	0.904667	14.147209
-0.026509	0.904641	0.905030	14.166462
-0.043935	0.904325	0.905392	14.185712
-0.061360	0.903672	0.905753	14.204964
-0.078774	0.902684	0.906114	14.224213
-0.096116	0.901363	0.906473	14.243399
-0.113433	0.899708	0.906831	14.262583
-0.130585	0.897737	0.907185	14.281614
-0.147699	0.895439	0.907538	14.300640
-0.164721	0.892822	0.907889	14.319611
-0.181694	0.889881	0.908240	14.338577
-0.198472	0.886645	0.908587	14.357383
-0.215190	0.883093	0.908933	14.376186
-0.231798	0.879235	0.909277	14.394937
-0.248334	0.875066	0.909621	14.413685
-0.264672	0.870618	0.909960	14.432294
-0.280929	0.865866	0.910300	14.450900
-0.297061	0.860822	0.910637	14.469461
-0.313101	0.855477	0.910974	14.488020
-0.328956	0.849865	0.911308	14.506476
-0.344710	0.843959	0.911642	14.524931
-0.360326	0.837772	0.911974	14.543349
-0.375829	0.831297	0.912306	14.561765
-0.391156	0.824560	0.912635	14.580110
-0.406360	0.817541	0.912964	14.598453
-0.421394	0.810262	0.913290	14.616742
-0.436297	0.802708	0.913616	14.635030
-0.451136	0.794835	0.913940	14.653410
-0.465832	0.786690	0.914265	14.671788
-0.480339	0.778295	0.914587	14.690114
-0.494693	0.769634	0.914909	14.708439
-0.508795	0.760768	0.915227	14.726639
-0.522736	0.751645	0.915545	14.744837
-0.536477	0.742289	0.915861	14.762988
-0.550050	0.732683	0.916177	14.781138
-0.563188	0.723025	0.916486	14.798929
-0.576154	0.713132	0.916794	14.816720
-0.588917	0.703029	0.917100	14.834468
-0.601501	0.692698	0.917406	14.852215
-0.613822	0.682211	0.917709	14.869846
-0.625960	0.671506	0.918012	14.887476
-0.637882	0.660609	0.918312	14.905064
-0.649613	0.649501	0.918613	14.922651
-0.661076	0.638259	0.918910	14.940124
-0.672343	0.626815	0.919207	14.957596
-0.683389	0.615195	0.919503	14.975031
-0.694233	0.603380	0.919797	14.992466
-0.704811	0.591444	0.920090	15.009801
-0.715184	0.579323	0.920382	15.027134
-0.725331	0.567041	0.920674	15.044439
-0.735266	0.554581	0.920965	15.061742
-0.745039	0.541880	0.921259	15.079137
-0.754592	0.529008	0.921552	15.096531
-0.763902	0.515996	0.921845	15.113888
-0.772988	0.502820	0.922138	15.131244
-0.781852	0.489473	0.922430	15.148614
-0.790485	0.475971	0.922722	15.165982
-0.798867	0.462347	0.923013	15.183312
-0.807013	0.448576	0.923304	15.200641
-0.814914	0.434673	0.923594	15.217956
-0.822575	0.420631	0.923883	15.235270
-0.829980	0.406483	0.924172	15.252549
-0.837140	0.392205	0.924461	15.269827
-0.844021	0.377873	0.924749	15.287019
-0.850657	0.363421	0.925036	15.304211
-0.857034	0.348877	0.925323	15.321373
-0.863162	0.334222	0.925610	15.338535
-0.868857	0.319929	0.925887	15.355152
-0.874315	0.305540	0.926165	15.371768
-0.879525	0.291085	0.926442	15.388353
-0.884495	0.276542	0.926718	15.404937
-0.889205	0.261979	0.926994	15.421448
-0.893674	0.247336	0.927269	15.437958
-0.897896	0.232641	0.927544	15.454442
-0.901875	0.217874	0.927819	15.470926
-0.905584	0.203156	0.928092	15.487280
-0.909052	0.188374	0.928364	15.503634
-0.912274	0.173552	0.928636	15.519968
-0.915255	0.158676	0.928908	15.536302
-0.917986	0.143787	0.929179	15.552592
-0.920475	0.128853	0.929450	15.568882
-0.922718	0.113889	0.929720	15.585156
-0.924719	0.098887	0.929991	15.601431
-0.926491	0.083701	0.930264	15.617866
-0.928014	0.068483	0.930537	15.634302
-0.929285	0.053263	0.930810	15.650710
-0.930306	0.038020	0.931083	15.667118
-0.931080	0.022666	0.931356	15.683625
-0.931601	0.007296	0.931629	15.700132
-0.931867	-0.008061	0.931902	15.716614
-0.931880	-0.023426	0.932174	15.733096
-0.931642	-0.038698	0.932445	15.749477
-0.931153	-0.053969	0.932715	15.765858
-0.930414	-0.069218	0.932986	15.782221
-0.929426	-0.084456	0.933256	15.798583
-0.928195	-0.099614	0.933525	15.814874
-0.926717	-0.114754	0.933794	15.831165
-0.924992	-0.129860	0.934064	15.847442
-0.923022	-0.144940	0.934333	15.863719
-0.918492	-0.174144	0.934855	15.895337
-0.913045	-0.203167	0.935376	15.926912
-0.906694	-0.231969	0.935897	15.958431
-0.899441	-0.260541	0.936417	15.989917
-0.891374	-0.288603	0.936931	16.021086
-0.882436	-0.316399	0.937444	16.052236
-0.872621	-0.343944	0.937958	16.083416
-0.861955	-0.371160	0.938470	16.114570
-0.850389	-0.398158	0.938984	16.145855
-0.837989	-0.424769	0.939497	16.177108
-0.824642	-0.451209	0.940013	16.208622
-0.810471	-0.477213	0.940529	16.240114
-0.795589	-0.502597	0.941045	16.271388
-0.779916	-0.527514	0.941563	16.302655
-0.763479	-0.551927	0.942085	16.333900
-0.746288	-0.575817	0.942609	16.365130
-0.728810	-0.598597	0.943124	16.395579
-0.710657	-0.620826	0.943640	16.425997
-0.691816	-0.642521	0.944162	16.456435
-0.672326	-0.663633	0.944686	16.486855
-0.652476	-0.683876	0.945204	16.516854
-0.632016	-0.703529	0.945726	16.546856
-0.610830	-0.722692	0.946254	16.577050
-0.589073	-0.741211	0.946785	16.607232
-0.566806	-0.759037	0.947315	16.637346
-0.544007	-0.776191	0.947848	16.667452
-0.520448	-0.792828	0.948390	16.697867
-0.496377	-0.808757	0.948935	16.728289
-0.472041	-0.823825	0.949478	16.758440
-0.447222	-0.838177	0.950026	16.788622
-0.421902	-0.851821	0.950579	16.818884
-0.396161	-0.864704	0.951134	16.849152
-0.370481	-0.876611	0.951684	16.878899
-0.344461	-0.887749	0.952235	16.908627
-0.317940	-0.898181	0.952793	16.938541
-0.291107	-0.907820	0.953352	16.968453
-0.264346	-0.916550	0.953909	16.997966
-0.237302	-0.924497	0.954467	17.027502
-0.210073	-0.931634	0.955025	17.056980
-0.182620	-0.937973	0.955585	17.086468
-0.154833	-0.943529	0.956149	17.116109
-0.126866	-0.948266	0.956715	17.145762
-0.098781	-0.952172	0.957282	17.175386
-0.070541	-0.955251	0.957852	17.205048
-0.042231	-0.957494	0.958425	17.234682
-0.013777	-0.958903	0.959002	17.264393
0.014758	-0.959469	0.959582	17.294140
0.043364	-0.959185	0.960164	17.323938
0.071877	-0.958062	0.960755	17.353643
0.100327	-0.956102	0.961352	17.383310
0.128619	-0.953317	0.961954	17.412867
0.156821	-0.949704	0.962565	17.442409
0.184723	-0.945303	0.963182	17.471739
0.212522	-0.940086	0.963809	17.501089
0.240162	-0.934062	0.964443	17.530424
0.267678	-0.927223	0.965088	17.559806
0.294989	-0.919585	0.965741	17.589175
0.322098	-0.911149	0.966406	17.618556
0.348949	-0.901932	0.967082	17.647914
0.375598	-0.891913	0.967772	17.677335
0.401967	-0.881118	0.968476	17.706758
0.428164	-0.869493	0.969197	17.736333
0.454184	-0.857026	0.969937	17.766082
0.480081	-0.843664	0.970694	17.796106
0.505725	-0.829448	0.971464	17.826290
0.530925	-0.814464	0.972231	17.856449
0.555615	-0.798757	0.972995	17.886527
0.579832	-0.782304	0.973757	17.916595
0.603451	-0.765198	0.974516	17.946524
0.626583	-0.747362	0.975272	17.976477
0.649188	-0.728821	0.976025	18.006434
0.671322	-0.709520	0.976776	18.036502
0.692772	-0.689647	0.977520	18.066418
0.713589	-0.669170	0.978262	18.096270
0.733717	-0.648153	0.979001	18.125998
0.753185	-0.626576	0.979737	18.155663
0.771933	-0.604539	0.980483	18.185174
0.790103	-0.581951	0.981290	18.214718
0.807805	-0.558681	0.982177	18.244487
0.816672	-0.546529	0.982673	18.259791
0.825356	-0.534236	0.983169	18.275095
0.834104	-0.521475	0.983700	18.290819
0.842655	-0.508571	0.984231	18.306542
0.850990	-0.495553	0.984762	18.322234
0.859123	-0.482399	0.985293	18.337925
0.867027	-0.469160	0.985823	18.353561
0.874726	-0.455792	0.986353	18.369196
0.882204	-0.442326	0.986882	18.384800
0.889476	-0.428737	0.987412	18.400403
0.896503	-0.415100	0.987941	18.415927
0.903322	-0.401349	0.988469	18.431450
0.909917	-0.387513	0.988998	18.446942
0.916300	-0.373570	0.989526	18.462434
0.922455	-0.359559	0.990053	18.477887
0.928400	-0.345432	0.990581	18.493354
0.934182	-0.331057	0.991108	18.508983
0.939741	-0.316586	0.991635	18.524611
