time = 16.3999	Re = 1	40	80
0.157506	0.128450	0.203243	0.684135
0.168630	0.116672	0.205057	0.605254
0.178923	0.103871	0.206888	0.525984
0.195349	0.079238	0.210808	0.385346
0.207796	0.054664	0.214866	0.257240
0.217043	0.029073	0.218982	0.133157
0.223009	0.002692	0.223025	0.012072
0.226127	-0.018872	0.226913	-0.083265
0.227318	-0.040408	0.230881	-0.175924
0.227779	-0.057868	0.235014	-0.248789
0.226939	-0.075574	0.239192	-0.321462
0.224951	-0.103194	0.247491	-0.430097
0.222044	-0.127533	0.256063	-0.521355
0.223269	-0.157002	0.272945	-0.612867
0.237503	-0.163936	0.288588	-0.604150
0.260523	-0.153863	0.302566	-0.533473
0.273950	-0.142375	0.308738	-0.479294
0.287205	-0.128982	0.314838	-0.422099
0.301211	-0.108656	0.320209	-0.346201
0.313455	-0.087560	0.325455	-0.272394
0.324180	-0.062261	0.330104	-0.189747
0.332652	-0.033723	0.334357	-0.101032
0.335735	-0.018397	0.336239	-0.054742
0.338107	-0.002874	0.338120	-0.008500
0.339434	0.012286	0.339657	0.036180
0.340080	0.027553	0.341194	0.080844
0.339579	0.043580	0.342364	0.127638
0.338249	0.059568	0.343454	0.174318
0.335842	0.074769	0.344064	0.219059
0.332689	0.089848	0.344608	0.263774
0.328352	0.104971	0.344723	0.309422
0.323142	0.119733	0.344611	0.354844
0.317200	0.133637	0.344201	0.398735
0.310491	0.147185	0.343610	0.442664
0.302459	0.161437	0.342846	0.490281
0.293519	0.174885	0.341670	0.537342
0.284037	0.188132	0.340692	0.585007
0.273647	0.200663	0.339335	0.632721
0.261465	0.215092	0.338568	0.688394
0.248691	0.228756	0.337901	0.743668
0.234320	0.243951	0.338257	0.805533
0.219513	0.259247	0.339698	0.868202
0.202931	0.277371	0.343680	0.939161
0.186119	0.296067	0.349708	1.009585
0.177876	0.308658	0.356244	1.047993
0.169012	0.321090	0.362855	1.086277
0.161029	0.334134	0.370912	1.121711
0.152578	0.347243	0.379286	1.156794
0.144117	0.368684	0.395850	1.198163
0.137762	0.391534	0.415063	1.232472
0.129572	0.417062	0.436726	1.269571
0.123022	0.445554	0.462226	1.301398
0.121058	0.467768	0.483179	1.317552
0.119624	0.489622	0.504023	1.331172
0.115703	0.513333	0.526211	1.349106
0.109557	0.534857	0.545962	1.368757
0.102836	0.560280	0.569639	1.389273
0.100788	0.576627	0.585369	1.397756
0.098732	0.592440	0.600611	1.405660
0.098405	0.614940	0.622764	1.412118
0.099588	0.627846	0.635695	1.413488
0.101316	0.639645	0.647620	1.413707
0.102449	0.646846	0.654909	1.413719
0.098016	0.660404	0.667638	1.423453
0.080049	0.675784	0.680509	1.452892
0.086670	0.667629	0.673231	1.441701
0.071645	0.672619	0.676423	1.464681
0.054915	0.678959	0.681176	1.490091
0.077079	0.669466	0.673888	1.456166
0.088230	0.668811	0.674605	1.439632
0.093575	0.659955	0.666556	1.429945
0.075317	0.668143	0.672374	1.458544
0.058958	0.675044	0.677614	1.483678
0.039756	0.680728	0.681888	1.512460
0.068256	0.671511	0.674972	1.469499
0.088708	0.660863	0.666790	1.437364
0.099088	0.662633	0.670001	1.422360
0.086033	0.667597	0.673117	1.442633
0.100745	0.666045	0.673622	1.420675
0.095810	0.653535	0.660521	1.425230
0.080828	0.664805	0.669701	1.449809
0.067138	0.670973	0.674323	1.471068
0.053195	0.676854	0.678941	1.492367
0.035960	0.679671	0.680622	1.517937
0.018805	0.681804	0.682064	1.543223
0.046633	0.678083	0.679685	1.502133
0.070108	0.670583	0.674238	1.466626
0.093903	0.655331	0.662025	1.428474
0.098579	0.651687	0.659101	1.420668
0.092898	0.663260	0.669734	1.431639
0.071851	0.675934	0.679742	1.464895
0.089418	0.668699	0.674651	1.437865
0.064646	0.678378	0.681451	1.475788
0.083818	0.668635	0.673868	1.446089
0.098368	0.662059	0.669327	1.423297
0.097886	0.645915	0.653290	1.420394
0.095375	0.645140	0.652152	1.424023
0.094665	0.654217	0.661030	1.427094
0.086857	0.660500	0.666186	1.440045
0.069133	0.670218	0.673774	1.468010
0.043153	0.678734	0.680105	1.507303
0.018585	0.680788	0.681041	1.543504
-0.003302	0.681342	0.681350	1.575643
0.017469	0.680828	0.681052	1.545144
0.039976	0.679100	0.680276	1.511998
0.063219	0.672640	0.675604	1.477085
0.081703	0.663934	0.668943	1.448353
0.093539	0.655814	0.662451	1.429121
0.094965	0.645193	0.652145	1.424657
0.097313	0.645563	0.652856	1.421182
0.100571	0.647871	0.655630	1.416793
0.094692	0.659957	0.666715	1.428287
0.079395	0.673487	0.678151	1.453451
0.092772	0.665532	0.671967	1.432293
0.067474	0.672927	0.676301	1.470860
0.082664	0.668334	0.673427	1.447735
0.066581	0.674932	0.678208	1.472466
0.049338	0.680961	0.682746	1.498469
0.071847	0.672223	0.676052	1.464321
0.088349	0.667129	0.672954	1.439130
0.092642	0.671679	0.678038	1.433735
0.098660	0.642359	0.649891	1.418397
0.097770	0.643566	0.650950	1.420029
0.095844	0.644378	0.651467	1.423139
0.094771	0.650308	0.657177	1.426082
0.084823	0.662212	0.667622	1.443400
0.058527	0.674821	0.677354	1.484284
0.041589	0.678040	0.679314	1.509536
0.023723	0.680441	0.680854	1.535946
-0.004032	0.680666	0.680678	1.576720
-0.019919	0.679954	0.680246	1.600082
-0.035670	0.678372	0.679309	1.623330
-0.049053	0.670370	0.672162	1.643839
-0.047572	0.664166	0.665868	1.642300
-0.045718	0.668412	0.669974	1.639088
-0.044965	0.674227	0.675724	1.637389
-0.025221	0.680046	0.680513	1.607866
0.000007	0.680728	0.680728	1.570786
0.019030	0.680470	0.680736	1.542838
0.041652	0.679058	0.680334	1.509535
0.063681	0.672370	0.675378	1.476367
0.081646	0.663751	0.668753	1.448404
0.092025	0.654608	0.661044	1.431131
0.094370	0.647602	0.654441	1.426093
0.094626	0.643293	0.650215	1.424747
0.094794	0.640589	0.647565	1.423883
0.097413	0.641931	0.649280	1.420195
0.101613	0.647451	0.655376	1.415124
0.088329	0.673420	0.679188	1.440376
0.091368	0.662493	0.668764	1.433746
0.080644	0.671396	0.676222	1.451255
0.096674	0.656128	0.663212	1.424509
0.093487	0.661482	0.668056	1.430396
0.080149	0.670006	0.674783	1.451738
0.101380	0.663128	0.670832	1.419090
0.095016	0.655668	0.662516	1.426884
0.087228	0.660903	0.666635	1.439571
0.068971	0.670813	0.674350	1.468339
0.043748	0.679766	0.681173	1.506528
0.068446	0.671114	0.674595	1.469159
0.087003	0.661346	0.667044	1.439993
0.096541	0.658766	0.665802	1.425284
0.089600	0.668158	0.674139	1.437492
0.084456	0.664175	0.669523	1.444316
0.061267	0.675286	0.678060	1.480316
0.034223	0.682430	0.683287	1.520689
0.059634	0.675865	0.678491	1.482791
0.080954	0.665739	0.670643	1.449789
0.091692	0.667137	0.673409	1.434211
0.072421	0.675832	0.679702	1.464045
0.089167	0.664774	0.670727	1.437461
0.098306	0.654868	0.662205	1.421792
0.097927	0.641355	0.648788	1.419280
0.094881	0.638933	0.645939	1.423375
0.094782	0.641758	0.648720	1.424165
0.095029	0.646576	0.653522	1.424869
0.092408	0.655175	0.661660	1.430677
0.073220	0.668672	0.672668	1.461731
0.054322	0.675652	0.677833	1.490569
0.028238	0.680101	0.680687	1.529300
0.000109	0.680491	0.680491	1.570637
-0.017396	0.680115	0.680337	1.596368
-0.034586	0.678506	0.679387	1.621726
-0.048718	0.669589	0.671359	1.643426
-0.043152	0.665085	0.666484	1.635587
-0.025453	0.672076	0.672558	1.608650
-0.029056	0.669633	0.670263	1.614159
-0.023903	0.671931	0.672356	1.606355
-0.033328	0.667545	0.668377	1.620681
-0.049885	0.656894	0.658786	1.646591
-0.063979	0.644706	0.647873	1.669709
-0.082532	0.628982	0.634373	1.701267
-0.064900	0.643919	0.647182	1.671246
-0.051838	0.655199	0.657247	1.649749
-0.037515	0.665669	0.666725	1.627094
-0.033924	0.677009	0.677858	1.620862
-0.023767	0.672101	0.672521	1.606144
-0.033838	0.667912	0.668768	1.621415
-0.040404	0.665826	0.667050	1.631405
-0.041313	0.667172	0.668450	1.632640
-0.048773	0.669625	0.671398	1.643504
-0.023734	0.679895	0.680309	1.605690
0.005714	0.680463	0.680487	1.562400
0.029087	0.679855	0.680477	1.528038
0.048463	0.676617	0.678351	1.499294
0.064779	0.672429	0.675542	1.474757
0.088199	0.659668	0.665538	1.437883
0.094778	0.649482	0.656361	1.425890
0.095687	0.644018	0.651088	1.423297
0.097175	0.642601	0.649907	1.420712
0.093980	0.634282	0.641206	1.423698
0.097826	0.639590	0.647028	1.419021
0.100889	0.653551	0.661292	1.417635
0.094195	0.667838	0.674448	1.430676
0.082956	0.668076	0.673207	1.447257
0.067066	0.674020	0.677348	1.471622
0.083265	0.671171	0.676317	1.447368
0.096355	0.658525	0.665537	1.425508
0.089843	0.660341	0.666425	1.435571
0.068292	0.671814	0.675276	1.469491
0.043146	0.679335	0.680704	1.507369
0.014264	0.682910	0.683059	1.549912
0.032728	0.680845	0.681631	1.522763
0.051424	0.677962	0.679909	1.495090
0.067743	0.671201	0.674611	1.470210
0.082934	0.663982	0.669142	1.446536
0.100026	0.662154	0.669666	1.420868
0.083877	0.668737	0.673977	1.446022
0.101516	0.660432	0.668188	1.418279
0.094871	0.654515	0.661355	1.426850
0.078440	0.666093	0.670696	1.453575
0.055015	0.676263	0.678497	1.489624
0.039466	0.679110	0.680256	1.512747
0.023716	0.681500	0.681912	1.536010
0.042280	0.678668	0.679984	1.508578
0.059566	0.674894	0.677518	1.482764
0.086066	0.661612	0.667187	1.441438
0.095491	0.652116	0.659070	1.425397
0.098607	0.649915	0.657353	1.420221
0.093403	0.662646	0.669197	1.430764
0.074724	0.676523	0.680637	1.460790
0.087205	0.663567	0.669273	1.440126
0.070360	0.671309	0.674986	1.466367
0.051691	0.679336	0.681300	1.494852
0.067914	0.672418	0.675839	1.470138
0.083339	0.665056	0.670257	1.446134
0.091340	0.667273	0.673495	1.434756
0.079476	0.675453	0.680113	1.453672
0.100954	0.662607	0.670254	1.419600
0.087789	0.661302	0.667103	1.438817
0.071966	0.669389	0.673247	1.463698
0.050729	0.678305	0.680199	1.496147
0.028825	0.681452	0.682061	1.528522
0.007832	0.683336	0.683381	1.559336
0.023735	0.681941	0.682354	1.536005
0.039608	0.680109	0.681261	1.512624
0.054518	0.676044	0.678239	1.490328
0.068919	0.671633	0.675160	1.468541
0.092716	0.659866	0.666347	1.431203
0.099060	0.661620	0.668995	1.422177
0.086328	0.667497	0.673057	1.442179
0.064266	0.679019	0.682053	1.476432
0.082672	0.670416	0.675494	1.448102
0.098288	0.664965	0.672190	1.424050
0.100107	0.647769	0.655458	1.417467
0.096058	0.634071	0.641306	1.420446
0.095693	0.635718	0.642879	1.421390
0.092637	0.632258	0.639008	1.425314
0.092208	0.633093	0.639773	1.426167
0.091584	0.633953	0.640534	1.427324
0.097322	0.645827	0.653118	1.421228
0.094069	0.644450	0.651279	1.425852
0.092856	0.646843	0.653474	1.428218
0.086487	0.661497	0.667127	1.440789
0.067837	0.670897	0.674318	1.470025
0.041707	0.678251	0.679533	1.509381
0.026129	0.679545	0.680047	1.532364
0.010550	0.680423	0.680505	1.555293
-0.005777	0.680283	0.680308	1.579288
-0.030031	0.679197	0.679861	1.614983
-0.045969	0.672967	0.674535	1.638998
-0.046839	0.666676	0.668319	1.640938
-0.041748	0.665564	0.666872	1.633440
-0.022938	0.672963	0.673354	1.604868
-0.017750	0.675627	0.675860	1.597063
-0.042452	0.672247	0.673586	1.633862
-0.014452	0.677747	0.677901	1.592116
-0.012212	0.677665	0.677775	1.588815
-0.034138	0.677713	0.678572	1.621127
-0.007710	0.678453	0.678497	1.582159
-0.010369	0.676652	0.676731	1.586119
-0.034422	0.666750	0.667638	1.622377
-0.052931	0.654004	0.656143	1.651554
-0.068244	0.640531	0.644156	1.676939
-0.082096	0.628587	0.633925	1.700665
-0.093213	0.617885	0.624876	1.720525
-0.107503	0.605227	0.614700	1.746587
-0.127062	0.589537	0.603074	1.783077
-0.105025	0.607008	0.616027	1.742121
-0.086525	0.622718	0.628701	1.708860
-0.067997	0.639093	0.642700	1.676794
-0.051293	0.655025	0.657031	1.648944
-0.028186	0.669656	0.670249	1.612861
-0.011065	0.677967	0.678057	1.587116
-0.017765	0.678782	0.679014	1.596963
-0.014181	0.678040	0.678189	1.591709
-0.015838	0.677480	0.677665	1.594170
-0.017838	0.676870	0.677105	1.597143
-0.028746	0.670130	0.670746	1.613666
-0.042298	0.665691	0.667033	1.634251
-0.047096	0.666913	0.668574	1.641297
-0.045856	0.672718	0.674279	1.638857
-0.018005	0.680092	0.680330	1.597265
0.008578	0.680314	0.680368	1.558188
0.024127	0.679927	0.680355	1.535327
0.040490	0.677913	0.679122	1.511140
0.056439	0.675345	0.677699	1.487420
0.082166	0.663954	0.669019	1.447670
0.095929	0.650954	0.657985	1.424483
0.090945	0.638274	0.644721	1.429263
0.092233	0.637262	0.643902	1.427060
0.092778	0.636072	0.642803	1.425956
0.095724	0.638473	0.645609	1.421978
0.094493	0.633330	0.640341	1.422688
0.094248	0.630941	0.637942	1.422516
0.095381	0.631658	0.638819	1.420928
0.100380	0.645981	0.653734	1.416638
0.092425	0.670939	0.677275	1.433904
0.083662	0.668341	0.673557	1.446265
0.068818	0.674637	0.678138	1.469140
0.053431	0.680709	0.682803	1.492463
0.075143	0.671195	0.675389	1.459307
0.091215	0.666457	0.672670	1.434776
0.087794	0.673367	0.679066	1.441146
0.100294	0.663485	0.671022	1.420769
0.090944	0.659125	0.665370	1.433686
0.072001	0.669423	0.673284	1.463651
0.056785	0.675024	0.677408	1.486871
0.039138	0.679893	0.681019	1.513295
0.015654	0.681879	0.682059	1.547843
-0.006721	0.682490	0.682523	1.580644
0.021353	0.681565	0.681899	1.539477
0.038117	0.679778	0.680846	1.514783
0.054626	0.677427	0.679625	1.490332
0.081162	0.664305	0.669245	1.449223
0.090925	0.657764	0.664019	1.433433
0.096144	0.655078	0.662095	1.425070
0.086954	0.674089	0.679674	1.442510
0.064473	0.677119	0.680182	1.475866
0.090909	0.667084	0.673250	1.435352
0.082534	0.664910	0.670012	1.447300
0.062430	0.674521	0.677404	1.478504
0.039129	0.681399	0.682522	1.513435
0.063137	0.675883	0.678826	1.477652
0.081447	0.671329	0.676252	1.450064
0.095232	0.657673	0.664532	1.426994
0.087058	0.661097	0.666804	1.439862
0.071614	0.669518	0.673337	1.464238
0.050775	0.678496	0.680393	1.496100
0.021299	0.681893	0.682225	1.539572
-0.004263	0.682912	0.682926	1.577038
0.019009	0.681998	0.682263	1.542931
0.044509	0.679376	0.680832	1.505376
0.061738	0.673472	0.676296	1.479381
0.077272	0.666677	0.671140	1.455405
0.092267	0.658664	0.665095	1.431621
0.081017	0.674041	0.678893	1.451175
0.094932	0.664479	0.671226	1.428889
0.101748	0.658990	0.666799	1.417607
0.101155	0.645908	0.653781	1.415449
0.095287	0.630577	0.637735	1.420820
0.094056	0.629388	0.636377	1.422454
0.093997	0.630900	0.637864	1.422896
0.094767	0.634484	0.641522	1.422531
0.092021	0.631591	0.638259	1.426117
0.096332	0.641056	0.648254	1.421641
0.094328	0.641056	0.647959	1.424701
0.093939	0.643780	0.650598	1.425901
0.093370	0.647757	0.654452	1.427639
0.091446	0.653348	0.659717	1.431734
0.086458	0.659709	0.665350	1.440485
0.074593	0.667078	0.671236	1.459439
0.058981	0.675291	0.677862	1.483676
0.036696	0.678752	0.679743	1.516785
0.016115	0.680194	0.680385	1.547110
0.001178	0.680342	0.680343	1.569065
-0.018476	0.680050	0.680301	1.597958
-0.039744	0.675884	0.677052	1.629532
-0.048144	0.669150	0.670880	1.642621
-0.044152	0.666044	0.667506	1.636990
-0.024423	0.672784	0.673227	1.607082
-0.019561	0.675230	0.675513	1.599758
-0.018024	0.677307	0.677546	1.597401
-0.043060	0.670247	0.671629	1.634953
-0.028978	0.678488	0.679107	1.613480
-0.030683	0.678429	0.679122	1.615993
-0.025181	0.679001	0.679467	1.607865
-0.039613	0.670856	0.672025	1.629777
-0.027062	0.672403	0.672947	1.611021
-0.040129	0.670306	0.671506	1.630592
-0.016324	0.679190	0.679387	1.594827
-0.042721	0.670693	0.672052	1.634407
-0.035469	0.668818	0.669758	1.623780
-0.025355	0.673223	0.673700	1.608440
-0.044422	0.667820	0.669296	1.637216
-0.041201	0.674105	0.675363	1.631840
-0.026312	0.677046	0.677557	1.609640
-0.011304	0.679204	0.679298	1.587437
0.006120	0.678039	0.678066	1.561771
-0.008317	0.676305	0.676356	1.583093
-0.016989	0.673203	0.673417	1.596027
-0.038597	0.664485	0.665605	1.628817
-0.054025	0.651171	0.653408	1.653573
-0.067254	0.638156	0.641690	1.675797
-0.081819	0.625804	0.631129	1.700801
-0.093598	0.615112	0.622192	1.721802
-0.108211	0.602190	0.611835	1.748594
-0.123249	0.590426	0.603152	1.776587
-0.137938	0.579423	0.595615	1.804507
-0.153859	0.568134	0.588599	1.835268
-0.168489	0.557106	0.582028	1.864486
-0.190367	0.541226	0.573729	1.909014
-0.212057	0.525719	0.566876	1.954201
-0.231934	0.510985	0.561159	1.996886
-0.218258	0.521239	0.565090	1.967344
-0.204042	0.531409	0.569235	1.937403
-0.185929	0.544635	0.575497	1.899774
-0.166038	0.558377	0.582540	1.859828
-0.149557	0.570399	0.589680	1.827221
-0.131927	0.582953	0.597695	1.793356
-0.115930	0.595635	0.606812	1.763026
-0.097029	0.611249	0.618902	1.728221
-0.083439	0.623496	0.629054	1.703831
-0.072321	0.633862	0.637975	1.684401
-0.060292	0.644464	0.647278	1.664079
-0.042532	0.661392	0.662758	1.635015
-0.018096	0.673180	0.673423	1.597672
-0.001081	0.677068	0.677069	1.572393
-0.001751	0.678594	0.678596	1.573377
-0.026959	0.679175	0.679710	1.610470
-0.017298	0.679254	0.679474	1.596257
-0.036955	0.670540	0.671558	1.625852
-0.023987	0.674725	0.675151	1.606333
-0.029847	0.677258	0.677915	1.614838
-0.026177	0.675115	0.675622	1.609551
-0.036915	0.669820	0.670837	1.625852
-0.046825	0.670901	0.672533	1.640478
-0.033239	0.677923	0.678737	1.619788
-0.005933	0.679411	0.679437	1.579529
0.005359	0.678443	0.678464	1.562898
0.004700	0.677532	0.677548	1.563860
-0.015979	0.674743	0.674933	1.594473
-0.040806	0.662916	0.664170	1.632275
-0.061503	0.643427	0.646360	1.666094
-0.083013	0.623687	0.629187	1.703119
-0.105885	0.604694	0.613894	1.744145
-0.121448	0.591482	0.603821	1.773311
-0.108515	0.602325	0.612022	1.749044
-0.095518	0.612981	0.620379	1.725378
-0.080554	0.626397	0.631556	1.698693
-0.067595	0.638824	0.642390	1.676216
-0.050404	0.656876	0.658807	1.647379
-0.034900	0.665361	0.666275	1.623202
-0.019615	0.672353	0.672639	1.599962
-0.006760	0.675938	0.675972	1.580796
0.003588	0.677462	0.677471	1.565500
-0.007378	0.678817	0.678857	1.581664
0.011477	0.679160	0.679257	1.553899
-0.013899	0.679628	0.679770	1.591244
-0.043227	0.673487	0.674873	1.634892
-0.043356	0.668065	0.669471	1.635603
-0.033999	0.668893	0.669757	1.621582
-0.040671	0.669688	0.670922	1.631453
-0.044438	0.673489	0.674954	1.636683
-0.023738	0.679403	0.679817	1.605721
0.003640	0.679646	0.679655	1.565441
0.022275	0.678791	0.679156	1.537993
0.022368	0.678480	0.678848	1.537840
0.015947	0.678494	0.678682	1.547297
0.003905	0.678194	0.678205	1.565039
0.001453	0.677168	0.677170	1.568651
-0.020593	0.672896	0.673211	1.601390
-0.043604	0.660927	0.662363	1.636674
-0.060551	0.644571	0.647409	1.664462
-0.080446	0.626164	0.631310	1.698571
-0.099658	0.609837	0.617927	1.732782
-0.112939	0.597735	0.608311	1.757540
-0.130853	0.583154	0.597655	1.791529
-0.154462	0.565562	0.586276	1.837406
-0.178497	0.548859	0.577155	1.885222
-0.201178	0.532700	0.569422	1.931894
-0.214500	0.523288	0.565544	1.959815
-0.227469	0.513670	0.561782	1.987673
-0.249965	0.496338	0.555728	2.037335
-0.273341	0.478148	0.550764	2.090122
-0.293000	0.461557	0.546703	2.136418
-0.279967	0.472615	0.549315	2.105593
-0.266290	0.483613	0.552080	2.074121
-0.251478	0.495249	0.555440	2.040649
-0.235811	0.506933	0.559096	2.006196
-0.220090	0.518820	0.563572	1.971999
-0.202914	0.531005	0.568454	1.935805
-0.181976	0.546624	0.576119	1.892165
-0.168130	0.556519	0.581361	1.864187
-0.153895	0.566519	0.587050	1.836045
-0.168744	0.556025	0.581066	1.865445
-0.183211	0.545646	0.575583	1.894737
-0.203650	0.530243	0.568006	1.937494
-0.218881	0.519441	0.563673	1.969595
-0.233186	0.508652	0.559556	2.000645
-0.246255	0.498750	0.556231	2.029428
-0.258837	0.488707	0.553020	2.057872
-0.271054	0.479159	0.550512	2.085604
-0.282959	0.469365	0.548060	2.113313
-0.302653	0.452126	0.544075	2.160689
-0.323270	0.433691	0.540917	2.211341
-0.340982	0.416471	0.538253	2.256862
-0.326817	0.430127	0.540203	2.220549
-0.311324	0.444069	0.542328	2.182240
-0.324472	0.432169	0.540419	2.214808
-0.336904	0.420208	0.538590	2.246607
-0.357240	0.399189	0.535698	2.300795
-0.371460	0.384079	0.534321	2.339494
-0.384285	0.369394	0.533035	2.375950
-0.395281	0.356257	0.532134	2.408072
-0.405501	0.343171	0.531223	2.439257
-0.387667	0.365103	0.532528	2.386160
-0.377219	0.377096	0.533382	2.356358
-0.366260	0.388933	0.534243	2.326180
-0.377572	0.376460	0.533182	2.357669
-0.388177	0.363968	0.532122	2.388370
-0.405789	0.341677	0.530479	2.441757
-0.417852	0.325806	0.529859	2.479342
-0.428805	0.310254	0.529274	2.515248
-0.437878	0.296584	0.528866	2.546251
-0.446352	0.282874	0.528440	2.576728
-0.433429	0.302416	0.528504	2.532394
-0.445761	0.283110	0.528067	2.575752
-0.456410	0.264773	0.527651	2.615918
-0.468460	0.242769	0.527628	2.663469
-0.478560	0.222103	0.527588	2.707069
-0.481533	0.213938	0.526919	2.723502
-0.489721	0.194829	0.527053	2.762953
-0.496635	0.176619	0.527106	2.799909
-0.505810	0.150321	0.527674	2.852716
-0.512665	0.126666	0.528081	2.899370
-0.511112	0.129508	0.527264	2.893431
-0.516073	0.110292	0.527727	2.931046
-0.520008	0.091942	0.528073	2.966592
-0.524894	0.065533	0.528969	3.017386
-0.528157	0.041016	0.529747	3.064090
-0.526104	0.051635	0.528631	3.043760
-0.528337	0.032080	0.529310	3.080948
-0.529718	0.013308	0.529886	3.116475
-0.530914	-0.013355	0.531082	3.166743
-0.530756	-0.037663	0.532091	3.212436
-0.530082	-0.034517	0.531205	3.206617
-0.529409	-0.052047	0.531961	3.239590
-0.528154	-0.069261	0.532676	3.271986
-0.525939	-0.091960	0.533918	3.314692
-0.522918	-0.113249	0.535041	3.354870
-0.523189	-0.106873	0.533993	3.343093
-0.518391	-0.133637	0.535340	3.393891
-0.513413	-0.157213	0.536944	3.438738
-0.507747	-0.179245	0.538457	3.480956
-0.508916	-0.172330	0.537302	3.468096
-0.504103	-0.189561	0.538566	3.501272
-0.498795	-0.206504	0.539852	3.534114
-0.493561	-0.221678	0.541058	3.563730
-0.487930	-0.236676	0.542302	3.593218
-0.488462	-0.233588	0.541441	3.587658
-0.482177	-0.249630	0.542964	3.619311
-0.475475	-0.265433	0.544547	3.650747
-0.469147	-0.279331	0.546008	3.678624
-0.462457	-0.293061	0.547495	3.706428
-0.463485	-0.289542	0.546492	3.699980
-0.456487	-0.303577	0.548215	3.728461
-0.449161	-0.317396	0.549987	3.756763
-0.435082	-0.341972	0.553391	3.807735
-0.431434	-0.347107	0.553731	3.819097
-0.417611	-0.369206	0.557416	3.865548
-0.403797	-0.389722	0.561191	3.909255
-0.399620	-0.394885	0.561810	3.921030
-0.386031	-0.413784	0.565895	3.961676
-0.372443	-0.431709	0.570163	4.000559
-0.360806	-0.446071	0.573725	4.032273
-0.350561	-0.458737	0.577350	4.059870
-0.340151	-0.471170	0.581123	4.087098
-0.334521	-0.477191	0.582766	4.100978
-0.321061	-0.492912	0.588254	4.135062
-0.307469	-0.508389	0.594135	4.168454
-0.294197	-0.522946	0.600020	4.199942
-0.282946	-0.535492	0.605649	4.226292
-0.271624	-0.547862	0.611500	4.252116
-0.260566	-0.559605	0.617295	4.276617
-0.240945	-0.580880	0.628869	4.319195
-0.220881	-0.602666	0.641869	4.361085
-0.210695	-0.613798	0.648953	4.381727
-0.200056	-0.624826	0.656072	4.402524
-0.181470	-0.644141	0.669216	4.437783
-0.170611	-0.654876	0.676736	4.457530
-0.159265	-0.665463	0.684257	4.477478
-0.139121	-0.681420	0.695477	4.510993
-0.114286	-0.695468	0.704795	4.549515
-0.099125	-0.700717	0.707694	4.571860
-0.083964	-0.705721	0.710698	4.593970
-0.069099	-0.708449	0.711811	4.615161
-0.054046	-0.711386	0.713436	4.636562
-0.030855	-0.713570	0.714236	4.669175
-0.008544	-0.714208	0.714259	4.700427
0.014249	-0.712839	0.712982	4.732376
0.036351	-0.710125	0.711055	4.763534
0.051135	-0.706412	0.708260	4.784651
0.067903	-0.701837	0.705115	4.808838
0.079666	-0.696383	0.700925	4.826294
0.092592	-0.690197	0.696380	4.845745
0.102369	-0.683967	0.691585	4.860956
0.114102	-0.677520	0.687061	4.879235
0.131177	-0.665808	0.678607	4.906917
0.142884	-0.657059	0.672416	4.926516
0.154365	-0.648933	0.667040	4.945924
0.164978	-0.640908	0.661801	4.964332
0.175814	-0.633153	0.657110	4.983245
0.181318	-0.628215	0.653858	4.993377
0.190484	-0.622366	0.650863	5.009400
0.203697	-0.612503	0.645486	5.033449
0.209720	-0.607650	0.642823	5.044720
0.217695	-0.602200	0.640341	5.059272
0.230375	-0.592592	0.635797	5.083167
0.239283	-0.585560	0.632564	5.100322
0.249241	-0.578333	0.629754	5.119301
0.257690	-0.571513	0.626922	5.135984
0.267306	-0.564374	0.624476	5.154720
0.280627	-0.554124	0.621132	5.181171
0.292842	-0.544423	0.618185	5.205891
0.305833	-0.534058	0.615428	5.232462
0.317692	-0.524254	0.613001	5.257200
0.325742	-0.517193	0.611225	5.274452
0.335203	-0.509463	0.609847	5.294336
0.342527	-0.502690	0.608294	5.310515
0.351603	-0.494994	0.607160	5.330006
0.364249	-0.483692	0.605504	5.357846
0.375666	-0.473020	0.604047	5.383575
0.387844	-0.461424	0.602773	5.411364
0.398877	-0.450435	0.601660	5.437156
0.405234	-0.443505	0.600759	5.452726
0.414044	-0.434819	0.600417	5.473318
0.419455	-0.428419	0.599571	5.487216
0.427664	-0.419897	0.599341	5.506951
0.439461	-0.406733	0.598797	5.536444
0.449789	-0.394500	0.598281	5.563179
0.460942	-0.380944	0.597985	5.592526
0.470726	-0.368322	0.597699	5.619234
0.475437	-0.361444	0.597229	5.633166
0.483249	-0.351456	0.597537	5.654387
0.486162	-0.346210	0.596838	5.664366
0.494100	-0.335687	0.597345	5.686426
0.503725	-0.321314	0.597479	5.715380
0.512195	-0.307843	0.597588	5.742011
0.521051	-0.293164	0.597862	5.770689
0.528832	-0.279393	0.598100	5.797139
0.531898	-0.272761	0.597758	5.809344
0.538741	-0.260818	0.598555	5.832319
0.540782	-0.255389	0.598054	5.841976
0.547145	-0.243520	0.598890	5.864435
0.554549	-0.227622	0.599447	5.893692
0.560915	-0.212783	0.599918	5.920606
0.567387	-0.196767	0.600537	5.949369
0.572989	-0.181642	0.601091	5.976199
0.574642	-0.175316	0.600791	5.987067
0.579746	-0.161755	0.601889	6.011095
0.581043	-0.155845	0.601581	6.021136
0.585220	-0.143340	0.602519	6.042981
0.589442	-0.128005	0.603181	6.069342
0.593184	-0.113069	0.603864	6.094830
0.596603	-0.097707	0.604551	6.120854
0.599577	-0.082736	0.605258	6.146060
0.601215	-0.072266	0.605543	6.163560
0.603551	-0.058796	0.606408	6.186075
0.604647	-0.048993	0.606629	6.202334
0.606356	-0.036123	0.607431	6.223681
0.607830	-0.020772	0.608185	6.249024
0.608950	-0.005691	0.608977	6.273841
0.609643	0.009364	0.609715	6.298544
0.610047	0.024491	0.610538	6.323310
0.609741	0.032887	0.610627	6.337069
0.609921	0.047556	0.611772	6.360998
0.609228	0.054140	0.611629	6.371819
0.608947	0.068903	0.612833	6.395858
0.607918	0.082565	0.613500	6.418176
0.606654	0.097708	0.614472	6.442874
0.605046	0.110639	0.615078	6.464047
0.603130	0.125662	0.616081	6.488597
0.601048	0.137903	0.616665	6.508719
0.598511	0.153039	0.617768	6.533522
0.595991	0.164610	0.618306	6.552662
0.592896	0.179176	0.619379	6.576664
0.589911	0.190629	0.619947	6.595742
0.586169	0.205338	0.621094	6.620133
0.582874	0.215940	0.621588	6.637983
0.578641	0.230082	0.622707	6.661642
0.574886	0.240775	0.623270	6.679812
0.570012	0.255045	0.624469	6.703907
0.566037	0.264920	0.624964	6.720927
0.560800	0.278398	0.626100	6.743974
0.556313	0.288496	0.626669	6.761591
0.550367	0.302228	0.627890	6.785367
0.546175	0.310395	0.628214	6.799975
0.539590	0.324262	0.629526	6.824297
0.533702	0.335216	0.630244	6.844008
0.526074	0.349476	0.631576	6.869554
0.519939	0.359719	0.632246	6.888420
0.511918	0.373227	0.633529	6.913160
0.505136	0.383575	0.634265	6.932644
0.496264	0.397149	0.635614	6.958095
0.489292	0.406788	0.636304	6.976770
0.480172	0.419458	0.637582	7.001198
0.473993	0.427109	0.638037	7.016600
0.463479	0.440784	0.639612	7.043490
0.457498	0.447508	0.639975	7.057546
0.446835	0.460258	0.641482	7.083380
0.440214	0.467219	0.641936	7.098335
0.428606	0.480040	0.643538	7.125128
0.421945	0.486483	0.643975	7.139507
0.410645	0.497931	0.645418	7.164359
0.401392	0.506484	0.646252	7.183826
0.389053	0.517861	0.647721	7.209669
0.380779	0.524708	0.648314	7.226217
0.367529	0.535985	0.649891	7.252912
0.358565	0.542828	0.650562	7.270225
0.344331	0.553927	0.652226	7.297818
0.336050	0.559595	0.652745	7.313178
0.321497	0.569985	0.654403	7.340419
0.312349	0.575821	0.655082	7.356961
0.297882	0.585230	0.656679	7.383160
0.288787	0.590501	0.657335	7.399129
0.275047	0.598600	0.658766	7.423269
0.265105	0.603889	0.659517	7.440317
0.250245	0.611865	0.661061	7.465752
0.226238	0.623397	0.663180	7.505850
0.215465	0.627986	0.663921	7.523463
0.197444	0.635817	0.665768	7.552887
0.186785	0.639775	0.666484	7.569923
0.169386	0.646367	0.668193	7.597687
0.157975	0.650051	0.668972	7.615583
0.139117	0.656229	0.670813	7.645079
0.127741	0.659325	0.671585	7.662608
0.109834	0.664243	0.673262	7.690112
0.081720	0.670682	0.675642	7.732734
0.054926	0.675610	0.677839	7.772862
0.026209	0.679732	0.680237	7.815443
-0.001030	0.682446	0.682447	7.855491
-0.014430	0.683278	0.683431	7.875097
-0.033637	0.684332	0.685158	7.903095
-0.049239	0.684662	0.686430	7.925776
-0.064873	0.684635	0.687702	7.948455
-0.081289	0.684249	0.689061	7.972228
-0.097720	0.683468	0.690418	7.995995
-0.113329	0.682340	0.691688	8.018568
-0.128945	0.680854	0.692957	8.041153
-0.144214	0.679075	0.694219	8.063241
-0.159465	0.676952	0.695481	8.085328
-0.188438	0.671926	0.697849	8.127402
-0.203647	0.668797	0.699115	8.149560
-0.218810	0.665324	0.700381	8.171716
-0.247520	0.657721	0.702753	8.213918
-0.264171	0.652731	0.704162	8.238548
-0.280729	0.647315	0.705567	8.263184
-0.296506	0.641704	0.706895	8.286820
-0.312169	0.635709	0.708220	8.310449
-0.328473	0.629026	0.709625	8.335226
-0.344631	0.621924	0.711027	8.359995
-0.359930	0.614731	0.712351	8.383678
-0.375083	0.607158	0.713672	8.407364
-0.388896	0.599865	0.714897	8.429166
-0.402572	0.592256	0.716122	8.450971
-0.415587	0.584630	0.717290	8.471956
-0.428459	0.576717	0.718456	8.492940
-0.441637	0.568229	0.719671	8.514675
-0.454647	0.559439	0.720886	8.536408
-0.467064	0.550642	0.722050	8.557440
-0.479312	0.541570	0.723214	8.578471
-0.493449	0.530606	0.724593	8.603112
-0.507334	0.519271	0.725968	8.627753
-0.520373	0.508067	0.727269	8.651344
-0.533159	0.496539	0.728567	8.674929
-0.546216	0.484195	0.729929	8.699498
-0.558986	0.471504	0.731287	8.724070
-0.570961	0.458990	0.732577	8.747669
-0.582654	0.446172	0.733863	8.771267
-0.593631	0.433567	0.735104	8.793962
-0.604335	0.420691	0.736344	8.816660
-0.614439	0.407949	0.737535	8.838667
-0.624275	0.394963	0.738725	8.860678
-0.634149	0.381298	0.739955	8.883422
-0.643724	0.367384	0.741183	8.906168
-0.652725	0.353631	0.742364	8.928271
-0.661431	0.339658	0.743544	8.950373
-0.670975	0.323497	0.744888	8.975528
-0.680117	0.307075	0.746227	9.000675
-0.688554	0.290961	0.747506	9.024969
-0.696605	0.274619	0.748782	9.049260
-0.704517	0.257507	0.750103	9.074354
-0.712004	0.240171	0.751420	9.099447
-0.718809	0.223240	0.752677	9.123654
-0.725209	0.206116	0.753931	9.147864
-0.730786	0.190044	0.755093	9.170360
-0.736005	0.173825	0.756252	9.192854
-0.740807	0.157649	0.757396	9.215098
-0.745252	0.141346	0.758538	9.237342
-0.749358	0.124801	0.759679	9.259749
-0.753094	0.108142	0.760819	9.282156
-0.756424	0.091543	0.761943	9.304343
-0.759385	0.074849	0.763065	9.326530
-0.762156	0.056785	0.764268	9.350410
-0.764491	0.038636	0.765467	9.374283
-0.766356	0.020746	0.766636	9.397713
-0.767798	0.002793	0.767803	9.421140
-0.768825	-0.015507	0.768981	9.444945
-0.769412	-0.033850	0.770156	9.468745
-0.769554	-0.051929	0.771304	9.492155
-0.769269	-0.070033	0.772450	9.515566
-0.768521	-0.088721	0.773626	9.539713
-0.767316	-0.107412	0.774798	9.563859
-0.765678	-0.125804	0.775944	9.587627
-0.763595	-0.144177	0.777087	9.611395
-0.761010	-0.162866	0.778242	9.635610
-0.757964	-0.181510	0.779394	9.659822
-0.754499	-0.199866	0.780523	9.683729
-0.750587	-0.218157	0.781648	9.707634
-0.746337	-0.235910	0.782734	9.730930
-0.741665	-0.253576	0.783816	9.754219
-0.736623	-0.270976	0.784883	9.777276
-0.731172	-0.288272	0.785947	9.800327
-0.725289	-0.305500	0.787004	9.823435
-0.719000	-0.322603	0.788057	9.846535
-0.712341	-0.339487	0.789101	9.869515
-0.705284	-0.356231	0.790143	9.892488
-0.697795	-0.372893	0.791181	9.915555
-0.689912	-0.389395	0.792216	9.938620
-0.681617	-0.405770	0.793253	9.961739
-0.672932	-0.421966	0.794287	9.984855
-0.663934	-0.437826	0.795299	10.007763
-0.654561	-0.453492	0.796308	10.030668
-0.644781	-0.469016	0.797320	10.053660
-0.634632	-0.484326	0.798329	10.076649
-0.624582	-0.498740	0.799277	10.098615
-0.614205	-0.512942	0.800223	10.120576
-0.603260	-0.527247	0.801194	10.143039
-0.591984	-0.541313	0.802163	10.165494
-0.580717	-0.554719	0.803085	10.187283
-0.569147	-0.567886	0.804004	10.209066
-0.556917	-0.581204	0.804956	10.231513
-0.544378	-0.594253	0.805906	10.253951
-0.531075	-0.607458	0.806874	10.277165
-0.517456	-0.620358	0.807839	10.300369
-0.503432	-0.633029	0.808808	10.323721
-0.489104	-0.645376	0.809773	10.347062
-0.474558	-0.657312	0.810718	10.370256
-0.459726	-0.668913	0.811661	10.393441
-0.444540	-0.680230	0.812606	10.416732
-0.429081	-0.691195	0.813548	10.440014
-0.414038	-0.701338	0.814434	10.462277
-0.398758	-0.711150	0.815317	10.484536
-0.382790	-0.720904	0.816230	10.507446
-0.366589	-0.730295	0.817140	10.530349
-0.350792	-0.738962	0.817998	10.552363
-0.334794	-0.747284	0.818854	10.574373
-0.318029	-0.755538	0.819744	10.597155
-0.301066	-0.763411	0.820632	10.619931
-0.284686	-0.770558	0.821465	10.641675
-0.268140	-0.777349	0.822296	10.663413
-0.250828	-0.784017	0.823163	10.685937
-0.233356	-0.790294	0.824027	10.708456
-0.216454	-0.795931	0.824838	10.730045
-0.199421	-0.801202	0.825648	10.751629
-0.181646	-0.806283	0.826491	10.773985
-0.163751	-0.810965	0.827332	10.796332
-0.146811	-0.814987	0.828105	10.817346
-0.129779	-0.818654	0.828877	10.838356
-0.111910	-0.822106	0.829688	10.860280
-0.093958	-0.825164	0.830497	10.882197
-0.076923	-0.827675	0.831242	10.902901
-0.059826	-0.829832	0.831985	10.923604
-0.041608	-0.831743	0.832784	10.945591
-0.023339	-0.833253	0.833579	10.967572
-0.005118	-0.834338	0.834354	10.989441
0.013136	-0.835022	0.835125	11.011304
0.032048	-0.835312	0.835927	11.033921
0.050972	-0.835172	0.836726	11.056530
0.069140	-0.834619	0.837478	11.078226
0.087304	-0.833669	0.838228	11.099917
0.106045	-0.832277	0.839006	11.122307
0.124760	-0.830463	0.839782	11.144688
0.142141	-0.828379	0.840486	11.165509
0.159486	-0.825932	0.841189	11.186325
0.177997	-0.822921	0.841952	11.208591
0.196446	-0.819495	0.842712	11.230851
0.213436	-0.815942	0.843396	11.251424
0.230359	-0.812036	0.844078	11.271993
0.248441	-0.807464	0.844820	11.294063
0.266429	-0.802489	0.845561	11.316127
0.282846	-0.797555	0.846225	11.336378
0.299169	-0.792286	0.846888	11.356625
0.316449	-0.786313	0.847602	11.378188
0.333604	-0.779965	0.848314	11.399744
0.349408	-0.773721	0.848958	11.419753
0.365092	-0.767157	0.849601	11.439759
0.381759	-0.759781	0.850298	11.461187
0.398272	-0.752044	0.850994	11.482609
0.413092	-0.744704	0.851604	11.502024
0.427775	-0.737073	0.852213	11.521436
0.443838	-0.728318	0.852900	11.542878
0.459716	-0.719214	0.853585	11.564314
0.473866	-0.710688	0.854182	11.583649
0.487856	-0.701884	0.854778	11.602982
0.503103	-0.691864	0.855446	11.624303
0.518138	-0.681514	0.856113	11.645619
0.532051	-0.671483	0.856719	11.665635
0.545767	-0.661169	0.857325	11.685647
0.560441	-0.649660	0.857993	11.707377
0.574866	-0.637828	0.858659	11.729100
0.587749	-0.626782	0.859246	11.748844
0.600416	-0.615478	0.859833	11.768586
0.613999	-0.602858	0.860484	11.790128
0.627311	-0.589941	0.861133	11.811663
0.639130	-0.577970	0.861705	11.831181
0.650717	-0.565763	0.862277	11.850695
0.662980	-0.552322	0.862903	11.871777
0.674961	-0.538618	0.863528	11.892851
0.685650	-0.525856	0.864084	11.912113
0.696097	-0.512883	0.864639	11.931372
0.707182	-0.498552	0.865252	11.952308
0.717968	-0.483986	0.865864	11.973236
0.727833	-0.470066	0.866431	11.992924
0.737427	-0.455947	0.866998	12.012607
0.746714	-0.441675	0.867559	12.032231
0.755724	-0.427216	0.868120	12.051852
0.764390	-0.412675	0.868673	12.071334
0.772774	-0.397961	0.869225	12.090813
0.780850	-0.383115	0.869772	12.110240
0.788638	-0.368108	0.870318	12.129664
0.796108	-0.352995	0.870858	12.149018
0.803287	-0.337732	0.871397	12.168371
0.810153	-0.322362	0.871931	12.187674
0.816723	-0.306853	0.872465	12.206975
0.822980	-0.291239	0.872992	12.226241
0.828937	-0.275498	0.873519	12.245504
0.834571	-0.259692	0.874041	12.264700
0.839901	-0.243771	0.874562	12.283893
0.845005	-0.227480	0.875089	12.303399
0.849792	-0.211085	0.875616	12.322902
0.854241	-0.194648	0.876137	12.342335
0.858371	-0.178119	0.876657	12.361766
0.862149	-0.161633	0.877170	12.381045
0.865610	-0.145069	0.877682	12.400322
0.868738	-0.128489	0.878189	12.419532
0.871548	-0.111843	0.878695	12.438741
0.874014	-0.095297	0.879194	12.457766
0.876164	-0.078699	0.879692	12.476788
0.877991	-0.062106	0.880185	12.495752
0.879503	-0.045473	0.880678	12.514713
0.880690	-0.028919	0.881165	12.533545
0.881565	-0.012338	0.881651	12.552376
0.882124	0.004218	0.882134	12.571153
0.882371	0.020790	0.882616	12.589928
0.882310	0.037114	0.883090	12.608410
0.881946	0.053441	0.883563	12.626891
0.881279	0.069727	0.884033	12.645327
0.880311	0.086006	0.884503	12.663761
0.879048	0.102174	0.884966	12.682084
0.877489	0.118323	0.885430	12.700405
0.875634	0.134414	0.885890	12.718686
0.873484	0.150475	0.886350	12.736966
0.871025	0.166560	0.886807	12.755313
0.868270	0.182605	0.887264	12.773658
0.865227	0.198553	0.887717	12.791946
0.861892	0.214450	0.888170	12.810231
0.858277	0.230221	0.888618	12.828438
0.854374	0.245931	0.889066	12.846643
0.850194	0.261527	0.889510	12.864793
0.845730	0.277052	0.889953	12.882942
0.840979	0.292505	0.890396	12.901097
0.835946	0.307876	0.890838	12.919251
0.830644	0.323116	0.891276	12.937353
0.825065	0.338264	0.891715	12.955455
0.819255	0.353200	0.892148	12.973416
0.813174	0.368035	0.892581	12.991377
0.806839	0.382725	0.893011	13.009290
0.800239	0.397306	0.893440	13.027202
0.793431	0.411654	0.893864	13.044966
0.786366	0.425884	0.894287	13.062730
0.779063	0.439958	0.894708	13.080451
0.771507	0.453906	0.895128	13.098170
0.763756	0.467625	0.895543	13.115763
0.755762	0.481211	0.895958	13.133356
0.747542	0.494630	0.896369	13.150910
0.739084	0.507908	0.896781	13.168464
0.730437	0.520971	0.897189	13.185922
0.721559	0.533885	0.897597	13.203380
0.712467	0.546626	0.898003	13.220808
0.703150	0.559211	0.898408	13.238235
0.693643	0.571591	0.898809	13.255601
0.683919	0.583809	0.899210	13.272965
0.674004	0.595828	0.899607	13.290282
0.663879	0.607678	0.900005	13.307599
0.653484	0.619418	0.900400	13.325013
0.642883	0.630980	0.900796	13.342425
0.632104	0.642329	0.901190	13.359792
0.621126	0.653494	0.901583	13.377158
0.610023	0.664400	0.901973	13.394410
0.598730	0.675116	0.902363	13.411662
0.587276	0.685614	0.902751	13.428872
0.575637	0.695918	0.903139	13.446081
0.564051	0.705828	0.903519	13.462955
0.552293	0.715545	0.903898	13.479828
0.540394	0.725044	0.904276	13.496665
0.528331	0.734346	0.904654	13.513501
0.516186	0.743389	0.905028	13.530230
0.503887	0.752231	0.905402	13.546959
0.491462	0.760850	0.905775	13.563652
0.478890	0.769264	0.906147	13.580345
0.466255	0.777418	0.906517	13.596933
0.453480	0.785364	0.906886	13.613520
0.440594	0.793086	0.907253	13.630077
0.427576	0.800596	0.907621	13.646634
0.401309	0.814893	0.908350	13.679562
0.374602	0.828306	0.909075	13.712443
0.361007	0.834719	0.909440	13.728970
0.347302	0.840908	0.909805	13.745497
0.333519	0.846860	0.910169	13.761991
0.319633	0.852586	0.910532	13.778486
0.305632	0.858089	0.910894	13.794999
0.291537	0.863361	0.911256	13.811512
0.277380	0.868392	0.911616	13.827992
0.263136	0.873189	0.911976	13.844472
0.248815	0.877749	0.912334	13.860944
0.234415	0.882074	0.912691	13.877417
0.219966	0.886154	0.913047	13.893859
0.205447	0.889998	0.913403	13.910301
0.176353	0.896938	0.914110	13.943027
0.147070	0.902915	0.914814	13.975702
0.118517	0.907791	0.915495	14.007346
0.089853	0.911755	0.916171	14.038935
0.061181	0.914801	0.916844	14.070387
0.032449	0.916940	0.917514	14.101794
0.003863	0.918168	0.918176	14.132960
-0.024736	0.918503	0.918836	14.164091
-0.053279	0.917947	0.919492	14.195143
-0.081787	0.916504	0.920145	14.226169
-0.110539	0.914147	0.920806	14.257504
-0.139178	0.910895	0.921466	14.288786
-0.167898	0.906715	0.922129	14.320264
-0.196450	0.901638	0.922791	14.351696
-0.224678	0.895701	0.923450	14.382937
-0.252695	0.888888	0.924109	14.414142
-0.280384	0.881237	0.924767	14.445210
-0.307818	0.872732	0.925426	14.476250
-0.334217	0.863654	0.926067	14.506399
-0.360314	0.853792	0.926707	14.536507
-0.386073	0.843163	0.927349	14.566560
-0.411493	0.831768	0.927990	14.596582
-0.436327	0.819733	0.928625	14.626303
-0.460795	0.806964	0.929260	14.656007
-0.484912	0.793453	0.929896	14.685739
-0.508614	0.779233	0.930533	14.715446
-0.532000	0.764237	0.931172	14.745284
-0.554923	0.748554	0.931812	14.775095
-0.577574	0.732039	0.932455	14.805161
-0.599721	0.714849	0.933099	14.835209
-0.621210	0.697112	0.933739	14.865054
-0.642173	0.678732	0.934379	14.894895
-0.662578	0.659737	0.935020	14.924714
-0.682413	0.640136	0.935661	14.954521
-0.701194	0.620454	0.936288	14.983580
-0.719389	0.600240	0.936914	15.012611
-0.737011	0.579483	0.937542	15.041657
-0.754025	0.558220	0.938170	15.070686
-0.770201	0.536762	0.938788	15.099313
-0.785766	0.514835	0.939406	15.127940
-0.800798	0.492316	0.940028	15.156746
-0.815179	0.469371	0.940652	15.185536
-0.828874	0.446060	0.941277	15.214263
-0.841901	0.422362	0.941905	15.242976
-0.854375	0.398039	0.942545	15.271980
-0.866151	0.373348	0.943189	15.300985
-0.877120	0.348540	0.943832	15.329727
-0.887392	0.323390	0.944481	15.358493
-0.896969	0.297881	0.945138	15.387325
-0.905815	0.272092	0.945798	15.416154
-0.913788	0.246504	0.946453	15.444475
-0.921035	0.220706	0.947110	15.472770
-0.927595	0.194544	0.947776	15.501230
-0.933411	0.168198	0.948444	15.529679
-0.938420	0.142048	0.949110	15.557734
-0.942701	0.115738	0.949779	15.585802
-0.946239	0.089357	0.950449	15.613808
-0.949042	0.062862	0.951121	15.641823
-0.951113	0.036140	0.951799	15.669984
-0.952435	0.009344	0.952481	15.698153
-0.953005	-0.017471	0.953165	15.726294
-0.952822	-0.044343	0.953853	15.754468
-0.951887	-0.071189	0.954546	15.782612
-0.950194	-0.098085	0.955244	15.810826
-0.947743	-0.124971	0.955947	15.839069
-0.944525	-0.151845	0.956653	15.867363
-0.940564	-0.178549	0.957361	15.895563
-0.935850	-0.205122	0.958066	15.923733
-0.930405	-0.231470	0.958766	15.951797
-0.924220	-0.257655	0.959463	15.979841
-0.917357	-0.283473	0.960156	16.007666
-0.909776	-0.309114	0.960856	16.035495
-0.901498	-0.334529	0.961566	16.063294
-0.892511	-0.359751	0.962287	16.091120
-0.882838	-0.384709	0.963019	16.118916
-0.872485	-0.409404	0.963764	16.146701
-0.861471	-0.433787	0.964523	16.174441
-0.849774	-0.457912	0.965298	16.202216
-0.837428	-0.481708	0.966089	16.229965
-0.824373	-0.505277	0.966900	16.257831
-0.810601	-0.528615	0.967733	16.285832
-0.796059	-0.551769	0.968586	16.314060
-0.780810	-0.574611	0.969454	16.342390
-0.764934	-0.596991	0.970320	16.370668
-0.748461	-0.618873	0.971184	16.398869
-0.731359	-0.640300	0.972045	16.427072
-0.713726	-0.661162	0.972902	16.455148
-0.695471	-0.681561	0.973758	16.483260
-0.676619	-0.701465	0.974611	16.511389
-0.657108	-0.720925	0.975461	16.539639
-0.637131	-0.739754	0.976305	16.567757
-0.616653	-0.757994	0.977147	16.595821
-0.595737	-0.775598	0.977985	16.623775
-0.574359	-0.792593	0.978822	16.651675
-0.552614	-0.808915	0.979655	16.679429
-0.530447	-0.824625	0.980500	16.707138
-0.507831	-0.839822	0.981423	16.734900
-0.484307	-0.854789	0.982455	16.763276
-0.459779	-0.869480	0.983561	16.792340
-0.434852	-0.883442	0.984665	16.821352
-0.409592	-0.896647	0.985769	16.850262
-0.383978	-0.909108	0.986872	16.879120
-0.358123	-0.920782	0.987974	16.907830
-0.331960	-0.931703	0.989074	16.936488
-0.305555	-0.941849	0.990174	16.965052
-0.278584	-0.951321	0.991272	16.993885
