time = 19.7499	Re = 1	40	80
0.148401	0.136287	0.201487	0.742871
0.160426	0.124404	0.203009	0.659596
0.173063	0.109461	0.204775	0.563968
0.184507	0.092953	0.206599	0.466677
0.193913	0.076806	0.208570	0.377126
0.201823	0.060022	0.210559	0.289071
0.207926	0.044438	0.212622	0.210554
0.212813	0.028313	0.214689	0.132266
0.216447	0.012223	0.216792	0.056409
0.218858	-0.004239	0.218899	-0.019367
0.220025	-0.020565	0.220984	-0.093194
0.219979	-0.037083	0.223083	-0.167003
0.217862	-0.064396	0.227180	-0.287400
0.212897	-0.090794	0.231449	-0.403116
0.207840	-0.111638	0.235925	-0.492912
0.200871	-0.132304	0.240528	-0.582433
0.194764	-0.148918	0.245173	-0.652786
0.187374	-0.165312	0.249874	-0.722926
0.174852	-0.192011	0.259695	-0.832134
0.169293	-0.209391	0.269267	-0.890893
0.164259	-0.225430	0.278926	-0.941100
0.177741	-0.236490	0.295836	-0.926286
0.192814	-0.233548	0.302856	-0.880648
0.207937	-0.229709	0.309846	-0.835105
0.226539	-0.219741	0.315604	-0.770166
0.245871	-0.206636	0.321171	-0.698910
0.266701	-0.186874	0.325655	-0.611186
0.285289	-0.165809	0.329973	-0.526479
0.294289	-0.153181	0.331768	-0.479924
0.302755	-0.140011	0.333562	-0.433164
0.310819	-0.125251	0.335106	-0.383064
0.318144	-0.110070	0.336647	-0.333084
0.324571	-0.094034	0.337919	-0.281996
0.330171	-0.077678	0.339186	-0.231063
0.334470	-0.061795	0.340131	-0.182696
0.337999	-0.045706	0.341075	-0.134410
0.340397	-0.029018	0.341632	-0.085041
0.341874	-0.012335	0.342097	-0.036066
0.342075	0.003320	0.342091	0.009704
0.341449	0.018872	0.341971	0.055215
0.339623	0.034256	0.341347	0.100524
0.336834	0.049191	0.340406	0.145013
0.333171	0.063126	0.339099	0.187251
0.328680	0.076658	0.337501	0.229133
0.322958	0.090884	0.335502	0.274316
0.316254	0.104170	0.332968	0.318196
0.308835	0.117468	0.330421	0.363461
0.300360	0.130120	0.327334	0.408808
0.289794	0.145386	0.324218	0.464995
0.278085	0.160165	0.320911	0.522554
0.263977	0.177089	0.317875	0.590894
0.248350	0.194480	0.315437	0.664343
0.229191	0.215228	0.314407	0.753990
0.208199	0.236538	0.315114	0.849033
0.196689	0.250300	0.318334	0.904767
0.184276	0.263893	0.321865	0.961215
0.172738	0.277916	0.327224	1.014683
0.160678	0.292140	0.333411	1.067951
0.147658	0.314729	0.347646	1.132125
0.137457	0.338641	0.365475	1.185208
0.132242	0.352921	0.376884	1.212281
0.126700	0.367734	0.388948	1.238992
0.122543	0.383659	0.402754	1.261633
0.118006	0.399549	0.416612	1.283613
0.115545	0.426388	0.441766	1.306165
0.114317	0.453290	0.467483	1.323755
0.112646	0.468330	0.481687	1.334753
0.110637	0.483395	0.495895	1.345796
0.103754	0.509565	0.520021	1.369929
0.100765	0.528589	0.538108	1.382427
0.097897	0.549389	0.558043	1.394455
0.096422	0.572897	0.580955	1.404053
0.095840	0.592513	0.600214	1.410434
0.097661	0.615552	0.623251	1.413451
0.099471	0.627975	0.635804	1.413703
0.101310	0.639655	0.647628	1.413719
0.102448	0.646847	0.654910	1.413720
0.100986	0.662938	0.670585	1.419627
0.086084	0.669214	0.674728	1.442864
0.069045	0.677183	0.680694	1.469188
0.088651	0.667050	0.672915	1.438671
0.075054	0.669714	0.673907	1.459193
0.051094	0.679473	0.681392	1.495741
0.068710	0.672146	0.675649	1.468925
0.085150	0.664515	0.669948	1.443352
0.085902	0.669541	0.675029	1.443194
0.097480	0.659166	0.666335	1.423977
0.086323	0.661897	0.667502	1.441111
0.063764	0.673348	0.676360	1.476381
0.049237	0.677411	0.679198	1.498240
0.034382	0.681132	0.681999	1.520362
0.058052	0.675300	0.677791	1.485042
0.076602	0.667219	0.671602	1.456489
0.093657	0.657538	0.664175	1.429312
0.098230	0.667025	0.674220	1.424581
0.088828	0.666677	0.672569	1.438336
0.089134	0.673647	0.679519	1.439244
0.097140	0.650096	0.657314	1.422469
0.090880	0.658239	0.664483	1.433598
0.082059	0.663468	0.668523	1.447739
0.059486	0.675119	0.677734	1.482912
0.037263	0.679426	0.680447	1.516006
0.014720	0.681757	0.681916	1.549208
0.032065	0.679996	0.680751	1.523677
0.049548	0.677547	0.679357	1.497798
0.065631	0.671545	0.674744	1.473375
0.080713	0.664854	0.669735	1.449988
0.095668	0.651674	0.658659	1.425035
0.098999	0.649551	0.657052	1.419549
0.097183	0.663860	0.670935	1.425438
0.082513	0.669133	0.674202	1.448102
0.066304	0.676635	0.679876	1.473117
0.085766	0.669953	0.675420	1.443471
0.071554	0.673796	0.677585	1.464998
0.055241	0.679486	0.681728	1.489677
0.072712	0.672155	0.676077	1.463039
0.088367	0.666285	0.672120	1.438940
0.097049	0.668196	0.675207	1.426564
0.098032	0.643889	0.651309	1.419707
0.096704	0.646858	0.654046	1.422398
0.094348	0.647277	0.654117	1.426055
0.092044	0.650621	0.657100	1.430257
0.081628	0.664422	0.669418	1.448554
0.060686	0.674119	0.676845	1.481016
0.032212	0.679785	0.680548	1.523447
0.015574	0.680771	0.680949	1.547924
-0.000930	0.681246	0.681247	1.572162
0.024394	0.680350	0.680787	1.534957
0.041629	0.678410	0.679686	1.509511
0.057844	0.675792	0.678263	1.485410
0.076069	0.666575	0.670901	1.457168
0.087342	0.659341	0.665101	1.439095
0.092450	0.653434	0.659942	1.430246
0.095936	0.650292	0.657331	1.424325
0.097037	0.643726	0.650998	1.421180
0.099788	0.645385	0.653054	1.417393
0.097338	0.658342	0.665499	1.424007
0.075411	0.674011	0.678216	1.459376
0.092886	0.666951	0.673388	1.432416
0.086955	0.663551	0.669224	1.440493
0.072802	0.670160	0.674103	1.462586
0.057799	0.677039	0.679501	1.485632
0.074529	0.670348	0.674478	1.460072
0.088935	0.666201	0.672111	1.438086
0.088615	0.662027	0.667932	1.437734
0.064295	0.673692	0.676754	1.475648
0.049453	0.677949	0.679750	1.497981
0.033737	0.681759	0.682593	1.521351
0.056437	0.676239	0.678590	1.487533
0.074306	0.668813	0.672929	1.460149
0.094668	0.660068	0.666822	1.428347
0.086518	0.670320	0.675880	1.442436
0.065152	0.676833	0.679962	1.474833
0.080335	0.670073	0.674871	1.451476
0.094691	0.664761	0.671471	1.429305
0.099529	0.652759	0.660304	1.419488
0.097454	0.639682	0.647063	1.419611
0.096438	0.640834	0.648050	1.421429
0.093758	0.638917	0.645759	1.425090
0.092585	0.639761	0.646425	1.427076
0.096015	0.651159	0.658200	1.424398
0.085911	0.661655	0.667209	1.441676
0.059983	0.674383	0.677045	1.482085
0.043347	0.677673	0.679058	1.506920
0.025276	0.680144	0.680613	1.533650
0.006965	0.680646	0.680682	1.560564
-0.009273	0.680551	0.680614	1.584421
-0.026754	0.680024	0.680550	1.610119
0.001489	0.680641	0.680642	1.568608
0.016484	0.680501	0.680701	1.546578
0.044028	0.678137	0.679564	1.505963
0.071835	0.669858	0.673699	1.463966
0.091351	0.652772	0.659133	1.431756
0.093331	0.648073	0.654759	1.427767
0.093794	0.644574	0.651363	1.426298
0.094183	0.642168	0.649038	1.425171
0.096749	0.642859	0.650098	1.421420
0.096323	0.638613	0.645836	1.421093
0.099808	0.642847	0.650549	1.416766
0.095592	0.670647	0.677425	1.429212
0.092692	0.668206	0.674605	1.432959
0.085831	0.663688	0.669215	1.442185
0.080665	0.669700	0.674540	1.450924
0.098450	0.667135	0.674360	1.424283
0.096188	0.656830	0.663836	1.425386
0.090804	0.658884	0.665112	1.433844
0.080651	0.664816	0.669690	1.450073
0.062072	0.674700	0.677549	1.479055
0.078425	0.666244	0.670844	1.453623
0.090208	0.659958	0.666095	1.434951
0.097109	0.659883	0.666990	1.424683
0.085828	0.670492	0.675963	1.443481
0.100741	0.660094	0.667737	1.419349
0.088225	0.660666	0.666531	1.438042
0.072661	0.668784	0.672719	1.462574
0.050101	0.677918	0.679766	1.497026
0.028851	0.680691	0.681302	1.528436
0.008575	0.682277	0.682331	1.558229
0.038266	0.679612	0.680688	1.514550
0.052977	0.675981	0.678054	1.492585
0.067432	0.672030	0.675405	1.470791
0.091224	0.657099	0.663401	1.432850
0.095674	0.654599	0.661554	1.425668
0.095501	0.670186	0.676956	1.429250
0.087641	0.665936	0.671678	1.439943
0.072765	0.671084	0.675017	1.462790
0.056525	0.677498	0.679852	1.487557
0.072325	0.670167	0.674058	1.463292
0.086797	0.663273	0.668928	1.440675
0.095235	0.665616	0.672394	1.428684
0.078946	0.672399	0.677018	1.453922
0.094593	0.659921	0.666666	1.428426
0.100890	0.648593	0.656393	1.416480
0.096891	0.636129	0.643466	1.419645
0.095844	0.636493	0.643669	1.421337
0.092831	0.633137	0.639906	1.425212
0.092205	0.633760	0.640433	1.426321
0.097305	0.645471	0.652764	1.421173
0.094394	0.644278	0.651157	1.425320
0.093460	0.655495	0.662124	1.429171
0.086645	0.659918	0.665582	1.440246
0.074939	0.666907	0.671105	1.458898
0.057780	0.675321	0.677788	1.485444
0.035162	0.678821	0.679731	1.519044
0.014366	0.680410	0.680562	1.549686
-0.000549	0.680386	0.680386	1.571603
-0.016648	0.680013	0.680217	1.595273
-0.032652	0.678927	0.679711	1.618853
-0.048080	0.670900	0.672621	1.642339
-0.045428	0.665455	0.667004	1.638957
-0.048476	0.668997	0.670751	1.643131
-0.040260	0.676014	0.677212	1.630281
-0.014708	0.680151	0.680310	1.592417
0.008105	0.680464	0.680512	1.558885
0.037559	0.678973	0.680011	1.515536
0.054993	0.674935	0.677171	1.489498
0.069712	0.670338	0.673953	1.467173
0.089590	0.659555	0.665612	1.435789
0.093093	0.644738	0.651424	1.427398
0.093352	0.642077	0.648828	1.426417
0.093037	0.639384	0.646118	1.426300
0.092904	0.637062	0.643800	1.425985
0.093386	0.635678	0.642501	1.424932
0.096067	0.637916	0.645109	1.421325
0.095771	0.634553	0.641739	1.421000
0.099824	0.641344	0.649066	1.416388
0.103098	0.662783	0.670754	1.416480
0.089089	0.668265	0.674177	1.438263
0.074711	0.671735	0.675877	1.460030
0.055433	0.679674	0.681931	1.489418
0.072796	0.672447	0.676376	1.462961
0.088348	0.666722	0.672550	1.439053
0.099589	0.666401	0.673801	1.422451
0.094881	0.666454	0.673174	1.429380
0.080753	0.670218	0.675065	1.450887
0.064935	0.676757	0.679865	1.475139
0.086847	0.668959	0.674572	1.441695
0.098853	0.668410	0.675680	1.423967
0.095742	0.654145	0.661115	1.425466
0.080385	0.675225	0.679993	1.452305
0.088450	0.665497	0.671349	1.438663
0.099970	0.667762	0.675204	1.422191
0.098040	0.647460	0.654841	1.420516
0.095095	0.654416	0.661289	1.426494
0.083758	0.662900	0.668171	1.445111
0.061954	0.673551	0.676395	1.479073
0.047302	0.676986	0.678637	1.501038
0.032395	0.680084	0.680855	1.523198
0.009466	0.681222	0.681288	1.556901
-0.017838	0.681032	0.681265	1.596983
0.006084	0.681238	0.681265	1.561865
0.023102	0.680725	0.681117	1.536873
0.040370	0.678573	0.679773	1.511374
0.057025	0.675707	0.678109	1.486602
0.083469	0.663466	0.668696	1.445646
0.094145	0.648798	0.655593	1.426696
0.095565	0.646340	0.653366	1.424005
0.098200	0.647279	0.654685	1.420232
0.098306	0.664035	0.671272	1.423821
0.083086	0.668432	0.673576	1.447130
0.062309	0.678338	0.681194	1.479199
0.089305	0.669887	0.675813	1.438265
0.094835	0.659278	0.666064	1.427929
0.086339	0.661942	0.667549	1.441095
0.072941	0.669034	0.672999	1.462201
0.057318	0.676637	0.679060	1.486288
0.076673	0.666985	0.671377	1.456345
0.088851	0.660018	0.665971	1.436982
0.095041	0.656725	0.663567	1.427074
0.100966	0.662936	0.670580	1.419656
0.078449	0.671991	0.676555	1.454581
0.092226	0.662831	0.669216	1.432544
0.098736	0.667933	0.675192	1.424037
0.101107	0.646234	0.654096	1.415598
0.096361	0.633133	0.640424	1.419758
0.092944	0.627480	0.634326	1.423743
0.095770	0.634311	0.641500	1.420945
0.093330	0.631752	0.638609	1.424125
0.093014	0.633147	0.639943	1.424933
0.093255	0.635687	0.642491	1.425136
0.093732	0.638981	0.645819	1.425146
0.094365	0.643004	0.649892	1.425081
0.094261	0.648197	0.655015	1.426389
0.090802	0.656558	0.662807	1.433369
0.074484	0.667772	0.671913	1.459715
0.058199	0.674160	0.676668	1.484681
0.037152	0.679274	0.680289	1.516157
0.015397	0.680205	0.680380	1.548165
-0.002155	0.680248	0.680251	1.573965
-0.018749	0.679739	0.679997	1.598372
-0.035098	0.678165	0.679073	1.622505
-0.048098	0.670238	0.671961	1.642436
-0.044258	0.666048	0.667517	1.637147
-0.033525	0.668418	0.669259	1.620910
-0.022638	0.676635	0.677013	1.604241
-0.017379	0.676274	0.676497	1.596489
-0.030096	0.676834	0.677503	1.615233
-0.030255	0.669593	0.670276	1.615950
-0.042661	0.665990	0.667355	1.634765
-0.047957	0.668384	0.670103	1.642424
-0.040573	0.676115	0.677332	1.630734
-0.023285	0.679539	0.679938	1.605049
-0.004115	0.680223	0.680235	1.576846
0.012450	0.680232	0.680346	1.552496
0.027259	0.679934	0.680480	1.530727
0.046916	0.676925	0.678548	1.501599
0.063747	0.672863	0.675876	1.476338
0.088259	0.659649	0.665528	1.437789
0.094799	0.648950	0.655837	1.425742
0.094918	0.642809	0.649779	1.424195
0.094105	0.638339	0.645238	1.424428
0.093614	0.634956	0.641820	1.424417
0.093727	0.632971	0.639872	1.423790
0.095811	0.634727	0.641918	1.420979
0.092431	0.626768	0.633547	1.424379
0.095521	0.631601	0.638783	1.420697
0.100917	0.642710	0.650585	1.415050
0.100134	0.667377	0.674847	1.421866
0.088121	0.668457	0.674240	1.439725
0.073691	0.672182	0.676209	1.461603
0.055254	0.679503	0.681745	1.489659
0.071706	0.673343	0.677151	1.464703
0.086646	0.668414	0.674006	1.441886
0.096087	0.660184	0.667140	1.426266
0.079172	0.666005	0.670694	1.452475
0.059374	0.675148	0.677753	1.483080
0.034800	0.681417	0.682305	1.519771
0.058448	0.675436	0.677960	1.484478
0.077320	0.667055	0.671521	1.455399
0.095277	0.659695	0.666540	1.427362
0.086449	0.669823	0.675378	1.442443
0.061080	0.677107	0.679856	1.480832
0.077733	0.670581	0.675072	1.455393
0.098087	0.657026	0.664307	1.422601
0.100024	0.645202	0.652910	1.416993
0.088804	0.671324	0.677172	1.439278
0.100671	0.648480	0.656248	1.416784
0.096276	0.643004	0.650172	1.422172
0.095626	0.644764	0.651816	1.423557
0.095109	0.648096	0.655038	1.425086
0.093507	0.653116	0.659775	1.428592
0.088622	0.659266	0.665195	1.437172
0.075915	0.667192	0.671497	1.457500
0.053632	0.677789	0.679908	1.491833
0.038339	0.679403	0.680484	1.514426
0.022980	0.680642	0.681029	1.537047
0.000537	0.681065	0.681065	1.570007
-0.016224	0.680647	0.680840	1.594628
-0.032949	0.679335	0.680133	1.619260
-0.048378	0.670671	0.672414	1.642806
-0.050236	0.665211	0.667106	1.646173
-0.046868	0.673346	0.674975	1.640288
-0.030800	0.679664	0.680361	1.616082
-0.006600	0.680881	0.680913	1.580489
0.020123	0.680798	0.681095	1.541247
0.038494	0.678665	0.679756	1.514137
0.056686	0.675549	0.677923	1.487082
0.072298	0.668480	0.672378	1.463063
0.085531	0.661880	0.667383	1.442285
0.095435	0.650034	0.657002	1.425022
0.097947	0.646637	0.654013	1.420467
0.101217	0.649231	0.657073	1.416139
0.086971	0.671771	0.677377	1.442047
0.083943	0.666853	0.672115	1.445575
0.069365	0.673349	0.676912	1.468144
0.054294	0.679655	0.681820	1.491081
0.069386	0.674682	0.678240	1.468314
0.083958	0.669751	0.674992	1.446090
0.101008	0.659612	0.667301	1.418844
0.093615	0.656175	0.662819	1.429085
0.085875	0.661154	0.666707	1.441633
0.068495	0.671376	0.674861	1.469126
0.046047	0.678185	0.679746	1.503003
0.019497	0.681754	0.682032	1.542205
0.040833	0.678992	0.680219	1.510731
0.060617	0.674656	0.677373	1.481189
0.078671	0.665452	0.670086	1.453121
0.089403	0.659397	0.665430	1.436036
0.096619	0.651225	0.658354	1.423506
0.102670	0.661677	0.669595	1.416858
0.076686	0.669460	0.673838	1.456745
0.089619	0.670694	0.676655	1.437962
0.102717	0.650575	0.658634	1.414203
0.097246	0.633155	0.640579	1.418397
0.095984	0.631568	0.638820	1.419973
0.093494	0.628009	0.634930	1.423007
0.093594	0.629990	0.636904	1.423310
0.094440	0.633788	0.640785	1.422875
0.091378	0.630489	0.637076	1.426867
0.095690	0.639502	0.646622	1.422267
0.092592	0.637301	0.643992	1.426518
0.091763	0.638379	0.644941	1.428031
0.095289	0.651671	0.658601	1.425603
0.088396	0.659467	0.665365	1.437550
0.069914	0.669920	0.673558	1.466811
0.055355	0.674422	0.676690	1.488903
0.039148	0.678474	0.679602	1.513160
0.021336	0.679733	0.680067	1.539418
0.004219	0.680305	0.680318	1.564594
-0.023070	0.679712	0.680104	1.604724
-0.046349	0.671194	0.672793	1.639741
-0.044552	0.666808	0.668295	1.637511
-0.037607	0.667282	0.668341	1.627095
-0.024558	0.672521	0.672969	1.607296
-0.019071	0.676534	0.676802	1.598978
-0.036282	0.676622	0.677594	1.624368
-0.038885	0.675843	0.676960	1.628268
-0.044727	0.672253	0.673740	1.637232
-0.044969	0.672473	0.673975	1.637568
-0.026050	0.674451	0.674954	1.609401
-0.043053	0.673589	0.674964	1.634625
-0.032784	0.677770	0.678562	1.619130
-0.025162	0.678202	0.678669	1.607880
-0.025678	0.677720	0.678206	1.608667
-0.025112	0.672224	0.672693	1.608135
-0.029125	0.671283	0.671914	1.614156
-0.045367	0.666628	0.668170	1.638746
-0.041702	0.675578	0.676863	1.632446
-0.019291	0.679879	0.680153	1.599163
0.003790	0.680220	0.680231	1.565224
0.025794	0.680103	0.680592	1.532888
0.046619	0.677078	0.678681	1.502052
0.064307	0.672714	0.675781	1.475492
0.089402	0.658751	0.664790	1.435906
0.094968	0.648225	0.655144	1.425326
0.094792	0.642276	0.649234	1.424266
0.093932	0.637849	0.644728	1.424584
0.093278	0.634341	0.641162	1.424796
0.092778	0.631514	0.638293	1.424926
0.092383	0.629099	0.635846	1.424989
0.092099	0.627061	0.633788	1.424965
0.092014	0.625522	0.632253	1.424744
0.092509	0.625149	0.631957	1.423883
0.095650	0.630311	0.637528	1.420195
0.101929	0.645217	0.653219	1.414115
0.097796	0.659112	0.666328	1.423495
0.084121	0.675247	0.680467	1.446857
0.087107	0.667999	0.673655	1.441128
0.072332	0.672208	0.676088	1.463606
0.053848	0.679350	0.681480	1.491698
0.073289	0.671744	0.675731	1.462123
0.086914	0.668701	0.674325	1.441547
0.095856	0.660023	0.666947	1.426573
0.083608	0.663558	0.668805	1.445458
0.065115	0.672716	0.675860	1.474303
0.043580	0.680093	0.681488	1.506804
0.065848	0.672432	0.675648	1.473183
0.084602	0.663043	0.668419	1.443885
0.096426	0.660438	0.667440	1.425818
0.088213	0.667030	0.672838	1.439312
0.088216	0.673748	0.679499	1.440605
0.097291	0.650821	0.658053	1.422406
0.093217	0.655610	0.662204	1.429559
0.075860	0.667449	0.671746	1.457626
0.056300	0.675669	0.678011	1.487663
0.029683	0.681053	0.681700	1.527240
0.056386	0.675645	0.677994	1.487534
0.076016	0.667363	0.671678	1.457380
0.093241	0.655556	0.662154	1.429511
0.097229	0.650665	0.657890	1.422464
0.091106	0.672652	0.678793	1.436173
0.088448	0.665982	0.671830	1.438760
0.083924	0.663591	0.668877	1.444995
0.097967	0.663356	0.670551	1.424172
0.076266	0.676329	0.680615	1.458507
0.098386	0.660864	0.668148	1.423007
0.101834	0.646917	0.654883	1.414664
0.096294	0.660211	0.667197	1.425965
0.083829	0.674872	0.680058	1.447214
0.088562	0.667546	0.673395	1.438898
0.073010	0.670678	0.674640	1.462363
0.086255	0.670435	0.675961	1.442844
0.096306	0.660228	0.667215	1.425951
0.087421	0.661534	0.667285	1.439409
0.072950	0.669142	0.673107	1.462205
0.054238	0.677884	0.680051	1.490956
0.080324	0.665204	0.670036	1.450627
0.092076	0.659522	0.665918	1.432083
0.097894	0.665959	0.673115	1.424844
0.076606	0.671981	0.676334	1.457287
0.099696	0.657503	0.665018	1.420315
0.092452	0.657447	0.663916	1.431089
0.066712	0.672214	0.675516	1.471878
0.046253	0.678254	0.679829	1.502707
0.021883	0.681925	0.682276	1.538717
0.037516	0.679650	0.680685	1.515653
0.053073	0.676942	0.679019	1.492555
0.076926	0.667040	0.671462	1.455979
0.095217	0.655331	0.662212	1.426510
0.099639	0.666728	0.674132	1.422449
0.084241	0.667455	0.672751	1.445248
0.063836	0.674619	0.677633	1.476452
0.078979	0.668354	0.673004	1.453172
0.093169	0.663931	0.670437	1.431377
0.083583	0.671977	0.677155	1.447048
0.103752	0.662747	0.670819	1.415508
0.098057	0.638733	0.646216	1.418467
0.095394	0.635099	0.642224	1.421707
0.094900	0.636143	0.643183	1.422708
0.095313	0.639437	0.646501	1.422828
0.096375	0.645490	0.652645	1.422586
0.093809	0.645479	0.652260	1.426474
0.092433	0.648410	0.654965	1.429198
0.082166	0.664071	0.669135	1.447691
0.061460	0.673733	0.676530	1.479825
0.033021	0.679409	0.680211	1.522231
0.017523	0.680321	0.680546	1.545045
0.002028	0.680845	0.680848	1.567817
0.031902	0.679501	0.680250	1.523881
0.058743	0.674632	0.677184	1.483941
0.077429	0.666736	0.671217	1.455182
0.092392	0.649342	0.655882	1.429460
0.093780	0.646107	0.652878	1.426656
0.096387	0.645921	0.653073	1.422665
0.095413	0.639735	0.646811	1.422743
0.095152	0.636632	0.643704	1.422433
0.096614	0.637265	0.644548	1.420334
0.099388	0.649443	0.657004	1.418938
0.095575	0.666349	0.673168	1.428337
0.081825	0.668642	0.673630	1.449027
0.061077	0.678203	0.680947	1.480982
0.083908	0.670181	0.675413	1.446243
0.097368	0.660304	0.667444	1.424393
0.078950	0.666157	0.670819	1.452831
0.056166	0.676524	0.678851	1.487965
0.041314	0.679613	0.680867	1.510081
0.026298	0.682354	0.682860	1.532275
0.044246	0.679033	0.680473	1.505728
0.060767	0.674939	0.677669	1.481006
0.087494	0.661637	0.667397	1.439321
0.098950	0.665061	0.672382	1.423096
0.086791	0.666540	0.672167	1.441313
0.068888	0.672715	0.676233	1.468749
0.043360	0.680861	0.682240	1.507198
0.063191	0.674360	0.677314	1.477365
0.080820	0.666084	0.670970	1.450050
0.084304	0.668206	0.673503	1.445295
0.069213	0.678496	0.682017	1.469139
0.085995	0.668491	0.674000	1.442858
0.098701	0.659614	0.666958	1.422264
0.098148	0.643663	0.651103	1.419478
0.096098	0.644154	0.651283	1.422704
0.095030	0.650627	0.657530	1.425763
0.091379	0.653695	0.660051	1.431907
0.078105	0.666225	0.670787	1.454093
0.063846	0.671874	0.674901	1.476054
0.049099	0.677109	0.678887	1.498410
0.033157	0.679190	0.679999	1.522016
0.017203	0.680782	0.681000	1.545532
0.002749	0.680790	0.680796	1.566759
-0.018600	0.680355	0.680609	1.598129
-0.037246	0.677000	0.678024	1.625758
-0.048915	0.670556	0.672338	1.643614
-0.048282	0.665450	0.667200	1.643225
-0.047855	0.662402	0.664129	1.642915
-0.048103	0.665100	0.666837	1.642994
-0.049192	0.669584	0.671389	1.644132
-0.024026	0.680138	0.680562	1.606107
-0.003617	0.680751	0.680761	1.576110
0.011713	0.680878	0.680979	1.553595
0.030377	0.679522	0.680200	1.526123
0.049892	0.677127	0.678963	1.497247
0.073891	0.667848	0.671923	1.460604
0.088724	0.659835	0.665773	1.437135
0.093713	0.647872	0.654615	1.427146
0.096302	0.647204	0.654329	1.423083
0.097987	0.644326	0.651734	1.419875
0.099667	0.644016	0.651682	1.417256
0.097433	0.657710	0.664887	1.423726
0.077576	0.675284	0.679726	1.456419
0.090404	0.666208	0.672314	1.435921
0.074179	0.670107	0.674200	1.460547
0.060021	0.675771	0.678432	1.482210
0.045398	0.681058	0.682569	1.504237
0.065409	0.674702	0.677866	1.474153
0.083436	0.667072	0.672269	1.446365
0.096595	0.652740	0.659848	1.423879
0.092346	0.672185	0.678499	1.434269
0.081573	0.671800	0.676734	1.449963
0.065848	0.676950	0.680145	1.473830
0.081925	0.669155	0.674152	1.448972
0.096583	0.663331	0.670325	1.426209
0.080791	0.674183	0.679007	1.451530
0.059756	0.678190	0.680818	1.482913
0.085469	0.668286	0.673729	1.443594
0.093008	0.671200	0.677614	1.433103
0.101921	0.646904	0.654884	1.414528
0.096380	0.631228	0.638544	1.419280
0.092787	0.624834	0.631686	1.423375
0.092369	0.625423	0.632207	1.424165
0.092707	0.627616	0.634426	1.424144
0.093409	0.630747	0.637626	1.423772
0.094334	0.634702	0.641674	1.423249
0.095503	0.640100	0.647185	1.422688
0.092344	0.637828	0.644478	1.427017
0.095816	0.649067	0.656101	1.424234
0.092506	0.652172	0.658700	1.429893
0.088017	0.657911	0.663773	1.437804
0.078546	0.664729	0.669354	1.453180
0.060225	0.674475	0.677158	1.481741
0.032267	0.678993	0.679759	1.523311
0.009682	0.680312	0.680380	1.556566
0.000333	0.680145	0.680145	1.570307
-0.014737	0.679875	0.680035	1.592469
-0.029795	0.679257	0.679910	1.614633
-0.046806	0.671888	0.673516	1.640347
-0.044552	0.666470	0.667958	1.637545
-0.033213	0.668725	0.669550	1.620421
-0.023526	0.677006	0.677415	1.605533
-0.024152	0.677863	0.678294	1.606410
-0.032085	0.677763	0.678522	1.618100
-0.042976	0.673396	0.674766	1.634530
-0.043779	0.668507	0.669939	1.636191
-0.034901	0.668983	0.669893	1.622919
-0.031295	0.676925	0.677648	1.616994
-0.026141	0.672529	0.673036	1.609646
-0.028508	0.671041	0.671646	1.613253
-0.045651	0.667898	0.669456	1.639040
-0.042245	0.674643	0.675964	1.633333
-0.025270	0.679007	0.679477	1.607996
-0.004905	0.679703	0.679721	1.578013
0.023654	0.678561	0.678973	1.535951
0.019849	0.678613	0.678903	1.541556
0.013349	0.678752	0.678883	1.551132
-0.008647	0.678191	0.678246	1.583545
-0.007666	0.676049	0.676092	1.582136
-0.025947	0.669904	0.670407	1.609510
-0.042933	0.660124	0.661519	1.635743
-0.056800	0.648533	0.651016	1.658156
-0.077190	0.629244	0.633960	1.692858
-0.090200	0.617108	0.623665	1.715934
-0.111297	0.598405	0.608667	1.754684
-0.134177	0.580183	0.595497	1.798067
-0.154762	0.565258	0.586062	1.838037
-0.175153	0.550599	0.577787	1.878787
-0.156322	0.564191	0.585447	1.841089
-0.136647	0.578385	0.594307	1.802798
-0.116087	0.594414	0.605644	1.763665
-0.100364	0.608421	0.616643	1.734282
-0.087750	0.620043	0.626222	1.711386
-0.068187	0.637057	0.640696	1.677424
-0.050199	0.654893	0.656814	1.647299
-0.036477	0.663847	0.664849	1.625689
-0.022490	0.671827	0.672204	1.604259
-0.000374	0.677384	0.677384	1.571349
0.013533	0.678076	0.678211	1.550842
0.022097	0.678096	0.678456	1.538221
0.025147	0.678268	0.678734	1.533739
0.001991	0.679587	0.679590	1.567867
-0.015872	0.679482	0.679667	1.594151
-0.033685	0.678159	0.678995	1.620427
-0.047081	0.670074	0.671726	1.640943
-0.031755	0.671331	0.672081	1.618062
-0.035730	0.673951	0.674898	1.623762
-0.024897	0.673309	0.673769	1.607756
-0.025339	0.673264	0.673741	1.608414
-0.028147	0.671599	0.672189	1.612683
-0.026380	0.676198	0.676712	1.609789
-0.044276	0.668656	0.670121	1.636917
-0.037865	0.676095	0.677155	1.626743
-0.022522	0.677846	0.678220	1.604010
-0.020126	0.675592	0.675892	1.600577
-0.029512	0.670098	0.670748	1.614809
-0.041609	0.666547	0.667845	1.633140
-0.047425	0.668642	0.670321	1.641605
-0.040343	0.675978	0.677180	1.630406
-0.024280	0.679017	0.679451	1.606539
-0.007401	0.680036	0.680076	1.581680
0.014995	0.680175	0.680340	1.548754
0.038806	0.678203	0.679312	1.513639
0.064508	0.672816	0.675902	1.475211
0.085564	0.659662	0.665188	1.441808
0.091086	0.654065	0.660377	1.432425
0.095039	0.651063	0.657963	1.425845
0.092564	0.640123	0.646781	1.427188
0.095658	0.641806	0.648895	1.422840
0.094590	0.636293	0.643285	1.423219
0.093784	0.632281	0.639198	1.423543
0.093252	0.629261	0.636133	1.423674
0.093292	0.627578	0.634474	1.423223
0.095270	0.630004	0.637167	1.420712
0.092154	0.621954	0.628744	1.423698
0.096430	0.630465	0.637797	1.419021
0.102928	0.650694	0.658785	1.413915
0.095999	0.668270	0.675130	1.428119
0.071051	0.673703	0.677440	1.465722
0.080661	0.665635	0.670505	1.450206
0.069261	0.674675	0.678221	1.468497
0.088015	0.671664	0.677406	1.440499
0.101414	0.649370	0.657241	1.415875
0.096605	0.664729	0.671713	1.426477
0.071761	0.670446	0.674276	1.464168
0.052164	0.677843	0.679847	1.493992
0.026085	0.682500	0.682999	1.532596
0.046044	0.678831	0.680391	1.503071
0.063446	0.674026	0.677006	1.476943
0.078040	0.666876	0.671427	1.454303
0.090809	0.660552	0.666765	1.434179
0.089899	0.669422	0.675432	1.437302
0.071521	0.672114	0.675909	1.464784
0.091386	0.666333	0.672571	1.434498
0.100475	0.666292	0.673825	1.421127
0.100798	0.644832	0.652663	1.415735
0.097575	0.640710	0.648098	1.419665
0.095439	0.639952	0.647029	1.422753
0.095891	0.644361	0.651457	1.423064
0.093986	0.653873	0.660593	1.428037
0.089060	0.657399	0.663404	1.436142
0.078837	0.664476	0.669137	1.452703
0.062914	0.673586	0.676517	1.477665
0.037623	0.678691	0.679733	1.515418
0.013671	0.680697	0.680835	1.550716
0.000354	0.680567	0.680567	1.570276
-0.019365	0.680138	0.680414	1.599261
-0.038049	0.677460	0.678528	1.626901
-0.047051	0.668448	0.670102	1.641069
-0.045501	0.665244	0.666798	1.639087
-0.042271	0.664854	0.666197	1.634291
-0.041104	0.664438	0.665708	1.632580
-0.033575	0.668307	0.669150	1.620993
-0.045182	0.664995	0.666528	1.638636
-0.048630	0.667890	0.669658	1.643480
-0.043313	0.674842	0.676231	1.634890
-0.013825	0.680338	0.680478	1.591114
0.015891	0.680568	0.680753	1.547451
0.039659	0.678958	0.680115	1.512451
0.064014	0.673702	0.676736	1.476062
0.078266	0.665265	0.669853	1.453689
0.089768	0.657628	0.663726	1.435132
0.093420	0.652122	0.658779	1.428510
0.094736	0.647755	0.654646	1.425574
0.094973	0.644372	0.651334	1.424462
0.094540	0.641401	0.648331	1.424454
0.094112	0.638708	0.645604	1.424502
0.093913	0.636503	0.643394	1.424308
0.094393	0.635498	0.642470	1.423340
0.098359	0.640715	0.648221	1.418472
0.101902	0.656754	0.664612	1.416864
0.098885	0.664463	0.671780	1.423061
0.087675	0.663113	0.668884	1.439342
0.078931	0.670041	0.674674	1.453537
0.101531	0.663479	0.671203	1.418945
0.095197	0.655425	0.662303	1.426560
0.085857	0.661829	0.667375	1.441790
0.064544	0.672826	0.675914	1.475159
0.036559	0.680717	0.681698	1.517141
0.057831	0.675228	0.677700	1.485359
0.074882	0.668187	0.672370	1.459194
0.093390	0.658786	0.665373	1.429973
0.089576	0.669627	0.675592	1.437816
0.094204	0.658189	0.664896	1.428636
0.086386	0.661503	0.667120	1.440941
0.073299	0.668620	0.672626	1.461606
0.057676	0.676321	0.678776	1.485723
0.032661	0.680626	0.681409	1.522847
0.008116	0.682626	0.682674	1.558908
0.030138	0.680815	0.681481	1.526558
0.053778	0.677384	0.679516	1.491571
0.077808	0.666175	0.670703	1.454525
0.090397	0.659400	0.665567	1.434556
0.101244	0.664124	0.671797	1.419514
0.084875	0.667718	0.673091	1.444363
0.069600	0.673179	0.676767	1.467773
0.053106	0.679146	0.681219	1.492760
0.075699	0.669226	0.673494	1.458160
0.091949	0.664552	0.670883	1.433307
0.083675	0.672772	0.677955	1.447057
0.092391	0.659910	0.666346	1.431695
0.099942	0.647204	0.654875	1.417585
0.096356	0.635385	0.642650	1.420293
0.095570	0.636216	0.643354	1.421694
0.092792	0.633221	0.639984	1.425292
0.097036	0.643329	0.650606	1.421091
0.095806	0.646159	0.653223	1.423599
0.093375	0.653952	0.660585	1.428969
0.075706	0.667392	0.671672	1.457844
0.055668	0.675289	0.677579	1.488546
0.027771	0.679877	0.680444	1.529972
0.005894	0.680443	0.680469	1.562134
-0.022139	0.679954	0.680314	1.603344
-0.048336	0.670717	0.672456	1.642738
-0.036335	0.677524	0.678498	1.624374
-0.013257	0.680217	0.680346	1.590283
0.008867	0.680444	0.680502	1.557765
0.026015	0.679795	0.680293	1.532546
0.043892	0.678462	0.679880	1.506192
0.061997	0.672642	0.675493	1.478887
0.077847	0.665803	0.670339	1.454403
0.090570	0.656313	0.662533	1.433664
0.093868	0.648694	0.655451	1.427091
0.094435	0.643882	0.650770	1.425170
0.094565	0.640754	0.647694	1.424270
0.096485	0.640761	0.647984	1.421341
0.092500	0.631961	0.638695	1.425459
0.095201	0.634910	0.642007	1.421961
0.095512	0.633451	0.640611	1.421143
0.098857	0.639066	0.646667	1.417323
0.101388	0.654426	0.662233	1.417092
0.091287	0.667994	0.674203	1.434979
0.076946	0.671210	0.675606	1.456656
0.057396	0.679768	0.682187	1.486562
0.084076	0.666296	0.671579	1.445275
0.097922	0.657885	0.665133	1.423038
0.094246	0.665946	0.672582	1.430209
0.071636	0.677118	0.680897	1.465393
0.095184	0.661808	0.668618	1.427952
0.098090	0.648084	0.655465	1.420583
0.094953	0.653152	0.660018	1.426431
0.090916	0.656371	0.662638	1.433158
0.068027	0.671640	0.675077	1.469856
0.039063	0.679208	0.680331	1.513347
0.010091	0.681772	0.681847	1.555996
0.028564	0.680303	0.680902	1.528833
0.047486	0.677974	0.679635	1.500869
0.067883	0.670765	0.674192	1.469937
0.084677	0.662603	0.667992	1.443690
0.096217	0.649921	0.657004	1.423820
0.098765	0.647676	0.655163	1.419471
0.098207	0.663336	0.670567	1.423814
0.083064	0.669114	0.674250	1.447288
0.065244	0.677805	0.680938	1.474834
0.082759	0.669014	0.674113	1.447719
0.097611	0.662863	0.670011	1.424591
0.087388	0.662082	0.667824	1.439566
0.072477	0.669581	0.673492	1.462974
0.054217	0.678027	0.680191	1.491003
0.068363	0.671428	0.674899	1.469329
0.082115	0.664554	0.669608	1.447856
0.094007	0.660692	0.667346	1.429459
0.089359	0.669775	0.675709	1.438163
0.074004	0.671732	0.675796	1.461069
0.100443	0.659785	0.667387	1.419721
0.100168	0.644946	0.652679	1.416715
0.096813	0.641479	0.648744	1.421005
0.096667	0.645308	0.652509	1.422102
0.094377	0.645245	0.652110	1.425561
0.092511	0.647712	0.654285	1.428929
0.087586	0.660834	0.666613	1.439026
0.064666	0.672671	0.675772	1.474958
0.049359	0.676531	0.678329	1.497966
0.031788	0.679761	0.680504	1.524067
0.014482	0.680712	0.680866	1.549524
-0.002861	0.681081	0.681087	1.574996
0.026417	0.680151	0.680664	1.531976
0.050658	0.676824	0.678717	1.496089
0.068785	0.671331	0.674846	1.468693
0.087407	0.657913	0.663694	1.438715
0.092321	0.651761	0.658267	1.430084
0.093984	0.647757	0.654540	1.426711
0.096571	0.647048	0.654215	1.422641
0.096698	0.641956	0.649198	1.421289
0.099220	0.643499	0.651104	1.417812
0.099113	0.657361	0.664791	1.421150
0.088777	0.665165	0.671063	1.438114
0.071461	0.674566	0.678340	1.465253
0.090893	0.668666	0.674815	1.435693
0.091254	0.661407	0.667672	1.433692
0.074687	0.668673	0.672831	1.459563
0.050002	0.679284	0.681122	1.497319
0.067745	0.673285	0.676684	1.470515
0.083893	0.667064	0.672319	1.445689
0.102552	0.662447	0.670338	1.417208
0.096477	0.650760	0.657873	1.423615
0.093127	0.655221	0.661806	1.429611
0.083864	0.662736	0.668021	1.444923
0.065710	0.671990	0.675195	1.473323
0.043500	0.679525	0.680916	1.506868
0.027002	0.681604	0.682139	1.531201
0.056444	0.675943	0.678296	1.487485
0.078349	0.666188	0.670780	1.453726
0.094681	0.655664	0.662465	1.427382
0.101599	0.662075	0.669825	1.418529
0.079390	0.669503	0.674194	1.452767
0.093359	0.661659	0.668213	1.430623
0.103162	0.661387	0.669384	1.416065
0.099037	0.641557	0.649156	1.417635
0.094776	0.635554	0.642582	1.422763
0.094209	0.636446	0.643381	1.423840
0.094307	0.638698	0.645623	1.424200
0.094645	0.641711	0.648653	1.424363
0.094920	0.645571	0.652512	1.424810
0.093734	0.651416	0.658125	1.427885
0.086741	0.660553	0.666224	1.440228
0.066302	0.671662	0.674927	1.472402
0.051709	0.675918	0.677893	1.494442
0.036282	0.679784	0.680751	1.517474
0.020739	0.680436	0.680752	1.540327
0.005332	0.680701	0.680722	1.562963
-0.019467	0.680176	0.680455	1.599409
-0.047788	0.671714	0.673412	1.641820
-0.043989	0.666825	0.668275	1.636669
-0.043621	0.664770	0.666200	1.636321
-0.040371	0.665182	0.666406	1.631414
-0.021052	0.675970	0.676297	1.601930
-0.031847	0.669194	0.669951	1.618350
-0.047160	0.661013	0.662693	1.642020
-0.039505	0.665215	0.666387	1.630114
-0.037130	0.666819	0.667852	1.626422
-0.046056	0.665131	0.666724	1.639929
-0.046229	0.668975	0.670571	1.639792
-0.041438	0.676061	0.677329	1.632013
-0.021652	0.680142	0.680486	1.602620
0.000450	0.680707	0.680707	1.570135
0.020067	0.680190	0.680486	1.541303
0.042328	0.678460	0.679780	1.508488
0.059700	0.673325	0.675966	1.482362
0.074908	0.667439	0.671630	1.459032
0.090233	0.657573	0.663735	1.434426
0.095628	0.651352	0.658335	1.425023
0.093651	0.640405	0.647217	1.425589
0.096448	0.642052	0.649256	1.421693
0.098115	0.641509	0.648969	1.419028
0.098971	0.654975	0.662410	1.420825
0.091450	0.664244	0.670509	1.433980
0.069980	0.675456	0.679071	1.467560
0.091091	0.668284	0.674463	1.435326
0.088084	0.662270	0.668102	1.438569
0.063837	0.674001	0.677017	1.476364
0.049139	0.678261	0.680038	1.498475
0.033837	0.682122	0.682961	1.521232
0.055592	0.676752	0.679031	1.488835
0.072922	0.669746	0.673704	1.462343
0.094743	0.661137	0.667890	1.428463
0.085193	0.670654	0.676043	1.444443
0.097115	0.658490	0.665613	1.424370
0.088278	0.660554	0.666427	1.437942
0.069173	0.670834	0.674391	1.468045
0.041752	0.680101	0.681381	1.509483
0.068874	0.670970	0.674496	1.468506
0.088056	0.660699	0.666541	1.438301
0.097041	0.658523	0.665635	1.424487
0.085474	0.670486	0.675912	1.444000
0.059899	0.678289	0.680928	1.482715
0.072336	0.676834	0.680689	1.464327
0.094406	0.661919	0.668617	1.429126
0.097974	0.648614	0.655972	1.420878
0.094859	0.650866	0.657743	1.426072
0.088367	0.659557	0.665450	1.437610
0.066440	0.671797	0.675074	1.472218
0.050749	0.676404	0.678305	1.495909
0.032234	0.680223	0.680987	1.523444
0.016762	0.680948	0.681154	1.546186
0.001314	0.681289	0.681290	1.568868
-0.025035	0.680550	0.681010	1.607566
-0.048841	0.672615	0.674386	1.643282
-0.033061	0.679582	0.680386	1.619407
-0.006910	0.681152	0.681187	1.580941
0.011048	0.681271	0.681361	1.554581
0.028979	0.680057	0.680674	1.528209
0.047353	0.678064	0.679716	1.501074
0.069665	0.670105	0.673717	1.467207
0.086667	0.661620	0.667272	1.440546
0.094397	0.648812	0.655643	1.426318
0.095826	0.646309	0.653374	1.423602
0.097219	0.645422	0.652703	1.421292
0.103568	0.662994	0.671035	1.415837
0.094583	0.666890	0.673564	1.429909
0.100260	0.657872	0.665468	1.419559
0.091616	0.665033	0.671314	1.433897
0.073493	0.670220	0.674237	1.461578
0.059360	0.675777	0.678379	1.483181
0.044802	0.680975	0.682448	1.505101
0.064901	0.673938	0.677056	1.474791
0.083082	0.665255	0.670422	1.446552
0.085730	0.669314	0.674782	1.443404
0.083386	0.675920	0.681045	1.448050
0.099310	0.655768	0.663245	1.420497
0.100182	0.641176	0.648955	1.415803
0.094691	0.625050	0.632182	1.420446
0.094095	0.625100	0.632143	1.421390
0.090763	0.619466	0.626080	1.425314
0.090194	0.619268	0.625802	1.426167
0.089403	0.618855	0.625279	1.427324
0.095577	0.631790	0.638978	1.420654
0.091289	0.624965	0.631597	1.425751
0.090041	0.624102	0.630563	1.427513
0.095835	0.635950	0.643130	1.421226
0.093494	0.634057	0.640913	1.424398
0.092645	0.634929	0.641652	1.425905
0.092300	0.636713	0.643368	1.426835
0.092213	0.638940	0.645560	1.427465
0.092245	0.641404	0.648003	1.427959
0.090551	0.643346	0.649687	1.430965
0.091524	0.657742	0.664079	1.432536
0.083696	0.662115	0.667384	1.445057
0.062401	0.673630	0.676514	1.478426
0.044759	0.677247	0.678724	1.504802
0.024677	0.679596	0.680043	1.534501
0.001769	0.680110	0.680112	1.568195
-0.015005	0.679906	0.680071	1.592862
-0.031881	0.678895	0.679644	1.617722
-0.047724	0.670446	0.672142	1.641859
-0.042701	0.666368	0.667735	1.634788
-0.027527	0.671000	0.671565	1.611797
-0.020240	0.677006	0.677308	1.600683
-0.043101	0.672145	0.673526	1.634833
-0.044489	0.671438	0.672910	1.636959
-0.043970	0.668776	0.670220	1.636449
-0.037763	0.668499	0.669565	1.627226
-0.029462	0.670971	0.671617	1.614678
-0.025196	0.676855	0.677324	1.608004
-0.028054	0.677431	0.678012	1.612186
-0.028528	0.674894	0.675497	1.613041
-0.032600	0.677122	0.677906	1.618905
-0.023363	0.677029	0.677432	1.605290
-0.039833	0.670707	0.671889	1.630116
-0.038008	0.669148	0.670227	1.627536
-0.042494	0.670195	0.671541	1.634117
-0.038082	0.674840	0.675913	1.627167
-0.025284	0.672551	0.673027	1.608373
-0.043538	0.666879	0.668299	1.635989
-0.042329	0.671962	0.673294	1.633706
-0.034448	0.678163	0.679038	1.621549
-0.006880	0.679850	0.679885	1.580916
0.011791	0.679683	0.679785	1.553450
0.006438	0.679672	0.679703	1.561324
0.025610	0.678269	0.678752	1.533056
0.016387	0.678482	0.678679	1.546648
0.018520	0.677657	0.677910	1.543474
-0.004118	0.677839	0.677852	1.576871
-0.010082	0.675344	0.675419	1.585724
-0.032450	0.666854	0.667643	1.619420
-0.045157	0.657328	0.658877	1.639387
-0.057022	0.647245	0.649752	1.658669
-0.075801	0.629760	0.634306	1.690585
-0.088468	0.617872	0.624174	1.713011
-0.108492	0.601091	0.610804	1.749365
-0.123614	0.588278	0.601125	1.777912
-0.144038	0.572759	0.590592	1.817168
-0.158542	0.562354	0.584275	1.845589
-0.172693	0.551957	0.578342	1.874022
-0.193293	0.536623	0.570374	1.916532
-0.207877	0.526066	0.565649	1.947118
-0.221704	0.515542	0.561192	1.976928
-0.241754	0.500624	0.555940	2.020675
-0.260140	0.486171	0.551393	2.062112
-0.240187	0.501949	0.556455	2.017104
-0.216120	0.519497	0.562659	1.965034
-0.198447	0.532802	0.568559	1.927337
-0.177793	0.547314	0.575468	1.884889
-0.159577	0.560564	0.582835	1.848132
-0.140599	0.574493	0.591448	1.810814
-0.119240	0.591074	0.602981	1.769860
-0.101939	0.606377	0.614886	1.737351
-0.086823	0.620291	0.626338	1.709864
-0.072766	0.633842	0.638005	1.685098
-0.061340	0.645955	0.648861	1.665473
-0.048332	0.659754	0.661522	1.643923
-0.028517	0.669016	0.669623	1.613396
-0.014962	0.674309	0.674475	1.592982
-0.004188	0.676612	0.676625	1.576985
0.007160	0.677576	0.677614	1.560230
0.016418	0.677850	0.678048	1.546580
0.024513	0.677750	0.678193	1.534644
0.031742	0.677426	0.678169	1.523975
0.033735	0.677558	0.678397	1.521049
0.007984	0.679542	0.679589	1.559048
-0.012212	0.679649	0.679759	1.588762
-0.035665	0.677713	0.678650	1.623373
-0.046122	0.668075	0.669665	1.639724
-0.025364	0.674712	0.675189	1.608370
-0.022314	0.676705	0.677073	1.603759
-0.042066	0.673230	0.674543	1.633198
-0.033320	0.676996	0.677815	1.619974
-0.036347	0.676010	0.676987	1.624512
-0.039695	0.674372	0.675539	1.629590
-0.024625	0.676420	0.676869	1.607185
-0.028352	0.671594	0.672192	1.612988
-0.038231	0.668426	0.669518	1.627929
-0.040370	0.668461	0.669679	1.631116
-0.032827	0.677611	0.678405	1.619204
-0.019994	0.676878	0.677173	1.600326
-0.026900	0.671343	0.671882	1.610844
-0.042296	0.666438	0.667779	1.634177
-0.047713	0.670336	0.672032	1.641855
-0.031571	0.678938	0.679672	1.617263
-0.014506	0.679901	0.680056	1.592128
0.002347	0.680075	0.680079	1.567345
0.014773	0.680050	0.680211	1.549076
0.039124	0.678106	0.679234	1.513164
0.066369	0.672050	0.675319	1.472359
0.089205	0.655764	0.661803	1.435594
0.092512	0.650846	0.657388	1.429601
0.095791	0.648826	0.655859	1.424217
0.092139	0.637198	0.643825	1.427192
0.095757	0.640128	0.647251	1.422307
0.091653	0.631189	0.637809	1.426598
0.095182	0.635270	0.642361	1.422074
0.095488	0.633152	0.640312	1.421111
0.088249	0.619352	0.625608	1.429263
0.089823	0.620609	0.627076	1.427060
0.090573	0.620951	0.627522	1.425956
0.093869	0.626100	0.633098	1.421978
0.092849	0.622310	0.629198	1.422688
0.092757	0.620962	0.627852	1.422516
0.094057	0.622890	0.629951	1.420928
0.100022	0.640254	0.648019	1.415827
0.100889	0.655187	0.662910	1.418011
0.091506	0.666417	0.672670	1.434340
0.068220	0.678369	0.681791	1.470568
0.084907	0.668507	0.673877	1.444462
0.093626	0.661220	0.667816	1.430135
0.070613	0.670920	0.674626	1.465935
0.054391	0.677013	0.679194	1.490628
0.034311	0.681958	0.682820	1.520526
0.062445	0.674502	0.677386	1.478481
0.085894	0.663167	0.668707	1.441993
0.091984	0.667525	0.673832	1.433860
0.096783	0.654236	0.661355	1.423928
0.088532	0.670618	0.676437	1.439541
0.101783	0.666467	0.674195	1.419247
0.096931	0.643457	0.650717	1.421279
0.095898	0.644395	0.651491	1.423062
0.095352	0.646901	0.653891	1.424452
0.094282	0.650502	0.657298	1.426862
0.091680	0.655585	0.661965	1.431852
0.084228	0.661771	0.667110	1.444200
0.065223	0.673174	0.676326	1.474210
0.048676	0.677411	0.679158	1.499064
0.027592	0.680355	0.680914	1.530263
0.000445	0.681153	0.681153	1.570144
-0.016140	0.680728	0.680919	1.594502
-0.032691	0.679471	0.680257	1.618872
-0.049889	0.669436	0.671292	1.645183
-0.050908	0.664359	0.666306	1.647274
-0.046027	0.674084	0.675654	1.638971
-0.028977	0.680050	0.680667	1.613381
-0.005036	0.681028	0.681046	1.578190
0.013455	0.680970	0.681103	1.551041
0.032141	0.680217	0.680976	1.523580
0.052430	0.676061	0.678091	1.493399
0.068598	0.670845	0.674343	1.468895
0.089683	0.658330	0.664410	1.435402
0.094714	0.649574	0.656443	1.426007
0.095963	0.645188	0.652286	1.423143
0.098915	0.646310	0.653836	1.418929
0.085073	0.672901	0.678257	1.445036
0.094881	0.664512	0.671251	1.428972
0.082125	0.665511	0.670559	1.448015
0.056472	0.677785	0.680134	1.487669
0.081448	0.668940	0.673880	1.449636
0.101680	0.661273	0.669045	1.418227
0.095948	0.652775	0.659789	1.424856
0.091808	0.656982	0.663365	1.431954
0.081980	0.663895	0.668938	1.447934
0.066935	0.671495	0.674822	1.471444
0.050658	0.678492	0.680381	1.496271
0.045451	0.679481	0.680999	1.504005
0.062159	0.673405	0.676268	1.478751
0.077471	0.666516	0.671003	1.455083
0.091353	0.657889	0.664202	1.432821
0.096680	0.654680	0.661780	1.424181
0.095702	0.669649	0.676453	1.428843
0.082626	0.667719	0.672812	1.447678
0.072955	0.670269	0.674228	1.462379
0.087726	0.671183	0.676891	1.440829
0.103511	0.662767	0.670801	1.415868
0.098238	0.639774	0.647272	1.418435
0.094999	0.635911	0.642967	1.422503
0.095188	0.638945	0.645997	1.422907
0.096296	0.644977	0.652126	1.422589
0.093611	0.644630	0.651391	1.426588
0.091982	0.647125	0.653630	1.429602
0.086829	0.661202	0.666879	1.440224
0.066787	0.671504	0.674817	1.471664
0.037705	0.678814	0.679860	1.515308
0.021511	0.679988	0.680328	1.539172
0.005402	0.680688	0.680709	1.562860
-0.010235	0.680304	0.680381	1.585839
-0.030535	0.678909	0.679596	1.615742
-0.045625	0.673299	0.674843	1.638457
-0.047456	0.666906	0.668592	1.641835
-0.042893	0.665310	0.666691	1.635178
-0.025631	0.674521	0.675008	1.608777
-0.027307	0.670568	0.671123	1.611496
-0.023936	0.672011	0.672438	1.606399
-0.039293	0.664860	0.666021	1.629827
-0.017066	0.676010	0.676225	1.596036
-0.028798	0.669820	0.670439	1.613764
-0.037656	0.666582	0.667645	1.627228
-0.040136	0.666642	0.667849	1.630930
-0.048632	0.668470	0.670237	1.643420
-0.040744	0.676217	0.677443	1.630977
-0.024054	0.679540	0.679966	1.606180
-0.005944	0.680385	0.680411	1.579533
0.009241	0.680608	0.680671	1.557220
0.028430	0.679696	0.680290	1.528993
0.049760	0.677516	0.679341	1.497484
0.076239	0.666613	0.670958	1.456923
0.089328	0.658270	0.664304	1.435920
0.095433	0.653800	0.660728	1.425853
0.093542	0.641873	0.648653	1.426083
0.094243	0.640287	0.647185	1.424656
0.094257	0.638417	0.645338	1.424214
0.094138	0.636570	0.643493	1.423977
0.094009	0.634852	0.641775	1.423784
0.094012	0.633466	0.640404	1.423462
0.094613	0.633180	0.640210	1.422469
0.099105	0.640585	0.648206	1.417302
0.099227	0.655239	0.662710	1.420502
0.080560	0.676598	0.681377	1.452288
0.099071	0.665753	0.673085	1.423070
0.092383	0.663514	0.669914	1.432453
0.086875	0.674470	0.680042	1.442697
0.097589	0.649739	0.657027	1.421713
0.093496	0.655501	0.662135	1.429118
0.086440	0.660397	0.666030	1.440646
0.068713	0.671233	0.674741	1.468783
0.045528	0.678219	0.679745	1.503769
0.018520	0.681715	0.681967	1.543637
0.038887	0.679944	0.681055	1.513668
0.053697	0.675661	0.677792	1.491489
0.068041	0.671040	0.674481	1.469745
0.087604	0.660133	0.665920	1.438861
0.094165	0.652249	0.659011	1.427417
0.095933	0.647366	0.654436	1.423677
0.097114	0.645250	0.652517	1.421412
0.100472	0.648885	0.656617	1.417178
0.088714	0.671466	0.677301	1.439437
0.087599	0.665941	0.671678	1.440006
0.062676	0.675903	0.678803	1.478331
0.083376	0.667828	0.673012	1.446592
0.065354	0.674948	0.678105	1.474270
0.044443	0.681180	0.682628	1.505645
0.061606	0.675180	0.677985	1.479805
0.077255	0.668205	0.672656	1.455692
0.092051	0.666066	0.672396	1.433464
0.080940	0.674854	0.679691	1.451429
0.096279	0.656120	0.663146	1.425096
0.097750	0.642314	0.649710	1.419770
0.094452	0.639503	0.646440	1.424160
0.094195	0.641234	0.648115	1.424943
0.094241	0.643624	0.650486	1.425407
0.093367	0.646186	0.652897	1.427301
0.089317	0.659823	0.665841	1.436250
0.070945	0.669648	0.673396	1.465247
0.056581	0.674375	0.676744	1.487092
0.041637	0.678742	0.680018	1.509529
0.024903	0.680041	0.680496	1.534193
0.008354	0.680807	0.680858	1.558527
-0.010648	0.680543	0.680627	1.586442
-0.029160	0.679219	0.679845	1.613702
-0.044730	0.674403	0.675885	1.637025
-0.049417	0.667187	0.669015	1.644729
-0.039299	0.677202	0.678341	1.628763
-0.020889	0.680272	0.680593	1.601493
-0.000863	0.680804	0.680804	1.572063
0.022451	0.680658	0.681028	1.537824
0.049141	0.676994	0.678776	1.498336
0.070701	0.670083	0.673802	1.465675
0.093157	0.654807	0.661400	1.429478
0.096034	0.646771	0.653862	1.423391
0.098761	0.646325	0.653827	1.419166
0.097671	0.664413	0.671554	1.424838
0.084001	0.664776	0.670062	1.445102
0.064648	0.674392	0.677483	1.475227
0.043193	0.682086	0.683452	1.507556
0.064575	0.674732	0.677815	1.475382
0.083900	0.665466	0.670734	1.445381
0.086979	0.670297	0.675917	1.441756
0.100911	0.650710	0.658488	1.416943
0.095702	0.635652	0.642816	1.421361
0.094602	0.635315	0.642320	1.422977
0.094457	0.636913	0.643879	1.423564
0.094640	0.639437	0.646403	1.423857
0.095087	0.642922	0.649915	1.423962
0.095013	0.648015	0.654943	1.425212
0.090737	0.657500	0.663731	1.433660
0.066987	0.671701	0.675033	1.471398
0.048547	0.677013	0.678751	1.499212
0.025847	0.680564	0.681055	1.532836
-0.000513	0.680605	0.680606	1.571549
-0.028201	0.679771	0.680356	1.612259
-0.046509	0.672848	0.674454	1.639809
-0.045678	0.665263	0.666830	1.639351
-0.028647	0.671302	0.671913	1.613444
-0.035865	0.667073	0.668037	1.624510
-0.031976	0.668390	0.669154	1.618600
-0.028489	0.677787	0.678385	1.612804
-0.017453	0.675721	0.675946	1.596619
-0.025993	0.670738	0.671241	1.609531
-0.049881	0.659284	0.661168	1.646311
-0.031212	0.668644	0.669372	1.617442
-0.032660	0.668299	0.669097	1.619628
-0.043950	0.664998	0.666449	1.636791
-0.048307	0.667630	0.669375	1.643026
-0.043273	0.675005	0.676391	1.634817
-0.026710	0.679520	0.680045	1.610083
-0.007019	0.680447	0.680483	1.581111
0.010127	0.680827	0.680902	1.555923
0.027638	0.679680	0.680242	1.530155
0.045544	0.677788	0.679316	1.503703
0.069557	0.669960	0.673561	1.467344
0.086776	0.661169	0.666840	1.440296
0.093468	0.647363	0.654076	1.427404
0.095944	0.646724	0.653802	1.423517
0.095175	0.640617	0.647648	1.423308
0.094610	0.636880	0.643869	1.423323
0.095090	0.635520	0.642595	1.422273
0.100127	0.643128	0.650876	1.416348
0.099237	0.657756	0.665200	1.421054
0.087740	0.667095	0.672840	1.440021
0.073847	0.676735	0.680752	1.462103
0.088144	0.669012	0.674793	1.439798
0.084465	0.664963	0.670306	1.444451
0.058385	0.676937	0.679450	1.484760
0.079218	0.667699	0.672382	1.452705
0.087307	0.668978	0.674652	1.441022
0.071489	0.677205	0.680967	1.465621
0.073820	0.674777	0.678803	1.461831
0.087610	0.665715	0.671455	1.439945
0.099059	0.656971	0.664397	1.421143
0.094939	0.656770	0.663596	1.427236
0.080821	0.665002	0.669895	1.449854
0.062841	0.673245	0.676171	1.477726
0.041426	0.679510	0.680772	1.509907
0.022285	0.681580	0.681945	1.538112
0.003599	0.682812	0.682822	1.565526
0.032528	0.680704	0.681481	1.523047
0.047521	0.677802	0.679466	1.500800
0.062218	0.674556	0.677420	1.478820
0.083114	0.663376	0.668563	1.446156
0.091794	0.658162	0.664532	1.432220
0.097399	0.658050	0.665219	1.423852
0.086317	0.669147	0.674691	1.442510
0.083827	0.664892	0.670156	1.445381
0.065649	0.673552	0.676744	1.473636
0.045613	0.680750	0.682276	1.503893
0.063923	0.674263	0.677287	1.476274
0.080605	0.666410	0.671267	1.450427
0.086041	0.668880	0.674391	1.442864
0.076710	0.676959	0.681292	1.457962
0.088659	0.667311	0.673175	1.438710
0.099951	0.657529	0.665082	1.419941
0.101184	0.642705	0.650621	1.414643
0.094028	0.622247	0.629312	1.420820
0.092657	0.620030	0.626915	1.422454
0.092464	0.620612	0.627463	1.422896
0.093077	0.623168	0.630081	1.422531
0.090116	0.618518	0.625048	1.426117
0.094363	0.627950	0.635001	1.421641
0.091895	0.624526	0.631250	1.424701
0.091148	0.624553	0.631169	1.425878
0.090876	0.625434	0.632002	1.426505
0.090784	0.626607	0.633149	1.426915
0.090829	0.627948	0.634483	1.427148
0.090605	0.628988	0.635480	1.427732
0.096943	0.641844	0.649123	1.420891
0.094886	0.641907	0.648882	1.424041
0.094164	0.644519	0.651361	1.425723
0.093151	0.648597	0.655252	1.428153
0.090637	0.654541	0.660787	1.433197
0.084714	0.660867	0.666274	1.443305
0.059022	0.675057	0.677633	1.483586
0.044127	0.677343	0.678779	1.505742
0.028810	0.679264	0.679874	1.528408
0.008148	0.680085	0.680134	1.558816
-0.008327	0.680042	0.680093	1.583041
-0.026670	0.679533	0.680056	1.610024
-0.040634	0.674061	0.675285	1.631005
-0.046740	0.667728	0.669362	1.640680
-0.032210	0.670207	0.670981	1.618819
-0.024905	0.672836	0.673297	1.607794
-0.020491	0.676146	0.676456	1.601093
-0.023272	0.677821	0.678220	1.605116
-0.033857	0.677357	0.678202	1.620739
-0.036268	0.669334	0.670316	1.624929
-0.038168	0.668574	0.669663	1.627823
-0.028761	0.671506	0.672122	1.613601
-0.034277	0.676279	0.677147	1.621438
-0.034321	0.676443	0.677313	1.621490
-0.041447	0.673249	0.674524	1.632282
-0.030166	0.675622	0.676295	1.615416
-0.039553	0.669137	0.670305	1.629839
-0.040026	0.669012	0.670208	1.630554
-0.043817	0.669927	0.671358	1.636109
-0.032509	0.674737	0.675520	1.618940
-0.040524	0.672614	0.673834	1.630972
-0.032666	0.674998	0.675788	1.619152
-0.039383	0.675030	0.676177	1.629073
-0.029976	0.675423	0.676088	1.615148
-0.034835	0.675672	0.676569	1.622307
-0.040834	0.672645	0.673883	1.631428
-0.025931	0.675311	0.675809	1.609177
-0.028027	0.673582	0.674164	1.612382
-0.037159	0.670152	0.671182	1.626188
-0.028332	0.677874	0.678466	1.612567
-0.021475	0.675952	0.676293	1.602555
-0.032652	0.669124	0.669920	1.619556
-0.045491	0.667306	0.668855	1.638862
-0.039240	0.676539	0.677676	1.628733
-0.015823	0.679770	0.679955	1.594069
0.005931	0.679896	0.679921	1.562073
0.026441	0.678855	0.679370	1.531867
0.051569	0.675672	0.677637	1.494621
0.036350	0.677813	0.678787	1.517220
0.061966	0.672524	0.675372	1.478916
0.034536	0.677614	0.678494	1.519873
0.011729	0.679427	0.679529	1.553535
0.019301	0.678545	0.678820	1.542360
0.027473	0.677280	0.677837	1.530254
0.012414	0.677851	0.677965	1.552485
-0.003706	0.678082	0.678092	1.576261
-0.017933	0.673641	0.673880	1.597411
-0.033078	0.665819	0.666640	1.620435
-0.050086	0.654275	0.656190	1.647199
-0.069527	0.634048	0.637848	1.680016
-0.083396	0.621662	0.627231	1.704151
-0.095162	0.610851	0.618219	1.725340
-0.107195	0.600680	0.610170	1.747394
-0.119155	0.590491	0.602393	1.769911
-0.136215	0.576956	0.592817	1.802644
-0.151880	0.565896	0.585923	1.833006
-0.166284	0.555008	0.579382	1.861893
-0.189350	0.538220	0.570556	1.909081
-0.204600	0.527258	0.565564	1.940955
-0.218844	0.516428	0.560884	1.971620
-0.234611	0.504922	0.556766	2.005764
-0.249496	0.493443	0.552933	2.038932
-0.263009	0.482855	0.549839	2.069558
-0.275869	0.472167	0.546850	2.099563
-0.290194	0.460337	0.544172	2.133265
-0.303676	0.448514	0.541650	2.165968
-0.314917	0.438287	0.539692	2.193843
-0.325782	0.427807	0.537729	2.221627
-0.341650	0.412223	0.535399	2.262853
-0.355538	0.397422	0.533246	2.300625
-0.369832	0.381929	0.531644	2.340104
-0.382766	0.366865	0.530189	2.377403
-0.393995	0.353159	0.529106	2.410796
-0.404391	0.339554	0.528043	2.443128
-0.389850	0.358286	0.529483	2.398359
-0.373044	0.378136	0.531176	2.349416
-0.361953	0.390750	0.532631	2.317955
-0.350013	0.403438	0.534108	2.285406
-0.336322	0.417417	0.536050	2.249016
-0.321371	0.431688	0.538176	2.210737
-0.308700	0.443588	0.540431	2.178775
-0.295156	0.455507	0.542774	2.145745
-0.279989	0.468487	0.545778	2.109482
-0.263669	0.481659	0.549105	2.071655
-0.249468	0.493179	0.552685	2.039103
-0.234346	0.504777	0.556523	2.005442
-0.215509	0.518988	0.561954	1.964379
-0.194684	0.533833	0.568225	1.920499
-0.181805	0.543667	0.573260	1.893512
-0.168017	0.553335	0.578281	1.865593
-0.146974	0.568998	0.587674	1.823574
-0.133582	0.579421	0.594620	1.797382
-0.118512	0.590294	0.602073	1.768930
-0.101548	0.605346	0.613804	1.737001
-0.086667	0.618922	0.624960	1.709921
-0.073165	0.631652	0.635875	1.686114
-0.062462	0.642463	0.645492	1.667714
-0.051175	0.653445	0.655446	1.648953
-0.032291	0.666273	0.667055	1.619224
-0.014032	0.673771	0.673917	1.591619
0.001455	0.676507	0.676509	1.568645
0.014708	0.677275	0.677434	1.549084
0.025200	0.677255	0.677724	1.533605
0.032524	0.677067	0.677848	1.522796
0.015953	0.679073	0.679260	1.547308
0.039177	0.676719	0.677852	1.512968
0.064526	0.671300	0.674394	1.474970
0.040476	0.677081	0.678290	1.511087
0.061046	0.673161	0.675924	1.480358
0.036276	0.677746	0.678717	1.517323
0.014032	0.679692	0.679837	1.550154
-0.002586	0.679911	0.679915	1.574600
-0.031011	0.678962	0.679670	1.616439
-0.045511	0.668756	0.670303	1.638744
-0.040602	0.666911	0.668146	1.631602
-0.021346	0.675900	0.676237	1.602368
-0.036223	0.676263	0.677232	1.624309
-0.044276	0.670189	0.671650	1.636766
-0.040467	0.674476	0.675689	1.630722
-0.035115	0.674260	0.675174	1.622829
-0.041441	0.671177	0.672455	1.632461
-0.034129	0.670789	0.671656	1.621631
-0.039153	0.670718	0.671860	1.629105
-0.035932	0.674436	0.675393	1.624023
-0.031846	0.670477	0.671232	1.618259
-0.038408	0.669112	0.670213	1.628135
-0.043411	0.671167	0.672570	1.635386
-0.038865	0.673856	0.674976	1.628408
-0.021270	0.675333	0.675668	1.602282
-0.034138	0.668607	0.669478	1.621811
-0.045820	0.667448	0.669019	1.639339
-0.038796	0.676726	0.677837	1.628063
-0.015930	0.679771	0.679958	1.594226
0.005548	0.679905	0.679928	1.562637
0.032665	0.678461	0.679247	1.522687
0.054763	0.674589	0.676808	1.489794
0.070716	0.669463	0.673187	1.465556
0.055910	0.674099	0.676414	1.488045
0.035451	0.677872	0.678798	1.518547
0.009896	0.679695	0.679767	1.556237
0.014934	0.679208	0.679372	1.548813
0.035088	0.676904	0.677813	1.519007
0.028465	0.677150	0.677748	1.528785
0.018726	0.677359	0.677617	1.543158
0.007357	0.677010	0.677050	1.559930
-0.006799	0.675499	0.675533	1.580860
-0.021821	0.671239	0.671594	1.603293
-0.036418	0.663825	0.664823	1.625603
-0.050418	0.655519	0.657455	1.647558
-0.063721	0.641693	0.644849	1.669773
-0.075282	0.629974	0.634456	1.689732
-0.089212	0.616848	0.623266	1.714426
-0.104384	0.602918	0.611888	1.742227
-0.122103	0.587551	0.600105	1.775697
-0.134573	0.578490	0.593936	1.799359
-0.146614	0.569199	0.587778	1.822895
-0.166830	0.554094	0.578664	1.863249
-0.179403	0.545484	0.574228	1.888541
-0.191606	0.536609	0.569791	1.913755
-0.214978	0.519527	0.562249	1.963139
-0.230799	0.507905	0.557885	1.997314
-0.245497	0.496363	0.553755	2.030109
-0.233079	0.506116	0.557207	2.002369
-0.220134	0.515672	0.560693	1.974264
-0.206435	0.525759	0.564834	1.944944
-0.192357	0.535767	0.569252	1.915493
-0.178109	0.546442	0.574737	1.885881
-0.162810	0.557246	0.580543	1.855053
-0.150897	0.566554	0.586305	1.831096
-0.138628	0.575646	0.592103	1.807118
-0.117746	0.592326	0.603915	1.767024
-0.099277	0.609014	0.617052	1.732389
-0.078761	0.627485	0.632409	1.695661
-0.065727	0.640092	0.643458	1.673121
-0.048956	0.658167	0.659985	1.645042
-0.028162	0.668717	0.669310	1.612885
-0.013760	0.674369	0.674509	1.591198
-0.010905	0.677183	0.677271	1.586898
0.005142	0.678651	0.678671	1.563220
0.012200	0.678750	0.678860	1.552823
0.020029	0.678542	0.678837	1.541287
0.030402	0.677840	0.678522	1.525975
0.041673	0.676616	0.677898	1.509284
0.055636	0.674267	0.676559	1.488470
0.068416	0.670287	0.673770	1.469079
0.068290	0.670528	0.673996	1.469302
0.040502	0.677219	0.678429	1.511061
0.015436	0.679586	0.679762	1.548087
0.000202	0.679865	0.679865	1.570499
-0.021370	0.679612	0.679948	1.602231
-0.046515	0.670063	0.671676	1.640104
-0.042724	0.666776	0.668143	1.634785
-0.021992	0.674823	0.675181	1.603374
-0.037525	0.667573	0.668627	1.626948
-0.047385	0.668721	0.670398	1.641538
-0.032029	0.678775	0.679531	1.617948
-0.012227	0.679851	0.679961	1.588779
0.005864	0.679915	0.679940	1.562172
0.025398	0.679213	0.679688	1.533421
0.007507	0.679883	0.679924	1.559755
-0.009818	0.679883	0.679954	1.585236
-0.029330	0.679229	0.679862	1.613950
-0.047381	0.668608	0.670285	1.641544
-0.029568	0.670721	0.671372	1.614851
-0.022292	0.675002	0.675370	1.603809
-0.023722	0.677405	0.677820	1.605801
-0.033654	0.677198	0.678034	1.620451
-0.035680	0.670746	0.671694	1.623941
-0.028981	0.672236	0.672860	1.613881
-0.027743	0.676216	0.676784	1.611800
-0.032732	0.676393	0.677184	1.619150
-0.032876	0.675279	0.676079	1.619444
-0.036803	0.669056	0.670067	1.625748
-0.043791	0.672049	0.673474	1.635864
-0.026286	0.677917	0.678426	1.609551
-0.022106	0.674481	0.674843	1.603559
-0.040447	0.666842	0.668067	1.631377
-0.046308	0.672162	0.673756	1.639581
-0.019971	0.679694	0.679987	1.600170
0.007616	0.679927	0.679970	1.559596
0.029510	0.678840	0.679481	1.527353
0.045373	0.676626	0.678146	1.503839
0.060357	0.673990	0.676688	1.481483
0.083370	0.662902	0.668124	1.445688
0.064226	0.672444	0.675504	1.475574
0.036249	0.678030	0.678999	1.517385
0.056351	0.674008	0.676359	1.487385
0.071300	0.669136	0.672924	1.464642
0.056122	0.674038	0.676371	1.487726
0.034760	0.677902	0.678793	1.519566
0.009082	0.679686	0.679747	1.557436
0.011552	0.679263	0.679362	1.553791
0.024150	0.677846	0.678276	1.535184
0.011774	0.677921	0.678024	1.553430
-0.010605	0.675902	0.675985	1.586485
-0.020927	0.671452	0.671778	1.601952
-0.035333	0.664020	0.664959	1.623957
-0.049286	0.655593	0.657443	1.645833
-0.061905	0.642170	0.645147	1.666898
-0.073177	0.630429	0.634662	1.686354
-0.091106	0.615130	0.621840	1.717837
-0.103950	0.603473	0.612360	1.741376
-0.119756	0.589486	0.601527	1.771222
-0.142587	0.572310	0.589804	1.814968
-0.162006	0.557663	0.580718	1.853524
-0.183199	0.542851	0.572930	1.896269
-0.201808	0.529057	0.566240	1.935209
-0.215079	0.519389	0.562160	1.963398
-0.227778	0.509566	0.558159	1.991156
-0.245177	0.496371	0.553621	2.029583
-0.260711	0.483706	0.549492	2.065144
-0.282309	0.466019	0.544860	2.115462
-0.301336	0.449299	0.540992	2.161572
-0.321168	0.431448	0.537863	2.210701
-0.338226	0.414749	0.535177	2.254914
-0.354375	0.398310	0.533135	2.297889
-0.368365	0.382812	0.531260	2.336964
-0.384617	0.364072	0.529602	2.383629
-0.398755	0.346314	0.528147	2.426463
-0.410448	0.330736	0.527119	2.463330
-0.421017	0.315525	0.526129	2.498453
-0.432308	0.298850	0.525548	2.536737
-0.442418	0.282628	0.524988	2.573114
-0.450441	0.268843	0.524570	2.603497
-0.457914	0.255000	0.524128	2.633488
-0.447813	0.273354	0.524651	2.593546
-0.436028	0.292759	0.525194	2.550304
-0.422551	0.313365	0.526067	2.503487
-0.406804	0.335232	0.527134	2.452350
-0.390321	0.356733	0.528781	2.401124
-0.380370	0.368801	0.529808	2.371636
-0.369886	0.380741	0.530829	2.341734
-0.357295	0.395011	0.532628	2.306103
-0.343384	0.409685	0.534560	2.268380
-0.323903	0.429032	0.537570	2.217465
-0.312762	0.439494	0.539420	2.189293
-0.301258	0.449701	0.541283	2.161038
-0.313223	0.439053	0.539329	2.190462
-0.324718	0.428213	0.537408	2.219594
-0.344914	0.408041	0.534288	2.272551
-0.358351	0.393770	0.532419	2.309138
-0.370460	0.379903	0.530629	2.343611
-0.388599	0.358629	0.528795	2.396281
-0.403722	0.339100	0.527238	2.442971
-0.416871	0.321041	0.526164	2.485337
-0.428290	0.303906	0.525159	2.524466
-0.439402	0.286610	0.524614	2.563622
-0.449296	0.269819	0.524088	2.600779
-0.456840	0.255992	0.523674	2.630836
-0.463832	0.242136	0.523231	2.660475
-0.471335	0.226963	0.523133	2.692827
-0.478136	0.211920	0.522996	2.724391
-0.488718	0.185549	0.522756	2.778738
-0.480139	0.206884	0.522814	2.734750
-0.469579	0.229895	0.522835	2.686318
-0.478479	0.210507	0.522738	2.727128
-0.486064	0.191975	0.522602	2.765441
-0.491828	0.176408	0.522508	2.797207
-0.496883	0.161099	0.522346	2.828067
-0.504006	0.138224	0.522617	2.873923
-0.509454	0.117205	0.522762	2.915467
-0.513654	0.098501	0.523013	2.952128
-0.516868	0.080780	0.523143	2.986559
-0.513974	0.096256	0.522910	2.956459
-0.510558	0.111755	0.522646	2.926103
-0.506141	0.129255	0.522384	2.891563
-0.500829	0.147303	0.522042	2.855541
-0.506101	0.128863	0.522249	2.892271
-0.510353	0.111290	0.522346	2.926888
-0.513517	0.096162	0.522444	2.956474
-0.516194	0.081032	0.522516	2.985884
-0.519677	0.058952	0.523010	3.028637
-0.522001	0.038233	0.523399	3.068481
-0.523366	0.020397	0.523763	3.102640
-0.524030	0.003190	0.524040	3.135504
-0.522232	0.029746	0.523079	3.084696
-0.523630	0.004759	0.523652	3.132504
-0.523779	-0.017896	0.524085	3.175746
-0.523001	-0.045440	0.524971	3.228257
-0.521000	-0.070133	0.525699	3.275401
-0.519548	-0.077501	0.525296	3.289671
-0.516534	-0.099724	0.526072	3.332309
-0.512860	-0.119978	0.526706	3.371400
-0.509871	-0.134888	0.527412	3.400222
-0.506464	-0.149701	0.528125	3.428990
-0.499511	-0.175088	0.529308	3.478730
-0.500344	-0.169713	0.528343	3.468607
-0.494124	-0.190190	0.529462	3.509017
-0.487586	-0.208934	0.530465	3.546431
-0.477123	-0.236306	0.532435	3.601451
-0.466387	-0.260767	0.534337	3.651412
-0.471409	-0.247899	0.532616	3.625720
-0.462562	-0.267291	0.534236	3.665566
-0.453555	-0.285259	0.535803	3.703021
-0.439685	-0.311204	0.538675	3.757527
-0.426291	-0.333804	0.541433	3.805908
-0.428616	-0.328663	0.540121	3.795760
-0.418623	-0.344664	0.542254	3.830397
-0.408501	-0.359929	0.544446	3.863866
-0.394484	-0.380316	0.547958	3.908706
-0.380950	-0.398730	0.551461	3.949792
-0.385694	-0.391254	0.549399	3.934148
-0.368430	-0.413665	0.553949	3.984765
-0.352294	-0.433957	0.558954	4.030484
-0.336911	-0.452366	0.564043	4.072241
-0.342528	-0.444724	0.561342	4.056083
-0.330298	-0.459110	0.565578	4.088741
-0.318165	-0.473027	0.570073	4.120280
-0.307157	-0.485395	0.574416	4.148201
-0.296053	-0.497595	0.579006	4.175678
-0.299125	-0.493340	0.576940	4.167330
-0.287025	-0.506726	0.582370	4.197019
-0.274994	-0.519952	0.588194	4.225903
-0.264263	-0.531632	0.593689	4.251080
-0.253568	-0.543217	0.599484	4.275661
-0.257265	-0.538274	0.596594	4.266542
-0.246056	-0.550669	0.603141	4.292174
-0.234858	-0.563007	0.610029	4.317186
-0.224725	-0.574480	0.616870	4.339509
-0.214325	-0.585861	0.623834	4.361683
-0.210770	-0.589260	0.625820	4.368884
-0.200914	-0.600779	0.633483	4.389659
-0.190539	-0.612233	0.641198	4.410671
-0.180567	-0.624156	0.649751	4.430779
-0.169991	-0.636022	0.658347	4.451222
-0.165474	-0.640519	0.661548	4.459572
-0.153536	-0.653849	0.671634	4.481749
-0.139805	-0.667791	0.682269	4.506015
-0.119318	-0.683129	0.693471	4.539469
-0.093910	-0.694285	0.700607	4.577944
-0.070464	-0.700133	0.703670	4.612083
-0.049583	-0.703706	0.705451	4.642046
-0.027237	-0.705472	0.705998	4.673800
-0.006132	-0.705940	0.705966	4.703703
0.015042	-0.704317	0.704478	4.733742
0.036171	-0.701642	0.702574	4.763896
0.052893	-0.697245	0.699248	4.788104
0.077897	-0.686662	0.691067	4.825350
0.095868	-0.674971	0.681745	4.853477
0.111469	-0.663266	0.672568	4.878894
0.123991	-0.653350	0.665011	4.899936
0.135523	-0.643831	0.657940	4.919855
0.146139	-0.635473	0.652061	4.938428
0.155138	-0.628003	0.646881	4.954574
0.165471	-0.620442	0.642129	4.973022
0.173500	-0.613584	0.637642	4.987959
0.183633	-0.606208	0.633411	5.006523
0.189702	-0.600613	0.629859	5.018321
0.199636	-0.593663	0.626331	5.036788
0.204180	-0.589049	0.623433	5.046055
0.215799	-0.581414	0.620170	5.067791
0.218492	-0.577863	0.617790	5.073877
0.229571	-0.570566	0.615019	5.094926
0.233386	-0.566435	0.612631	5.103220
0.245522	-0.558441	0.610031	5.126607
0.247931	-0.555163	0.608009	5.132404
0.259016	-0.547653	0.605816	5.154169
0.261848	-0.544151	0.603874	5.160888
0.273841	-0.536003	0.601904	5.184714
0.276479	-0.532723	0.600196	5.191115
0.286931	-0.525280	0.598539	5.212344
0.297825	-0.516103	0.595871	5.235774
0.308884	-0.506933	0.593624	5.259633
0.319466	-0.497653	0.591369	5.283082
0.330317	-0.488257	0.589495	5.307183
0.333425	-0.484348	0.588018	5.315287
0.346091	-0.474255	0.587109	5.342808
0.347847	-0.471294	0.585761	5.348209
0.359141	-0.461865	0.585065	5.373314
0.361365	-0.458495	0.583783	5.379865
0.373713	-0.447883	0.583319	5.407756
0.375826	-0.444632	0.582188	5.414120
0.385971	-0.435322	0.581790	5.437770
0.394321	-0.426237	0.580661	5.458911
0.404450	-0.415632	0.579939	5.484153
0.412301	-0.406498	0.578993	5.504875
0.422094	-0.395571	0.578480	5.530213
0.424038	-0.392023	0.577486	5.536998
0.435621	-0.379574	0.577791	5.566432
0.437586	-0.376006	0.576942	5.573332
0.446639	-0.365483	0.577117	5.597387
0.448495	-0.361829	0.576253	5.604335
0.458842	-0.349401	0.576729	5.632375
0.469096	-0.334854	0.576349	5.663239
0.475999	-0.324289	0.575967	5.685134
0.484444	-0.311664	0.576039	5.711504
0.490727	-0.301120	0.575748	5.732812
0.498599	-0.288264	0.575932	5.758988
0.500360	-0.283980	0.575330	5.766966
0.508608	-0.270636	0.576130	5.794180
0.516833	-0.254803	0.576230	5.825148
0.519788	-0.248268	0.576035	5.837592
0.525572	-0.237071	0.576566	5.859441
0.532795	-0.220971	0.576800	5.890038
0.537176	-0.210073	0.576792	5.910402
0.542944	-0.196241	0.577320	5.936357
0.546652	-0.185665	0.577321	5.955770
0.551688	-0.171980	0.577873	5.980999
0.557782	-0.153369	0.578484	6.014854
0.562675	-0.136379	0.578966	6.045394
0.567577	-0.117645	0.579642	6.078804
0.571389	-0.100603	0.580178	6.108904
0.573408	-0.089458	0.580345	6.128422
0.576247	-0.074824	0.581084	6.154061
0.577568	-0.064639	0.581174	6.171733
0.579730	-0.050349	0.581912	6.196553
0.581938	-0.030758	0.582751	6.230380
0.583283	-0.013049	0.583429	6.260817
0.584260	0.006407	0.584295	6.294150
0.584526	0.024087	0.585022	6.324370
0.584191	0.033728	0.585164	6.340856
0.584091	0.049065	0.586148	6.366991
0.583352	0.057148	0.586145	6.380839
0.582687	0.071673	0.587078	6.405574
0.580887	0.092202	0.588159	6.440599
0.578604	0.110235	0.589011	6.471448
0.575528	0.130437	0.590124	6.506060
0.572109	0.148359	0.591032	6.536917
0.570073	0.156406	0.591140	6.550958
0.566775	0.172152	0.592343	6.578070
0.565111	0.176414	0.592007	6.585774
0.561110	0.193060	0.593394	6.614565
0.555299	0.212576	0.594597	6.648788
0.549407	0.230082	0.595639	6.679778
0.542422	0.249083	0.596879	6.713669
0.535455	0.266181	0.597967	6.744520
0.532354	0.272346	0.597974	6.756061
0.525330	0.288875	0.599517	6.785946
0.522867	0.292784	0.599260	6.793642
0.515389	0.308768	0.600802	6.822941
0.505490	0.327331	0.602217	6.857839
0.495882	0.343889	0.603456	6.889529
0.484926	0.361570	0.604885	6.923877
0.474207	0.377606	0.606184	6.955659
0.470425	0.382234	0.606138	6.965519
0.459416	0.398164	0.607945	6.997280
0.455797	0.402178	0.607863	7.006170
0.445324	0.416056	0.609439	7.034619
0.432936	0.430903	0.610828	7.066230
0.420418	0.445036	0.612216	7.097021
0.407180	0.459064	0.613625	7.128407
0.393824	0.472415	0.615039	7.159062
0.384722	0.480826	0.615796	7.179163
0.371653	0.492913	0.617325	7.207930
0.362889	0.500215	0.617984	7.226369
0.349952	0.511094	0.619422	7.253591
0.334645	0.523018	0.620915	7.284785
0.319104	0.534421	0.622441	7.315695
0.303357	0.545195	0.623910	7.346223
0.286938	0.555781	0.625480	7.377397
0.278720	0.560463	0.625942	7.392493
0.261310	0.570893	0.627855	7.424725
0.255303	0.573742	0.627981	7.435312
0.237158	0.583622	0.629967	7.468008
0.221407	0.591209	0.631307	7.495650
0.202918	0.599653	0.633056	7.527684
0.187560	0.605938	0.634303	7.553799
0.168478	0.613369	0.636087	7.585916
0.153442	0.618536	0.637284	7.610817
0.133328	0.625132	0.639192	7.643850
0.118739	0.629209	0.640315	7.667464
0.098805	0.634524	0.642170	7.699508
0.083853	0.637838	0.643326	7.723266
0.062990	0.642192	0.645274	7.756208
0.048910	0.644460	0.646313	7.778234
0.028328	0.647591	0.648210	7.810266
0.013572	0.649196	0.649337	7.833079
-0.007901	0.651290	0.651338	7.866112
-0.021743	0.651995	0.652357	7.887317
-0.042463	0.652880	0.654259	7.918930
-0.057137	0.652883	0.655378	7.941274
-0.078890	0.652646	0.657397	7.974275
-0.090497	0.651909	0.658160	7.991919
-0.113125	0.650535	0.660298	8.026156
-0.130010	0.648743	0.661642	8.051765
-0.153605	0.645814	0.663830	8.087490
-0.169651	0.643092	0.665093	8.111910
-0.192378	0.638859	0.667196	8.146472
-0.209027	0.635028	0.668545	8.171974
-0.232339	0.629206	0.670732	8.207708
-0.248064	0.624542	0.672003	8.232067
-0.270118	0.617586	0.674074	8.266288
-0.282431	0.613067	0.674995	8.285687
-0.307093	0.603850	0.677452	8.324453
-0.317913	0.599108	0.678233	8.341843
-0.341174	0.588888	0.680579	8.379081
-0.352735	0.583090	0.681481	8.398026
-0.376503	0.570986	0.683944	8.436930
-0.387339	0.564738	0.684807	8.455164
-0.408656	0.552282	0.687034	8.491014
-0.423874	0.542495	0.688455	8.517242
-0.445172	0.528129	0.690723	8.554353
-0.457178	0.519207	0.691800	8.575935
-0.478607	0.502830	0.694193	8.614703
-0.490843	0.492554	0.695368	8.637640
-0.512125	0.474065	0.697861	8.677954
-0.522157	0.464432	0.698816	8.697823
-0.542163	0.444801	0.701277	8.737709
-0.552783	0.433391	0.702422	8.759860
-0.570900	0.413246	0.704768	8.798224
-0.580505	0.401569	0.705864	8.819605
-0.595996	0.382101	0.707964	8.854676
-0.605711	0.368840	0.709175	8.877813
-0.620938	0.347175	0.711403	8.914965
-0.631927	0.330191	0.712992	8.943281
-0.642445	0.312862	0.714575	8.971595
-0.650765	0.298050	0.715771	8.995291
-0.658271	0.284374	0.717070	9.016992
-0.665489	0.270514	0.718369	9.038691
-0.672584	0.255598	0.719514	9.061610
-0.684709	0.228745	0.721908	9.102359
-0.691217	0.212434	0.723125	9.126607
-0.696890	0.197717	0.724394	9.148330
-0.702247	0.182854	0.725662	9.170049
-0.707553	0.166363	0.726848	9.193848
-0.715926	0.138224	0.729147	9.234054
-0.721444	0.116630	0.730811	9.264502
-0.726300	0.094835	0.732465	9.294939
-0.730227	0.074252	0.733992	9.323443
-0.733563	0.053520	0.735513	9.351948
-0.736484	0.031249	0.737147	9.382373
-0.738719	0.008854	0.738772	9.412793
-0.740171	-0.012193	0.740272	9.441250
-0.741015	-0.033305	0.741763	9.469693
-0.741191	-0.053578	0.743125	9.496939
-0.741050	-0.068812	0.744238	9.517370
-0.740596	-0.084061	0.745351	9.537799
-0.739150	-0.108182	0.747025	9.570106
-0.736909	-0.132281	0.748687	9.602395
-0.733703	-0.157614	0.750442	9.636382
-0.729618	-0.182857	0.752182	9.670340
-0.724933	-0.206631	0.753806	9.702449
-0.719465	-0.230278	0.755419	9.734542
-0.713353	-0.253345	0.757005	9.766031
-0.706497	-0.276232	0.758579	9.797492
-0.699300	-0.297759	0.760053	9.827322
-0.691445	-0.319081	0.761518	9.857129
-0.682443	-0.341378	0.763065	9.888608
-0.672723	-0.363395	0.764600	9.920054
-0.662835	-0.384004	0.766035	9.949865
-0.652316	-0.404329	0.767462	9.979655
-0.639206	-0.427765	0.769134	10.014541
-0.625260	-0.450745	0.770792	10.049389
-0.611147	-0.472261	0.772354	10.082678
-0.596304	-0.493302	0.773903	10.115925
-0.579927	-0.514904	0.775527	10.150855
-0.562786	-0.535922	0.777136	10.185731
-0.545740	-0.555394	0.778649	10.218943
-0.528038	-0.574289	0.780149	10.252109
-0.511151	-0.591193	0.781527	10.282660
-0.493734	-0.607578	0.782895	10.313182
-0.476526	-0.622800	0.784192	10.342457
-0.458863	-0.637513	0.785480	10.371702
-0.440085	-0.652222	0.786809	10.401998
-0.420856	-0.666353	0.788128	10.432257
-0.401865	-0.679439	0.789388	10.461454
-0.382483	-0.691965	0.790639	10.490623
-0.359238	-0.705961	0.792106	10.524861
-0.335508	-0.719146	0.793560	10.559054
-0.312417	-0.730964	0.794929	10.591669
-0.288942	-0.742014	0.796287	10.624237
-0.264054	-0.752726	0.797698	10.658189
-0.238805	-0.762578	0.799095	10.692094
-0.214301	-0.771195	0.800416	10.724530
-0.189528	-0.779001	0.801725	10.756915
-0.165449	-0.785748	0.802978	10.788044
-0.141161	-0.791735	0.804220	10.819136
-0.117479	-0.796794	0.805408	10.849189
-0.093647	-0.801133	0.806587	10.879210
-0.068886	-0.804855	0.807797	10.910194
-0.044015	-0.807799	0.808997	10.941141
-0.019810	-0.809905	0.810148	10.971120
0.004453	-0.811277	0.811289	11.001063
0.032126	-0.811945	0.812580	11.035121
0.059794	-0.811659	0.813858	11.069111
0.086455	-0.810477	0.815075	11.101844
0.113060	-0.808413	0.816281	11.134527
0.140486	-0.805358	0.817519	11.168276
0.167786	-0.801369	0.818746	11.201967
0.193927	-0.796647	0.819911	11.234359
0.219896	-0.791073	0.821067	11.266702
0.243848	-0.785136	0.822131	11.296709
0.267603	-0.778477	0.823187	11.326672
0.290876	-0.771190	0.824223	11.356254
0.313922	-0.763211	0.825251	11.385798
0.336853	-0.754492	0.826274	11.415484
0.359512	-0.745089	0.827289	11.445131
0.381654	-0.735118	0.828286	11.474443
0.403491	-0.724496	0.829276	11.503720
0.426621	-0.712352	0.830332	11.535178
0.449343	-0.699486	0.831378	11.566581
0.471218	-0.686173	0.832394	11.597341
0.492665	-0.672191	0.833402	11.628057
0.513988	-0.657318	0.834416	11.659210
0.534825	-0.641786	0.835421	11.690316
0.554818	-0.625891	0.836399	11.720850
0.574306	-0.609392	0.837369	11.751340
0.593852	-0.591766	0.838360	11.782732
0.612821	-0.573538	0.839342	11.814073
0.630903	-0.555034	0.840298	11.844859
0.648395	-0.535986	0.841247	11.875598
0.665577	-0.516055	0.842202	11.906842
0.682115	-0.495602	0.843150	11.938036
0.697787	-0.474928	0.844075	11.968770
0.712804	-0.453788	0.844994	11.999456
0.726782	-0.432778	0.845877	12.029287
0.740114	-0.411369	0.846754	12.059071
0.752667	-0.389799	0.847615	12.088513
0.764570	-0.367878	0.848470	12.117910
0.775828	-0.345587	0.849316	12.147313
0.786414	-0.322984	0.850157	12.176670
0.796275	-0.300205	0.850986	12.205838
0.805459	-0.277155	0.851810	12.234965
0.813986	-0.253774	0.852628	12.264154
0.821819	-0.230161	0.853440	12.293303
0.828972	-0.206272	0.854250	12.322495
0.835417	-0.182193	0.855053	12.351646
0.841089	-0.158201	0.855838	12.380453
0.846062	-0.134063	0.856617	12.409222
0.850348	-0.109699	0.857395	12.438075
0.853924	-0.085231	0.858167	12.466890
0.856665	-0.061821	0.858892	12.494331
0.858757	-0.038354	0.859613	12.521739
0.860229	-0.014283	0.860348	12.549768
0.861023	0.009806	0.861078	12.577759
0.861138	0.033127	0.861775	12.604820
0.860619	0.056432	0.862467	12.631849
0.859423	0.080446	0.863180	12.659703
0.857556	0.104404	0.863888	12.687521
0.854922	0.129076	0.864611	12.716218
0.851579	0.153644	0.865329	12.744873
0.847503	0.178256	0.866046	12.773680
0.842719	0.202722	0.866759	12.802442
0.837273	0.226840	0.867457	12.830946
0.831142	0.250775	0.868151	12.859407
0.824298	0.274631	0.868844	12.887974
0.816777	0.298264	0.869532	12.916497
0.808968	0.320598	0.870179	12.943688
0.800555	0.342703	0.870823	12.970848
0.791263	0.365225	0.871485	12.998806
0.781347	0.387466	0.872143	13.026729
0.771253	0.408515	0.872763	13.053477
0.760601	0.429278	0.873380	13.080197
0.748982	0.450483	0.874019	13.107864
0.736784	0.471348	0.874654	13.135497
0.724625	0.490897	0.875249	13.161801
0.711959	0.510111	0.875842	13.188077
0.698293	0.529682	0.876456	13.215314
0.684102	0.548863	0.877067	13.242520
0.670041	0.566831	0.877641	13.268517
0.655522	0.584419	0.878211	13.294487
0.639991	0.602250	0.878803	13.321397
0.623993	0.619646	0.879391	13.348274
0.608564	0.635555	0.879932	13.373460
0.592742	0.651066	0.880471	13.398625
0.575802	0.666840	0.881035	13.424900
0.558460	0.682155	0.881596	13.451145
0.541760	0.696149	0.882115	13.475846
0.524722	0.709723	0.882632	13.500528
0.506238	0.723697	0.883184	13.526765
0.487402	0.737173	0.883734	13.552974
0.468367	0.750043	0.884269	13.578961
0.449010	0.762408	0.884803	13.604922
0.428641	0.774674	0.885354	13.631780
0.407961	0.786379	0.885903	13.658605
0.387868	0.797057	0.886421	13.684276
0.367515	0.807211	0.886937	13.709923
0.346223	0.817148	0.887469	13.736401
0.324685	0.826512	0.887999	13.762851
0.304486	0.834679	0.888482	13.787374
0.284098	0.842344	0.888963	13.811876
0.262049	0.850004	0.889481	13.838121
0.239816	0.857078	0.889997	13.864338
0.219174	0.863068	0.890462	13.888477
0.198397	0.868555	0.890926	13.912598
0.175920	0.873896	0.891427	13.938516
0.153322	0.878649	0.891926	13.964409
0.132531	0.882478	0.892375	13.988100
0.111659	0.885812	0.892822	14.011776
0.089315	0.888824	0.893300	14.037016
0.066911	0.891269	0.893777	14.062233
0.046126	0.893019	0.894209	14.085561
0.025308	0.894282	0.894640	14.108875
0.002948	0.895100	0.895104	14.133874
-0.019418	0.895356	0.895567	14.158851
-0.039616	0.895098	0.895974	14.181397
-0.059801	0.894384	0.896381	14.203930
-0.082126	0.893067	0.896835	14.228868
-0.104403	0.891193	0.897288	14.253785
-0.124375	0.889026	0.897684	14.276166
-0.144293	0.886411	0.898079	14.298535
-0.166231	0.883008	0.898519	14.323244
-0.188070	0.879064	0.898957	14.347933
-0.208415	0.874875	0.899357	14.371030
-0.228654	0.870217	0.899756	14.394113
-0.250546	0.864624	0.900194	14.419216
-0.272281	0.858485	0.900630	14.444295
-0.291834	0.852445	0.901016	14.467010
-0.311242	0.845963	0.901402	14.489711
-0.332292	0.838377	0.901828	14.514524
-0.353139	0.830272	0.902252	14.539316
-0.371797	0.822499	0.902628	14.561711
-0.390274	0.814310	0.903003	14.584093
-0.410058	0.804988	0.903412	14.608303
-0.429604	0.795192	0.903820	14.632495
-0.447203	0.785848	0.904184	14.654534
-0.464591	0.776118	0.904547	14.676563
-0.483280	0.765093	0.904946	14.700543
-0.501694	0.753626	0.905344	14.724505
-0.518736	0.742449	0.905714	14.747007
-0.535519	0.730894	0.906083	14.769498
-0.551979	0.719005	0.906448	14.791899
-0.568166	0.706751	0.906813	14.814289
-0.583955	0.694232	0.907172	14.836502
-0.599460	0.681366	0.907531	14.858704
-0.614626	0.668201	0.907886	14.880826
-0.629496	0.654703	0.908241	14.902939
-0.644000	0.640938	0.908591	14.924948
-0.658197	0.626857	0.908941	14.946948
-0.672037	0.612511	0.909287	14.968872
-0.685557	0.597866	0.909633	14.990785
-0.698718	0.582964	0.909975	15.012635
-0.711550	0.567779	0.910316	15.034476
-0.723995	0.552378	0.910654	15.056221
-0.736103	0.536711	0.910991	15.077957
-0.748051	0.520526	0.911332	15.100033
-0.759637	0.504082	0.911673	15.122099
-0.770812	0.487453	0.912009	15.144068
-0.781617	0.470583	0.912345	15.166028
-0.791964	0.453621	0.912676	15.187799
-0.801938	0.436437	0.913007	15.209562
-0.811498	0.419107	0.913334	15.231234
-0.820679	0.401574	0.913661	15.252897
-0.829392	0.384021	0.913982	15.274338
-0.837726	0.366286	0.914303	15.295772
-0.845649	0.348438	0.914621	15.317124
-0.853188	0.330426	0.914938	15.338466
-0.860290	0.312387	0.915251	15.359650
-0.867007	0.294202	0.915563	15.380825
-0.873316	0.275937	0.915872	15.401926
-0.879238	0.257543	0.916181	15.423018
-0.884686	0.239319	0.916484	15.443773
-0.889753	0.220985	0.916786	15.464522
-0.894425	0.202603	0.917085	15.485205
-0.898716	0.184126	0.917384	15.505883
-0.902598	0.165685	0.917678	15.526420
-0.906099	0.147167	0.917973	15.546951
-0.909211	0.128628	0.918264	15.567423
-0.911942	0.110029	0.918556	15.587890
-0.914295	0.091323	0.918845	15.608410
-0.916264	0.072572	0.919134	15.628924
-0.917841	0.053850	0.919420	15.649361
-0.919035	0.035099	0.919705	15.669791
-0.919841	0.016416	0.919987	15.690118
-0.920266	-0.002280	0.920269	15.710440
-0.920311	-0.020917	0.920549	15.730688
-0.919979	-0.039553	0.920829	15.750931
-0.919268	-0.058182	0.921108	15.771171
-0.918181	-0.076794	0.921387	15.791406
-0.916721	-0.095320	0.921663	15.811571
-0.914888	-0.113815	0.921940	15.831731
-0.912701	-0.132123	0.922214	15.851726
-0.910148	-0.150384	0.922488	15.871714
-0.907238	-0.168537	0.922760	15.891639
-0.903967	-0.186628	0.923031	15.911557
-0.900368	-0.204500	0.923300	15.931304
-0.896416	-0.222299	0.923569	15.951046
-0.892125	-0.239967	0.923835	15.970728
-0.887487	-0.257549	0.924102	15.990405
-0.882541	-0.274907	0.924366	16.009933
-0.877256	-0.292167	0.924630	16.029456
-0.871648	-0.309279	0.924892	16.048926
-0.865708	-0.326279	0.925153	16.068392
-0.859473	-0.343071	0.925414	16.087749
-0.852912	-0.359740	0.925674	16.107102
-0.846043	-0.376247	0.925933	16.126412
-0.838857	-0.392619	0.926191	16.145718
-0.831383	-0.408787	0.926448	16.164945
-0.823600	-0.424810	0.926704	16.184168
-0.815533	-0.440634	0.926959	16.203330
-0.807163	-0.456303	0.927214	16.222490
-0.798450	-0.471883	0.927467	16.241738
-0.789437	-0.487294	0.927721	16.260983
-0.780155	-0.502486	0.927973	16.280168
-0.770583	-0.517499	0.928225	16.299351
-0.760790	-0.532226	0.928475	16.318400
-0.750717	-0.546766	0.928725	16.337447
-0.740396	-0.561074	0.928973	16.356440
-0.729803	-0.575186	0.929221	16.375430
-0.719159	-0.588823	0.929463	16.394043
-0.708262	-0.602261	0.929706	16.412653
-0.697141	-0.615464	0.929947	16.431216
-0.685776	-0.628459	0.930188	16.449777
-0.674246	-0.641160	0.930427	16.468214
-0.662483	-0.653647	0.930665	16.486648
-0.650518	-0.665888	0.930903	16.505037
-0.638328	-0.677908	0.931140	16.523423
-0.625998	-0.689627	0.931375	16.541688
-0.613454	-0.701121	0.931610	16.559951
-0.600727	-0.712362	0.931844	16.578174
-0.587795	-0.723370	0.932077	16.596396
-0.574739	-0.734081	0.932309	16.614510
-0.561488	-0.744555	0.932541	16.632623
-0.548071	-0.754772	0.932771	16.650704
-0.534468	-0.764745	0.933001	16.668783
-0.520611	-0.774524	0.933233	16.686957
-0.506576	-0.784052	0.933465	16.705131
-0.492398	-0.793303	0.933695	16.723263
-0.478053	-0.802298	0.933925	16.741394
-0.463534	-0.811037	0.934155	16.759535
-0.448856	-0.819513	0.934384	16.777675
-0.434058	-0.827704	0.934613	16.795774
-0.419112	-0.835627	0.934841	16.813870
-0.404036	-0.843271	0.935067	16.831947
-0.388822	-0.850642	0.935294	16.850023
-0.373506	-0.857723	0.935519	16.868061
-0.358062	-0.864528	0.935745	16.886097
-0.342573	-0.871023	0.935969	16.904043
-0.326967	-0.877239	0.936192	16.921987
-0.311276	-0.883165	0.936415	16.939899
-0.295479	-0.888810	0.936638	16.957810
-0.280086	-0.894006	0.936853	16.975152
-0.264604	-0.898934	0.937068	16.992492
-0.249065	-0.903585	0.937283	17.009797
-0.233446	-0.907966	0.937496	17.027102
-0.217820	-0.912060	0.937709	17.044329
-0.202123	-0.915884	0.937922	17.061554
-0.186386	-0.919432	0.938134	17.078751
-0.170588	-0.922709	0.938345	17.095947
-0.154857	-0.925692	0.938555	17.113007
-0.139075	-0.928405	0.938764	17.130066
-0.123266	-0.930847	0.938973	17.147102
-0.107415	-0.933018	0.939181	17.164137
-0.091570	-0.934915	0.939389	17.181127
-0.075691	-0.936543	0.939596	17.198115
-0.059800	-0.937899	0.939803	17.215086
-0.043886	-0.938985	0.940010	17.232056
-0.027794	-0.939807	0.940218	17.249194
-0.011689	-0.940355	0.940427	17.266330
0.004399	-0.940626	0.940636	17.283437
0.020492	-0.940622	0.940845	17.300542
0.036679	-0.940340	0.941055	17.317746
0.052861	-0.939780	0.941265	17.334949
0.069010	-0.938943	0.941475	17.352126
0.085145	-0.937828	0.941686	17.369301
0.101162	-0.936447	0.941895	17.386369
0.117155	-0.934792	0.942104	17.403437
0.133102	-0.932866	0.942314	17.420484
0.149017	-0.930669	0.942524	17.437530
0.164827	-0.928212	0.942733	17.454502
0.180595	-0.925488	0.942943	17.471473
0.196305	-0.922498	0.943153	17.488429
0.211964	-0.919242	0.943364	17.505384
0.227121	-0.915826	0.943568	17.521851
0.242223	-0.912160	0.943773	17.538318
0.257244	-0.908251	0.943978	17.554761
0.272201	-0.904095	0.944183	17.571203
0.287066	-0.899701	0.944388	17.587617
0.301860	-0.895064	0.944594	17.604031
0.316562	-0.890188	0.944800	17.620426
0.331186	-0.885072	0.945006	17.636821
0.345581	-0.879771	0.945210	17.653051
0.359891	-0.874235	0.945415	17.669280
0.374103	-0.868472	0.945620	17.685499
0.388223	-0.862477	0.945824	17.701718
0.402261	-0.856247	0.946030	17.717953
0.416198	-0.849789	0.946236	17.734187
0.430021	-0.843110	0.946442	17.750408
0.443736	-0.836206	0.946648	17.766629
0.457398	-0.829049	0.946856	17.782917
0.470943	-0.821670	0.947063	17.799205
0.484358	-0.814076	0.947271	17.815478
0.497649	-0.806264	0.947479	17.831751
0.510924	-0.798167	0.947689	17.848159
0.524067	-0.789852	0.947899	17.864566
0.537067	-0.781327	0.948110	17.880964
0.549928	-0.772587	0.948320	17.897361
0.562560	-0.763699	0.948530	17.913646
0.575048	-0.754604	0.948740	17.929930
0.587389	-0.745306	0.948951	17.946213
0.599579	-0.735807	0.949161	17.962496
0.611609	-0.726115	0.949373	17.978769
0.623483	-0.716226	0.949584	17.995041
0.635192	-0.706148	0.949797	18.011308
0.646738	-0.695878	0.950009	18.027574
0.657839	-0.685683	0.950217	18.043436
0.668779	-0.675310	0.950425	18.059299
0.679546	-0.664772	0.950634	18.075147
0.690147	-0.654063	0.950843	18.090995
0.700590	-0.643176	0.951053	18.106858
0.710861	-0.632121	0.951263	18.122722
0.720954	-0.620908	0.951473	18.138578
0.730870	-0.609534	0.951684	18.154434
0.749902	-0.586636	0.952101	18.185712
0.768223	-0.563139	0.952519	18.216996
0.777167	-0.551096	0.952730	18.232743
0.785922	-0.538910	0.952941	18.248489
0.794485	-0.526588	0.953154	18.264232
0.802855	-0.514130	0.953366	18.279975
0.818972	-0.488875	0.953789	18.311392
0.834295	-0.463116	0.954214	18.342806
0.841730	-0.449918	0.954429	18.358678
0.848956	-0.436601	0.954645	18.374550
0.855976	-0.423162	0.954861	18.390429
0.862783	-0.409609	0.955078	18.406309
0.869319	-0.396067	0.955293	18.422050
0.875643	-0.382421	0.955508	18.437791
0.881762	-0.368655	0.955725	18.453553
0.887664	-0.354792	0.955942	18.469315
0.893366	-0.340794	0.956160	18.485123
0.898846	-0.326705	0.956379	18.500931
0.904106	-0.312524	0.956598	18.516742
0.909143	-0.298260	0.956817	18.532553
0.918388	-0.269984	0.957250	18.563635
0.926750	-0.241440	0.957684	18.594698
0.934270	-0.212454	0.958122	18.625958
0.940884	-0.183237	0.958560	18.657214
0.946517	-0.154203	0.958996	18.688059
0.951258	-0.124972	0.959433	18.718928
0.955090	-0.095658	0.959868	18.749733
0.958020	-0.066215	0.960306	18.780549
0.960056	-0.036531	0.960751	18.811523
0.961179	-0.006769	0.961203	18.842513
0.961386	0.023000	0.961661	18.873475
0.960677	0.052822	0.962128	18.904484
0.959051	0.082605	0.962602	18.935476
0.956502	0.112428	0.963086	18.966560
0.953026	0.142226	0.963580	18.997699
0.950939	0.157119	0.963832	19.013302
0.948619	0.171982	0.964083	19.028905
0.946077	0.186776	0.964338	19.044471
0.943305	0.201533	0.964593	19.060037
0.940308	0.216237	0.964851	19.075590
0.937082	0.230897	0.965109	19.091143
0.929975	0.259975	0.965630	19.122147
0.921973	0.288833	0.966156	19.153148
0.913143	0.317263	0.966688	19.183949
0.903431	0.345459	0.967228	19.214785
0.892855	0.373357	0.967773	19.245619
0.881398	0.400992	0.968326	19.276518
0.869091	0.428279	0.968887	19.307419
0.855932	0.455222	0.969457	19.338353
0.841947	0.481762	0.970036	19.369284
0.834626	0.494917	0.970331	19.384798
0.827099	0.507960	0.970626	19.400313
0.819361	0.520910	0.970927	19.415850
0.811420	0.533742	0.971228	19.431386
0.803228	0.546540	0.971536	19.447026
0.794835	0.559212	0.971843	19.462665
0.786180	0.571852	0.972159	19.478423
0.777324	0.584358	0.972474	19.494180
0.768177	0.596857	0.972797	19.510100
0.758830	0.609211	0.973119	19.526020
0.749230	0.621493	0.973447	19.542033
0.739432	0.633623	0.973775	19.558045
0.729448	0.645584	0.974101	19.574039
0.719271	0.657387	0.974428	19.590032
0.708934	0.668996	0.974753	19.605978
0.698409	0.680441	0.975077	19.621924
0.687706	0.691714	0.975401	19.637860
0.676820	0.702817	0.975724	19.653795
0.665810	0.713697	0.976046	19.669654
0.654624	0.724404	0.976368	19.685512
0.643260	0.734940	0.976689	19.701378
0.631727	0.745297	0.977009	19.717243
0.620030	0.755469	0.977328	19.733103
0.608169	0.765457	0.977647	19.748963
0.596107	0.775288	0.977965	19.764874
0.583887	0.784928	0.978282	19.780784
0.571577	0.794325	0.978597	19.796608
0.559117	0.803527	0.978912	19.812432
0.546538	0.812514	0.979225	19.828218
0.533815	0.821303	0.979539	19.844004
0.521006	0.829855	0.979851	19.859722
0.508061	0.838209	0.980164	19.875440
0.495013	0.846356	0.980488	19.891128
0.481832	0.854309	0.980820	19.906822
0.468567	0.862058	0.981172	19.922479
0.455177	0.869600	0.981525	19.938135
0.441601	0.877001	0.981908	19.953881
0.427905	0.884190	0.982291	19.969626
0.413925	0.891285	0.982712	19.985577
0.399828	0.898158	0.983133	20.001527
0.385148	0.905062	0.983603	20.018017
0.370351	0.911724	0.984073	20.034505
0.354990	0.918354	0.984577	20.051494
0.339515	0.924724	0.985081	20.068479
0.323957	0.930821	0.985584	20.085430
0.308294	0.936655	0.986087	20.102378
0.292581	0.942207	0.986589	20.119265
0.276773	0.947495	0.987092	20.136150
0.260901	0.952508	0.987593	20.153000
0.244943	0.957254	0.988095	20.169847
0.228979	0.961712	0.988596	20.186610
0.212937	0.965904	0.989097	20.203369
0.196852	0.969820	0.989597	20.220095
0.180697	0.973468	0.990097	20.236819
0.164480	0.976846	0.990596	20.253538
0.148164	0.979958	0.991096	20.270294
0.131635	0.982818	0.991594	20.287209
0.115054	0.985399	0.992093	20.304120
