time = 13.4999	Re = 1	40	80
0.154785	0.132074	0.203474	0.706393
0.173560	0.113184	0.207204	0.577874
0.188440	0.095203	0.211124	0.467811
0.201016	0.076657	0.215136	0.364324
0.211587	0.057206	0.219184	0.264051
0.220128	0.036696	0.223166	0.165182
0.226047	0.020446	0.226970	0.090206
0.230763	0.003779	0.230794	0.016375
0.237462	-0.024425	0.238715	-0.102499
0.242227	-0.045711	0.246502	-0.186517
0.245788	-0.065733	0.254426	-0.261323
0.255151	-0.088621	0.270104	-0.334293
0.269912	-0.091819	0.285102	-0.327902
0.288209	-0.080075	0.299126	-0.271002
0.297982	-0.068020	0.305647	-0.224422
0.307253	-0.055087	0.312152	-0.177404
0.316142	-0.035863	0.318170	-0.112957
0.323714	-0.016142	0.324116	-0.049824
0.329503	0.007740	0.329594	0.023487
0.333061	0.033549	0.334746	0.100390
0.333864	0.061582	0.339496	0.182401
0.331806	0.089375	0.343632	0.263114
0.329361	0.104177	0.345444	0.306344
0.326252	0.118933	0.347254	0.349573
0.317631	0.147238	0.350098	0.434064
0.311929	0.161534	0.351274	0.477830
0.305521	0.175546	0.352362	0.521519
0.298563	0.188864	0.353284	0.564029
0.291011	0.201899	0.354191	0.606543
0.282300	0.215671	0.355257	0.652387
0.272861	0.228824	0.356109	0.697843
0.263238	0.241720	0.357383	0.742810
0.252915	0.254054	0.358482	0.787644
0.241429	0.268078	0.360768	0.837653
0.229733	0.281416	0.363280	0.886166
0.217237	0.296153	0.367286	0.937920
0.204866	0.311024	0.372433	0.988341
0.191724	0.328628	0.380466	1.042667
0.178697	0.346781	0.390115	1.094982
0.166319	0.371025	0.406597	1.149382
0.153508	0.395467	0.424216	1.200531
0.147674	0.415671	0.441124	1.229438
0.142616	0.435679	0.458427	1.254448
0.135560	0.457839	0.477486	1.282933
0.129717	0.481683	0.498844	1.307737
0.127514	0.498887	0.514926	1.320556
0.125312	0.515970	0.530969	1.332543
0.121941	0.534394	0.548130	1.346451
0.117164	0.552391	0.564680	1.361790
0.110156	0.570055	0.580600	1.379912
0.104571	0.592077	0.601241	1.395982
0.101535	0.612496	0.620855	1.406517
0.100638	0.626701	0.634730	1.411572
0.101467	0.639445	0.647446	1.413428
0.102470	0.646817	0.654883	1.413680
0.099549	0.661197	0.668649	1.421361
0.074392	0.676555	0.680633	1.461279
0.087372	0.667237	0.672933	1.440592
0.071973	0.671832	0.675677	1.464074
0.051935	0.679594	0.681575	1.494524
0.068547	0.672532	0.676017	1.469224
0.084291	0.665147	0.670467	1.444743
0.088471	0.669242	0.675065	1.439363
0.092483	0.659638	0.666090	1.431501
0.082385	0.664287	0.669376	1.447406
0.063622	0.673909	0.676906	1.476668
0.044264	0.679067	0.680508	1.505705
0.021851	0.682527	0.682877	1.538793
0.047291	0.678460	0.680106	1.501205
0.068195	0.671744	0.675197	1.469624
0.093801	0.658064	0.664715	1.429209
0.092472	0.670729	0.677073	1.433793
0.080791	0.668283	0.673149	1.450486
0.093510	0.670890	0.677375	1.432307
0.098382	0.657280	0.664602	1.422218
0.080331	0.665301	0.670133	1.450634
0.063321	0.672918	0.675890	1.476973
0.043490	0.678974	0.680365	1.506831
0.025926	0.680763	0.681257	1.532731
0.008574	0.681913	0.681967	1.558224
-0.012521	0.681622	0.681737	1.589164
-0.035886	0.679412	0.680359	1.623566
-0.050457	0.672686	0.674576	1.645665
-0.034490	0.679840	0.680715	1.621486
-0.008490	0.681679	0.681732	1.583250
0.014929	0.681624	0.681788	1.548898
0.039928	0.679108	0.680281	1.512068
0.063456	0.673718	0.676700	1.476886
0.087462	0.660183	0.665951	1.439081
0.093759	0.656673	0.663332	1.428975
0.102464	0.661369	0.669259	1.417091
0.088570	0.668610	0.674451	1.439094
0.072043	0.676710	0.680534	1.464736
0.088092	0.662780	0.668609	1.438658
0.089041	0.671485	0.677363	1.438962
0.103076	0.659237	0.667246	1.415696
0.097314	0.647044	0.654322	1.421517
0.093726	0.655269	0.661938	1.428725
0.087418	0.659646	0.665413	1.439042
0.075788	0.666800	0.671094	1.457623
0.057204	0.675966	0.678382	1.486372
0.029805	0.680118	0.680771	1.527001
0.005828	0.681652	0.681677	1.562246
-0.012113	0.681055	0.681163	1.588580
-0.040601	0.677093	0.678310	1.630689
-0.050947	0.669436	0.671372	1.646754
-0.048033	0.665295	0.667026	1.642870
-0.052323	0.660970	0.663038	1.649793
-0.062072	0.653400	0.656342	1.665511
-0.051371	0.661803	0.663793	1.648264
-0.049475	0.665426	0.667263	1.645011
-0.047360	0.673265	0.674929	1.641024
-0.027956	0.680249	0.680823	1.611870
-0.001407	0.681158	0.681159	1.572861
0.018556	0.681211	0.681464	1.543564
0.033663	0.679469	0.680302	1.521294
0.048703	0.677374	0.679122	1.499020
0.074193	0.668399	0.672504	1.460248
0.094256	0.652836	0.659605	1.427407
0.096128	0.645893	0.653008	1.423051
0.097153	0.643622	0.650913	1.420979
0.096711	0.670589	0.677526	1.427566
0.075572	0.673148	0.677377	1.458998
0.096471	0.659094	0.666117	1.425459
0.075887	0.671191	0.675467	1.458212
0.091583	0.666954	0.673212	1.434335
0.103968	0.663795	0.671888	1.415432
0.096947	0.641565	0.648849	1.420820
0.096053	0.642751	0.649889	1.422454
0.095799	0.646770	0.653826	1.423746
0.092453	0.656093	0.662575	1.430803
0.086066	0.660434	0.666019	1.441209
0.064262	0.673094	0.676155	1.475613
0.041436	0.678515	0.679779	1.509803
0.017003	0.681181	0.681393	1.545840
0.003362	0.681008	0.681016	1.565859
-0.018161	0.680448	0.680690	1.597480
-0.034087	0.677488	0.678345	1.621067
-0.047816	0.672020	0.673719	1.641830
-0.048741	0.666167	0.667947	1.643833
-0.047081	0.663031	0.664700	1.641687
-0.030792	0.669380	0.670088	1.616764
-0.046467	0.661709	0.663338	1.640904
-0.019666	0.674433	0.674720	1.599947
-0.046469	0.661007	0.662638	1.640981
-0.069456	0.642401	0.646145	1.678498
-0.085644	0.628536	0.634344	1.706221
-0.097635	0.617644	0.625313	1.727575
-0.119758	0.599739	0.611579	1.767888
-0.104593	0.612047	0.620920	1.740052
-0.085179	0.628060	0.633810	1.705597
-0.067875	0.642087	0.645665	1.676115
-0.055442	0.652963	0.655312	1.655502
-0.041994	0.663584	0.664912	1.633996
-0.045594	0.661909	0.663478	1.639570
-0.020238	0.674408	0.674711	1.600797
-0.017938	0.677241	0.677479	1.597278
-0.021827	0.672638	0.672992	1.603235
-0.044026	0.661846	0.663309	1.637219
-0.062610	0.648284	0.651301	1.667075
-0.047963	0.659079	0.660821	1.643441
-0.031189	0.668302	0.669029	1.617432
-0.014513	0.676169	0.676324	1.592256
-0.023515	0.671282	0.671694	1.605812
-0.038546	0.663633	0.664752	1.628814
-0.052870	0.655186	0.657316	1.651317
-0.068182	0.640646	0.644264	1.676824
-0.081002	0.629337	0.634529	1.698802
-0.104372	0.610825	0.619678	1.740033
-0.118320	0.599736	0.611296	1.765582
-0.131377	0.589040	0.603514	1.790241
-0.144820	0.579818	0.597630	1.815556
-0.157512	0.570264	0.591617	1.840287
-0.140890	0.582263	0.599066	1.808203
-0.123632	0.594584	0.607302	1.775805
-0.106004	0.608730	0.617891	1.743208
-0.094298	0.619411	0.626548	1.721875
-0.079756	0.631332	0.636350	1.696461
-0.095093	0.618546	0.625813	1.723339
-0.106763	0.607704	0.617011	1.744705
-0.122576	0.594937	0.607433	1.773985
-0.137719	0.583201	0.599241	1.802691
-0.152120	0.573165	0.593008	1.830218
-0.165316	0.562967	0.586738	1.856418
-0.179200	0.553563	0.581846	1.883871
-0.192541	0.544004	0.577072	1.910970
-0.171660	0.558000	0.583808	1.869242
-0.189859	0.545523	0.577617	1.905716
-0.206161	0.533415	0.571869	1.939604
-0.228800	0.517411	0.565741	1.987146
-0.248828	0.502404	0.560647	2.030656
-0.232238	0.514563	0.564543	1.994756
-0.214327	0.526869	0.568794	1.957145
-0.233395	0.513132	0.563718	1.997671
-0.250563	0.499961	0.559234	2.035376
-0.274066	0.482054	0.554516	2.087761
-0.294316	0.465371	0.550629	2.134723
-0.280305	0.476186	0.552561	2.102826
-0.294443	0.464647	0.550085	2.135621
-0.307725	0.453123	0.547736	2.167372
-0.323171	0.439674	0.545667	2.204645
-0.337452	0.426390	0.543766	2.240281
-0.343488	0.419468	0.542160	2.256936
-0.356213	0.406881	0.540777	2.289893
-0.368111	0.394319	0.539438	2.321834
-0.384488	0.376702	0.538271	2.366422
-0.398747	0.360017	0.537226	2.407194
-0.397497	0.360191	0.536415	2.405392
-0.408641	0.346586	0.535826	2.438177
-0.418989	0.333038	0.535225	2.469994
-0.433090	0.313997	0.534940	2.514274
-0.445557	0.295648	0.534723	2.555754
-0.440537	0.301663	0.533923	2.541168
-0.450190	0.286947	0.533863	2.574132
-0.459090	0.272301	0.533771	2.606238
-0.470931	0.252043	0.534136	2.650181
-0.481080	0.232771	0.534435	2.690947
-0.479927	0.233187	0.533579	2.689304
-0.486845	0.219055	0.533857	2.718782
-0.493294	0.204790	0.534114	2.748097
-0.501264	0.186351	0.534783	2.785663
-0.508186	0.168414	0.535366	2.821580
-0.506091	0.171776	0.534449	2.814377
-0.514109	0.148431	0.535107	2.860521
-0.520503	0.128329	0.536089	2.899865
-0.525817	0.108869	0.536969	2.937430
-0.523952	0.113014	0.536002	2.929153
-0.527785	0.097686	0.536749	2.958577
-0.531149	0.082271	0.537483	2.987921
-0.536097	0.054010	0.538811	3.041184
-0.535238	0.055098	0.538066	3.039013
-0.537425	0.040099	0.538919	3.067117
-0.539190	0.025027	0.539770	3.095209
-0.541227	-0.002218	0.541232	3.145691
-0.540427	-0.000635	0.540428	3.142769
-0.541399	-0.028356	0.542141	3.193920
-0.540972	-0.053762	0.543636	3.240648
-0.540141	-0.060578	0.543527	3.253278
-0.538647	-0.083576	0.545092	3.295525
-0.536268	-0.105543	0.546555	3.335918
-0.534809	-0.112567	0.546528	3.349045
-0.531679	-0.132944	0.548048	3.386615
-0.527877	-0.152706	0.549521	3.423188
-0.523830	-0.169448	0.550555	3.454448
-0.516371	-0.197541	0.552866	3.506971
-0.513502	-0.205602	0.553133	3.522437
-0.507921	-0.223136	0.554774	3.555523
-0.501841	-0.240416	0.556456	3.588355
-0.495149	-0.257205	0.557967	3.620679
-0.483714	-0.284183	0.561016	3.672772
-0.477257	-0.297434	0.562353	3.698908
-0.466366	-0.319236	0.565162	3.741852
-0.455181	-0.340053	0.568178	3.783217
-0.443689	-0.359838	0.571265	3.823013
-0.433803	-0.375741	0.573905	3.855391
-0.423570	-0.391375	0.576703	3.887506
-0.410088	-0.411343	0.580840	3.928519
-0.396354	-0.430520	0.585187	3.968287
-0.385901	-0.444381	0.588552	3.997308
-0.375200	-0.458070	0.592118	4.026117
-0.360298	-0.476839	0.597654	4.065315
-0.344972	-0.495330	0.603621	4.104051
-0.333042	-0.509192	0.608436	4.133166
-0.320891	-0.522942	0.613547	4.162011
-0.304385	-0.541489	0.621177	4.200284
-0.287467	-0.560015	0.629487	4.238142
-0.274683	-0.573675	0.636046	4.265834
-0.261593	-0.587406	0.643022	4.293420
-0.242759	-0.606966	0.653712	4.331922
-0.222570	-0.627394	0.665703	4.371486
-0.206502	-0.642868	0.675220	4.401579
-0.188877	-0.658871	0.685409	4.433209
-0.174200	-0.671241	0.693477	4.458471
-0.157842	-0.683278	0.701273	4.485364
-0.137903	-0.695801	0.709335	4.516731
-0.115529	-0.706401	0.715786	4.550278
-0.098177	-0.712240	0.718974	4.575409
-0.081165	-0.716950	0.721530	4.599661
-0.063604	-0.720168	0.722972	4.624300
-0.046492	-0.722743	0.724237	4.648150
-0.017453	-0.724687	0.724897	4.688310
0.010071	-0.723963	0.724033	4.726299
0.038609	-0.720711	0.721744	4.765908
0.064663	-0.714742	0.717661	4.802613
0.080000	-0.709367	0.713864	4.824692
0.094772	-0.703519	0.709873	4.846294
0.106638	-0.697445	0.705550	4.864112
0.119238	-0.691383	0.701589	4.883172
0.137585	-0.680926	0.694687	4.911761
0.153362	-0.671156	0.688455	4.937037
0.168973	-0.661177	0.682428	4.962597
0.182882	-0.651874	0.677042	4.985905
0.190675	-0.646008	0.673560	4.999398
0.200339	-0.640017	0.670640	5.015749
0.207038	-0.634629	0.667546	5.027737
0.216277	-0.628864	0.665015	5.043635
0.229816	-0.619464	0.660720	5.067640
0.242279	-0.610594	0.656905	5.090126
0.255248	-0.601377	0.653304	5.113785
0.267288	-0.592624	0.650113	5.136094
0.273388	-0.587413	0.647916	5.147984
0.282645	-0.581311	0.646383	5.164952
0.288291	-0.576345	0.644427	5.176201
0.296866	-0.570459	0.643080	5.192222
0.308217	-0.561787	0.640783	5.214185
0.319036	-0.553400	0.638777	5.235351
0.330052	-0.544664	0.636862	5.257189
0.340582	-0.536187	0.635211	5.278285
0.348232	-0.529601	0.633831	5.294044
0.357077	-0.522539	0.632891	5.311852
0.364164	-0.516141	0.631678	5.326831
0.372506	-0.509189	0.630900	5.343988
0.382677	-0.500194	0.629790	5.365458
0.392450	-0.491401	0.628882	5.386298
0.402162	-0.482339	0.628002	5.407388
0.411652	-0.473364	0.627320	5.428170
0.417440	-0.467165	0.626498	5.441634
0.425909	-0.459347	0.626416	5.460033
0.430676	-0.453695	0.625556	5.471764
0.438980	-0.445768	0.625630	5.490116
0.447239	-0.436839	0.625181	5.509551
0.455945	-0.427530	0.625034	5.529938
0.463593	-0.418697	0.624681	5.548629
0.471968	-0.409231	0.624679	5.568863
0.479006	-0.400582	0.624430	5.586712
0.487120	-0.390974	0.624617	5.606847
0.493605	-0.382449	0.624431	5.623995
0.501202	-0.372867	0.624687	5.643571
0.507398	-0.364227	0.624591	5.660591
0.514798	-0.354367	0.624974	5.680314
0.520393	-0.345947	0.624890	5.696489
0.527295	-0.336133	0.625320	5.715672
0.532696	-0.327542	0.625339	5.731899
0.539397	-0.317459	0.625883	5.751232
0.544238	-0.309114	0.625897	5.766645
0.550375	-0.299192	0.626441	5.785257
0.555101	-0.290547	0.626542	5.800983
0.561103	-0.280213	0.627181	5.820020
0.564863	-0.272421	0.627124	5.833816
0.570674	-0.261825	0.627870	5.853039
0.575340	-0.252017	0.628115	5.870329
0.581071	-0.240485	0.628869	5.890784
0.585207	-0.230868	0.629100	5.907424
0.590363	-0.219481	0.629842	5.927247
0.594284	-0.209536	0.630142	5.944209
0.599154	-0.197758	0.630947	5.964381
0.602558	-0.188067	0.631226	5.980652
0.606820	-0.176574	0.631988	6.000022
0.609349	-0.168071	0.632103	6.014057
0.613655	-0.155797	0.633124	6.034555
0.615694	-0.147760	0.633176	6.047650
0.619447	-0.135769	0.634152	6.067420
0.621362	-0.127359	0.634280	6.081017
0.624862	-0.114889	0.635336	6.101353
0.626435	-0.106723	0.635461	6.114439
0.629284	-0.094876	0.636396	6.133545
0.631182	-0.084541	0.636819	6.150037
0.633685	-0.071970	0.637759	6.170097
0.634906	-0.062717	0.637996	6.184723
0.637084	-0.049802	0.639027	6.205172
0.638061	-0.040227	0.639328	6.220223
0.639864	-0.026894	0.640429	6.241179
0.640358	-0.018111	0.640614	6.254911
0.641695	-0.004931	0.641714	6.275501
0.642024	0.004162	0.642038	6.289668
0.642875	0.016874	0.643097	6.309427
0.642896	0.025668	0.643408	6.323090
0.643245	0.037539	0.644339	6.341478
0.643026	0.046768	0.644725	6.355789
0.643026	0.059174	0.645743	6.374951
0.642090	0.079729	0.647021	6.406723
0.641189	0.089351	0.647385	6.421645
0.640330	0.103459	0.648634	6.443372
0.639118	0.112739	0.648985	6.457787
0.637784	0.126103	0.650131	6.478388
0.636214	0.135723	0.650530	6.493364
0.634329	0.149802	0.651778	6.515095
0.632463	0.159150	0.652180	6.529703
0.630163	0.172343	0.653305	6.550147
0.625619	0.193368	0.654821	6.582954
0.620618	0.213167	0.656207	6.614036
0.614786	0.233828	0.657752	6.646630
0.608584	0.253225	0.659164	6.677484
0.605098	0.262928	0.659753	6.693093
0.600652	0.275802	0.660945	6.713640
0.592239	0.297163	0.662610	6.748241
0.582771	0.319112	0.664420	6.784166
0.572947	0.339744	0.666104	6.818425
0.562793	0.359483	0.667805	6.851610
0.552424	0.378043	0.669395	6.883320
0.541001	0.397140	0.671120	6.916421
0.529418	0.415074	0.672733	6.948106
0.515334	0.435463	0.674683	6.984777
0.500972	0.454651	0.676521	7.020148
0.485291	0.474185	0.678497	7.057009
0.469507	0.492396	0.680361	7.092375
0.454486	0.508643	0.682111	7.124754
0.439455	0.523863	0.683778	7.155982
0.423447	0.539118	0.685533	7.188179
0.407427	0.553422	0.687220	7.219374
0.388234	0.569511	0.689252	7.255645
0.369191	0.584311	0.691174	7.290479
0.348871	0.599031	0.693217	7.326610
0.328719	0.612526	0.695158	7.361437
0.308925	0.624855	0.697050	7.394828
0.289249	0.636210	0.698876	7.427273
0.268527	0.647293	0.700781	7.460743
0.247940	0.657421	0.702621	7.493336
0.224123	0.668149	0.704737	7.530338
0.200612	0.677694	0.706763	7.566179
0.175988	0.686689	0.708882	7.603097
0.151799	0.694514	0.710910	7.638798
0.129032	0.701028	0.712804	7.671958
0.106264	0.706742	0.714686	7.704743
0.083047	0.711750	0.716578	7.737827
0.059851	0.715965	0.718462	7.770581
0.034675	0.719663	0.720498	7.805836
0.009759	0.722430	0.722496	7.840474
-0.015734	0.724355	0.724526	7.875700
-0.040950	0.725367	0.726522	7.910376
-0.067057	0.725491	0.728583	7.946149
-0.092837	0.724689	0.730611	7.981394
-0.119186	0.722911	0.732670	8.017381
-0.145246	0.720199	0.734699	8.052987
-0.170667	0.716625	0.736667	8.087780
-0.195775	0.712203	0.738621	8.122242
-0.220898	0.706860	0.740572	8.156873
-0.245758	0.700671	0.742520	8.191321
-0.270585	0.693558	0.744472	8.225960
-0.295252	0.685568	0.746443	8.260643
-0.319544	0.676727	0.748377	8.295134
-0.343648	0.667011	0.750332	8.329719
-0.366505	0.656838	0.752172	8.362935
-0.389542	0.645672	0.754079	8.396833
-0.411679	0.633955	0.755896	8.429923
-0.434085	0.621149	0.757797	8.463929
-0.456922	0.606983	0.759741	8.499257
-0.479448	0.591881	0.761704	8.534815
-0.501403	0.575957	0.763630	8.570289
-0.522920	0.559160	0.765575	8.605901
-0.543038	0.542236	0.767404	8.640119
-0.563144	0.524130	0.769313	8.675247
-0.581971	0.505887	0.771111	8.709206
-0.600818	0.486363	0.773001	8.744270
-0.618257	0.466942	0.774775	8.777922
-0.635650	0.446232	0.776643	8.812705
-0.651731	0.425613	0.778396	8.846261
-0.667671	0.403718	0.780239	8.880934
-0.682033	0.382423	0.781932	8.913749
-0.696288	0.359738	0.783727	8.947898
-0.709095	0.337639	0.785376	8.980388
-0.721920	0.313787	0.787166	9.014757
-0.733902	0.289403	0.788902	9.049165
-0.745432	0.263755	0.790719	9.084697
-0.755663	0.238569	0.792428	9.118972
-0.765338	0.212216	0.794215	9.154290
-0.773510	0.187175	0.795834	9.187360
-0.781361	0.160172	0.797609	9.222588
-0.787760	0.134721	0.799197	9.255399
-0.793730	0.107263	0.800945	9.290454
-0.798340	0.081671	0.802507	9.322831
-0.802370	0.054312	0.804206	9.357191
-0.805230	0.028574	0.805737	9.389307
-0.807412	0.000970	0.807413	9.423577
-0.808508	-0.024353	0.808875	9.454890
-0.808857	-0.052247	0.810543	9.489281
-0.808263	-0.077669	0.811987	9.520577
-0.806742	-0.105600	0.813624	9.554935
-0.804346	-0.132012	0.815107	9.587451
-0.800830	-0.160528	0.816760	9.622608
-0.796659	-0.186554	0.818210	9.654803
-0.791218	-0.214723	0.819837	9.689778
-0.785326	-0.240280	0.821262	9.721696
-0.778100	-0.267627	0.822839	9.756053
-0.770556	-0.292581	0.824233	9.787664
-0.761526	-0.319379	0.825787	9.821890
-0.752126	-0.344404	0.827228	9.854188
-0.741911	-0.369112	0.828659	9.886435
-0.730942	-0.393375	0.830073	9.918497
-0.719185	-0.417283	0.831476	9.950523
-0.706659	-0.440793	0.832866	9.982492
-0.693369	-0.463900	0.834245	10.014430
-0.679313	-0.486601	0.835611	10.046369
-0.664538	-0.508825	0.836967	10.078241
-0.648761	-0.530967	0.838342	10.110658
-0.632277	-0.552568	0.839705	10.143004
-0.615185	-0.573513	0.841053	10.175134
-0.597432	-0.593883	0.842390	10.207197
-0.579162	-0.613532	0.843712	10.238985
-0.560276	-0.632578	0.845023	10.270714
-0.540873	-0.650935	0.846321	10.302263
-0.520898	-0.668662	0.847610	10.333760
-0.500655	-0.685521	0.848879	10.364783
-0.479890	-0.701742	0.850138	10.395766
-0.458699	-0.717253	0.851385	10.426600
-0.437023	-0.732104	0.852623	10.457407
-0.414733	-0.746367	0.853854	10.488389
-0.392021	-0.759917	0.855076	10.519309
-0.368935	-0.772731	0.856286	10.550135
-0.345474	-0.784814	0.857488	10.580901
-0.321593	-0.796192	0.858687	10.611698
-0.297382	-0.806818	0.859878	10.642439
-0.272992	-0.816636	0.861057	10.672964
-0.248322	-0.825697	0.862230	10.703437
-0.223539	-0.833950	0.863390	10.733682
-0.198523	-0.841443	0.864545	10.763880
-0.173417	-0.848140	0.865688	10.793887
-0.148119	-0.854076	0.866825	10.823856
-0.122755	-0.859232	0.867957	10.853669
-0.097236	-0.863626	0.869083	10.883456
-0.071631	-0.867247	0.870200	10.913166
-0.045944	-0.870099	0.871311	10.942820
-0.019954	-0.872188	0.872416	10.972701
0.006075	-0.873494	0.873515	11.002529
0.032014	-0.874018	0.874604	11.032186
0.057948	-0.873768	0.875687	11.061797
0.083406	-0.872770	0.876746	11.090850
0.108821	-0.871028	0.877800	11.119864
0.134060	-0.868559	0.878844	11.148714
0.159213	-0.865357	0.879881	11.177524
0.184149	-0.861448	0.880910	11.206172
0.208965	-0.856822	0.881936	11.234788
0.233543	-0.851508	0.882954	11.263262
0.257970	-0.845491	0.883970	11.291715
0.282374	-0.838736	0.884994	11.320321
0.306568	-0.831286	0.886014	11.348888
0.330615	-0.823114	0.887031	11.377514
0.354407	-0.814259	0.888044	11.406096
0.377975	-0.804703	0.889051	11.434696
0.401253	-0.794476	0.890054	11.463257
0.424153	-0.783626	0.891053	11.491690
0.446737	-0.772124	0.892048	11.520096
0.468322	-0.760356	0.893010	11.547621
0.489572	-0.747996	0.893968	11.575114
0.510412	-0.735094	0.894921	11.602498
0.530893	-0.721621	0.895871	11.629857
0.550875	-0.707677	0.896811	11.657022
0.570477	-0.693186	0.897748	11.684170
0.589656	-0.678183	0.898680	11.711260
0.608430	-0.662654	0.899610	11.738339
0.626981	-0.646436	0.900547	11.765695
0.645075	-0.629723	0.901484	11.793015
0.662846	-0.612373	0.902423	11.820532
0.680131	-0.594544	0.903361	11.848016
0.696842	-0.576332	0.904294	11.875345
0.713051	-0.557667	0.905226	11.902650
0.728694	-0.538634	0.906157	11.929832
0.743818	-0.519175	0.907088	11.956997
0.758013	-0.499867	0.907993	11.983385
0.771692	-0.480192	0.908896	12.009745
0.784836	-0.460183	0.909800	12.036054
0.797451	-0.439830	0.910702	12.062343
0.809424	-0.419331	0.911595	12.088379
0.820867	-0.398509	0.912487	12.114412
0.831786	-0.377351	0.913379	12.140474
0.842153	-0.355906	0.914271	12.166522
0.852010	-0.334072	0.915164	12.192694
0.861292	-0.311984	0.916056	12.218844
0.870074	-0.289434	0.916952	12.245231
0.878259	-0.266653	0.917847	12.271601
0.885797	-0.243793	0.918733	12.297796
0.892737	-0.220726	0.919619	12.323985
0.899070	-0.197489	0.920505	12.350145
0.904798	-0.174084	0.921393	12.376293
0.909800	-0.151118	0.922265	12.401772
0.914215	-0.128033	0.923137	12.427229
0.918051	-0.104821	0.924016	12.452685
0.921298	-0.081511	0.924896	12.478127
0.923921	-0.058428	0.925767	12.503215
0.925967	-0.035264	0.926638	12.528305
0.927443	-0.011896	0.927519	12.553544
0.928330	0.011508	0.928401	12.578766
0.928624	0.034908	0.929280	12.603944
0.928331	0.058312	0.930161	12.629102
0.927437	0.081964	0.931051	12.654519
0.925941	0.105610	0.931945	12.679937
0.923866	0.129021	0.932831	12.705126
0.921197	0.152411	0.933720	12.730334
0.917933	0.175795	0.934615	12.755592
0.914074	0.199112	0.935509	12.780850
0.909710	0.221928	0.936389	12.805651
0.904778	0.244632	0.937266	12.830435
0.899249	0.267351	0.938150	12.855353
0.893149	0.289934	0.939030	12.880259
0.886587	0.312049	0.939899	12.904796
0.879476	0.334020	0.940770	12.929337
0.871844	0.355780	0.941642	12.953821
0.863683	0.377357	0.942521	12.978291
0.854950	0.398851	0.943409	13.002877
0.845695	0.420131	0.944304	13.027445
0.835933	0.441164	0.945203	13.051971
0.825654	0.461975	0.946110	13.076498
0.814892	0.482501	0.947025	13.100964
0.803613	0.502807	0.947950	13.125461
0.791841	0.522845	0.948883	13.149946
0.779561	0.542629	0.949822	13.174454
0.766854	0.562040	0.950765	13.198849
0.753666	0.581147	0.951707	13.223236
0.740044	0.599887	0.952644	13.247548
0.725951	0.618309	0.953578	13.271864
0.711518	0.636262	0.954509	13.295990
0.696624	0.653894	0.955438	13.320139
0.681295	0.671167	0.956362	13.344280
0.665517	0.688100	0.957284	13.368451
0.649333	0.704639	0.958201	13.392593
0.632763	0.720774	0.959116	13.416700
0.615849	0.736465	0.960027	13.440726
0.598575	0.751749	0.960947	13.464721
0.581008	0.766590	0.961889	13.488621
0.563062	0.781058	0.962855	13.512553
0.544739	0.795151	0.963849	13.536527
0.525963	0.808909	0.964868	13.560642
0.506818	0.822261	0.965907	13.584797
0.487361	0.835141	0.966945	13.608918
0.467654	0.847517	0.967980	13.632949
0.447660	0.859412	0.969014	13.656946
0.427512	0.870759	0.970045	13.680774
0.407058	0.881641	0.971075	13.704622
0.386289	0.892055	0.972102	13.728513
0.365125	0.902031	0.973128	13.752546
0.343784	0.911468	0.974146	13.776490
0.322229	0.920388	0.975164	13.800402
0.300522	0.928769	0.976179	13.824228
0.278628	0.936628	0.977192	13.848023
0.256645	0.943936	0.978203	13.871696
0.234501	0.950719	0.979213	13.895338
0.212260	0.956966	0.980224	13.918895
0.189704	0.962807	0.981318	13.942627
0.166643	0.968257	0.982492	13.966731
0.143459	0.973149	0.983666	13.990803
0.120215	0.977474	0.984839	14.014796
0.096876	0.981241	0.986011	14.038758
0.073550	0.984439	0.987183	14.062593
0.050157	0.987080	0.988354	14.086397
0.026756	0.989162	0.989524	14.110125
0.003192	0.990688	0.990693	14.133945
