time = 18.6499	Re = 1	40	80
0.147942	0.136850	0.201532	0.746470
0.159492	0.125717	0.203082	0.667523
0.171649	0.111825	0.204862	0.577410
0.182745	0.096559	0.206686	0.486092
0.191942	0.081815	0.208652	0.402928
0.199885	0.066414	0.210630	0.320785
0.206223	0.052010	0.212681	0.247051
0.211513	0.037051	0.214734	0.173412
0.215692	0.022103	0.216822	0.102119
0.218806	0.006759	0.218911	0.030879
0.220809	-0.008505	0.220972	-0.038497
0.221742	-0.024011	0.223038	-0.107861
0.221589	-0.049506	0.227052	-0.219805
0.218893	-0.074440	0.231205	-0.327806
0.215853	-0.094290	0.235549	-0.411845
0.211113	-0.114131	0.239989	-0.495609
0.207050	-0.129936	0.244444	-0.560438
0.201851	-0.145676	0.248928	-0.625144
0.192681	-0.171981	0.258270	-0.728693
0.189551	-0.188618	0.267407	-0.782931
0.186138	-0.204599	0.276600	-0.832610
0.199729	-0.214427	0.293036	-0.820872
0.227456	-0.206251	0.307043	-0.736544
0.244141	-0.195777	0.312943	-0.675898
0.261369	-0.182359	0.318698	-0.609184
0.279912	-0.162180	0.323501	-0.525131
0.296350	-0.140892	0.328137	-0.443795
0.311480	-0.115164	0.332088	-0.354143
0.318348	-0.100486	0.333831	-0.305749
0.324512	-0.085437	0.335571	-0.257438
0.329802	-0.069517	0.337049	-0.207744
0.334297	-0.053323	0.338523	-0.158175
0.337583	-0.037575	0.339668	-0.110851
0.340123	-0.021658	0.340812	-0.063590
0.341536	-0.005088	0.341574	-0.014897
0.342050	0.011460	0.342242	0.033491
0.341356	0.027057	0.342427	0.079097
0.339844	0.042545	0.342496	0.124542
0.337133	0.057943	0.342076	0.170206
0.333477	0.072921	0.341357	0.215280
0.328989	0.086947	0.340285	0.258376
0.323674	0.100584	0.338942	0.301295
0.317069	0.114927	0.337255	0.347739
0.309489	0.128381	0.335060	0.393212
0.301214	0.141769	0.332909	0.439901
0.291938	0.154421	0.330263	0.486540
0.280610	0.169374	0.327765	0.543056
0.268277	0.183751	0.325172	0.600540
0.253717	0.200036	0.323089	0.667640
0.237972	0.216596	0.321783	0.738408
0.219274	0.236220	0.322306	0.822584
0.199433	0.256343	0.324785	0.909620
0.188934	0.269542	0.329164	0.959437
0.177711	0.282588	0.333822	1.009420
0.167457	0.296186	0.340247	1.056224
0.156744	0.309930	0.347312	1.102568
0.145554	0.332259	0.362743	1.157905
0.136758	0.355778	0.381157	1.203818
0.127208	0.383972	0.404495	1.250881
0.123443	0.399346	0.417990	1.271000
0.119303	0.414722	0.431541	1.290689
0.117160	0.440407	0.455724	1.310792
0.115955	0.465726	0.479944	1.326781
0.112137	0.493714	0.506289	1.347455
0.105413	0.518189	0.528802	1.370109
0.102388	0.535087	0.544795	1.381734
0.099286	0.552927	0.561770	1.393126
0.097584	0.574023	0.582258	1.402407
0.096520	0.592503	0.600313	1.409313
0.097781	0.615452	0.623172	1.413236
0.099483	0.627961	0.635793	1.413679
0.101310	0.639654	0.647627	1.413719
0.102448	0.646847	0.654910	1.413720
0.100275	0.661905	0.669457	1.420445
0.086528	0.669158	0.674729	1.442201
0.071686	0.676855	0.680641	1.465279
0.088129	0.667130	0.672926	1.439456
0.073618	0.670743	0.674771	1.461477
0.052191	0.679328	0.681330	1.494120
0.067542	0.672807	0.676189	1.470744
0.082308	0.665868	0.670935	1.447810
0.086531	0.669429	0.674998	1.442248
0.096550	0.659195	0.666228	1.425364
0.083728	0.663414	0.668677	1.445252
0.062361	0.673884	0.676763	1.478519
0.035981	0.681019	0.681969	1.518011
0.056933	0.675603	0.677997	1.486725
0.073779	0.668759	0.672816	1.460918
0.092527	0.658369	0.664839	1.431172
0.099417	0.665426	0.672812	1.422490
0.088092	0.666825	0.672619	1.439450
0.093019	0.671856	0.678265	1.433221
0.096888	0.650877	0.658048	1.423023
0.089325	0.659484	0.665506	1.436169
0.078431	0.665579	0.670185	1.453498
0.058387	0.675474	0.677993	1.484572
0.037477	0.679416	0.680449	1.515692
0.016204	0.681763	0.681955	1.547033
0.032586	0.679969	0.680749	1.522910
0.048966	0.677646	0.679413	1.498662
0.063250	0.672390	0.675358	1.477006
0.077249	0.666810	0.671269	1.455462
0.095270	0.652716	0.659632	1.425861
0.098859	0.650065	0.657539	1.419877
0.096238	0.663313	0.670258	1.426714
0.082284	0.669693	0.674729	1.448540
0.067905	0.676479	0.679879	1.470751
0.086660	0.669757	0.675340	1.442121
0.072256	0.674084	0.677945	1.464012
0.056985	0.679256	0.681643	1.487099
0.072455	0.672755	0.676646	1.463510
0.087220	0.666644	0.672325	1.440700
0.098839	0.666387	0.673677	1.423549
0.098039	0.644306	0.651722	1.419792
0.096591	0.647665	0.654828	1.422751
0.094138	0.648428	0.655226	1.426625
0.091734	0.652374	0.658793	1.431097
0.075849	0.667677	0.671971	1.457680
0.057664	0.675072	0.677531	1.485584
0.031639	0.679849	0.680584	1.524292
0.015712	0.680792	0.680973	1.547721
-0.000168	0.681301	0.681301	1.571042
0.024506	0.680365	0.680806	1.534792
0.040693	0.678550	0.679769	1.510898
0.056385	0.676224	0.678571	1.487607
0.072067	0.668552	0.672425	1.463415
0.084953	0.661254	0.666688	1.443023
0.091641	0.655080	0.661459	1.431805
0.095631	0.651266	0.658250	1.424999
0.097078	0.644209	0.651483	1.421228
0.099821	0.645731	0.653400	1.417425
0.096554	0.658535	0.665576	1.425215
0.076909	0.674020	0.678394	1.457183
0.093074	0.666367	0.672835	1.432020
0.084403	0.664701	0.670038	1.444494
0.058546	0.676833	0.679360	1.484511
0.073459	0.671368	0.675375	1.461814
0.087822	0.666448	0.672209	1.439775
0.084744	0.663874	0.669261	1.443832
0.062285	0.674574	0.677443	1.478725
0.035801	0.681650	0.682589	1.518324
0.055140	0.676609	0.678852	1.489482
0.071127	0.670527	0.674289	1.465115
0.092909	0.660567	0.667069	1.431062
0.088095	0.669761	0.675529	1.440015
0.067110	0.676643	0.679963	1.471939
0.093603	0.664319	0.670881	1.430818
0.099182	0.653257	0.660743	1.420121
0.097487	0.640045	0.647427	1.419645
0.096631	0.641716	0.648951	1.421337
0.093833	0.639968	0.646810	1.425212
0.093350	0.641630	0.648385	1.426321
0.093619	0.655891	0.662538	1.429018
0.087730	0.659414	0.665225	1.438531
0.065907	0.672438	0.675661	1.473097
0.044963	0.677686	0.679176	1.504546
0.021005	0.680366	0.680690	1.539933
0.005007	0.680662	0.680680	1.563440
-0.011206	0.680525	0.680618	1.587262
-0.028097	0.679948	0.680528	1.612096
-0.000260	0.680656	0.680656	1.571178
0.014641	0.680572	0.680729	1.549287
0.037663	0.678965	0.680009	1.515382
0.062214	0.674287	0.677151	1.478791
0.081852	0.663082	0.668115	1.447976
0.089913	0.656533	0.662661	1.434692
0.092812	0.650635	0.657222	1.429104
0.093883	0.646283	0.653067	1.426540
0.094511	0.643355	0.650260	1.424936
0.096885	0.643504	0.650757	1.421361
0.096449	0.639046	0.646283	1.421000
0.100097	0.643510	0.651249	1.416484
0.095644	0.670517	0.677304	1.429110
0.086613	0.663489	0.669119	1.440988
0.080452	0.670237	0.675048	1.451333
0.098314	0.666935	0.674143	1.424439
0.096082	0.658483	0.665456	1.425905
0.071578	0.670228	0.674039	1.464403
0.095082	0.661298	0.668098	1.427994
0.087512	0.670150	0.675839	1.440946
0.097632	0.657474	0.664683	1.423378
0.092598	0.657643	0.664130	1.430913
0.069809	0.670991	0.674613	1.467131
0.055411	0.675403	0.677672	1.488939
0.040502	0.679468	0.680674	1.511258
0.025057	0.681143	0.681604	1.534026
0.009569	0.682431	0.682498	1.556775
0.034753	0.680166	0.681053	1.519746
0.059968	0.675255	0.677913	1.482221
0.073426	0.668233	0.672255	1.461354
0.086468	0.661008	0.666639	1.440723
0.093373	0.657048	0.663649	1.429632
0.101039	0.665139	0.672769	1.420042
0.084663	0.667234	0.672584	1.444584
0.057665	0.677278	0.679728	1.485859
0.081262	0.665999	0.670939	1.449382
0.094225	0.664594	0.671240	1.429956
0.081864	0.672807	0.677769	1.449717
0.092291	0.660600	0.667016	1.431987
0.100625	0.648686	0.656444	1.416901
0.096877	0.636525	0.643855	1.419758
0.093597	0.631890	0.638784	1.423743
0.096434	0.638709	0.645948	1.420945
0.094163	0.637386	0.644304	1.424125
0.093991	0.639797	0.646664	1.424933
0.094398	0.643526	0.650412	1.425147
0.094068	0.648598	0.655384	1.426768
0.090548	0.656685	0.662898	1.433774
0.075304	0.667282	0.671517	1.458420
0.059287	0.673717	0.676320	1.483023
0.039803	0.679052	0.680218	1.512248
0.019863	0.680176	0.680466	1.541602
0.002236	0.680459	0.680463	1.567511
-0.012844	0.680243	0.680365	1.589676
-0.027927	0.679686	0.680260	1.611862
-0.047768	0.671315	0.673013	1.641833
-0.042387	0.667321	0.668666	1.634230
-0.042208	0.665282	0.666620	1.634155
-0.039698	0.668670	0.669848	1.630095
-0.048623	0.669556	0.671319	1.643289
-0.033199	0.678820	0.679632	1.619665
-0.015933	0.680146	0.680333	1.594218
0.001320	0.680443	0.680444	1.568856
0.016677	0.680253	0.680457	1.546286
0.032154	0.679684	0.680444	1.523524
0.057468	0.674651	0.677095	1.485820
0.075598	0.667333	0.671601	1.457994
0.092196	0.655117	0.661573	1.430982
0.094820	0.646823	0.653736	1.425240
0.094647	0.641960	0.648900	1.424417
0.094591	0.638809	0.645774	1.423790
0.096493	0.639250	0.646491	1.420979
0.093104	0.631330	0.638158	1.424379
0.096068	0.635220	0.642444	1.420697
0.100992	0.643893	0.651765	1.415219
0.093259	0.671742	0.678185	1.432846
0.087886	0.667995	0.673752	1.439980
0.073191	0.672133	0.676106	1.462330
0.055157	0.679235	0.681471	1.489770
0.072151	0.672452	0.676312	1.463910
0.087482	0.666992	0.672705	1.440382
0.089465	0.672635	0.678558	1.438566
0.095193	0.666069	0.672837	1.428839
0.099322	0.649232	0.656785	1.418990
0.084646	0.666114	0.671471	1.444399
0.098738	0.653594	0.661010	1.420861
0.094652	0.652644	0.659472	1.426772
0.090298	0.657939	0.664106	1.434405
0.079382	0.665276	0.669995	1.452035
0.053197	0.677885	0.679969	1.492482
0.033766	0.680145	0.680983	1.521191
0.015027	0.681497	0.681662	1.548750
-0.000042	0.681677	0.681677	1.570858
-0.018212	0.681436	0.681679	1.597516
0.008791	0.681583	0.681640	1.557899
0.031948	0.680356	0.681106	1.523873
0.057273	0.675135	0.677560	1.486167
0.075725	0.667515	0.671797	1.457836
0.093606	0.656576	0.663215	1.429185
0.099539	0.653411	0.660949	1.419620
0.091254	0.672755	0.678916	1.435977
0.089918	0.666756	0.672792	1.436746
0.087369	0.662452	0.668189	1.439666
0.066484	0.672532	0.675810	1.472261
0.040776	0.680639	0.681859	1.510959
0.060981	0.674344	0.677095	1.480612
0.078289	0.666412	0.670995	1.453854
0.093887	0.659028	0.665682	1.429285
0.091115	0.670539	0.676702	1.435741
0.084063	0.666661	0.671940	1.445362
0.102378	0.651489	0.659485	1.414926
0.097645	0.635750	0.643205	1.418397
0.096473	0.634783	0.642072	1.419973
0.094114	0.632171	0.639138	1.423007
0.094291	0.634682	0.641648	1.423310
0.095263	0.639307	0.646366	1.422875
0.092366	0.637309	0.643967	1.426867
0.096232	0.646497	0.653620	1.423031
0.093450	0.647163	0.653876	1.427388
0.091715	0.650699	0.657130	1.430770
0.072543	0.669295	0.673214	1.462831
0.057301	0.674619	0.677048	1.486062
0.035811	0.678799	0.679743	1.518088
0.008511	0.680455	0.680508	1.558288
-0.003629	0.680237	0.680247	1.576131
-0.024103	0.679566	0.679993	1.606250
-0.041714	0.675583	0.676870	1.632464
-0.047669	0.667984	0.669683	1.642039
-0.041942	0.666072	0.667392	1.633683
-0.021432	0.674479	0.674820	1.602561
-0.018073	0.676214	0.676456	1.597516
-0.017373	0.677649	0.677871	1.596428
-0.015602	0.678308	0.678487	1.593794
-0.043472	0.671854	0.673259	1.635411
-0.017427	0.677153	0.677377	1.596526
-0.020144	0.674759	0.675059	1.600642
-0.028184	0.670536	0.671128	1.612804
-0.035807	0.668208	0.669167	1.624332
-0.047887	0.668294	0.670007	1.642330
-0.040713	0.674822	0.676049	1.631054
-0.023143	0.679797	0.680190	1.604827
-0.008095	0.680235	0.680284	1.582696
0.006935	0.680342	0.680377	1.560603
0.031907	0.679811	0.680559	1.523895
0.058816	0.674338	0.676898	1.483796
0.078294	0.665861	0.670448	1.453750
0.092747	0.654065	0.660608	1.429935
0.094782	0.646218	0.653132	1.425163
0.094312	0.641378	0.648275	1.424796
0.093665	0.637551	0.644395	1.424926
0.093169	0.634453	0.641257	1.424989
0.092817	0.631950	0.638730	1.424965
0.092671	0.629990	0.636770	1.424744
0.093106	0.629181	0.636033	1.423883
0.096126	0.633449	0.640701	1.420195
0.101889	0.645660	0.653650	1.414281
0.097293	0.659390	0.666529	1.424304
0.084513	0.675010	0.680280	1.446242
0.087497	0.667830	0.673537	1.440522
0.072894	0.672225	0.676165	1.462781
0.056344	0.678516	0.680851	1.487946
0.073611	0.671994	0.676014	1.461690
0.086976	0.669118	0.674748	1.441535
0.095227	0.660036	0.666870	1.427510
0.082746	0.664033	0.669168	1.446825
0.065363	0.672589	0.675758	1.473919
0.045787	0.679755	0.681295	1.503540
0.065404	0.672564	0.675737	1.473855
0.082798	0.663984	0.669126	1.446738
0.095097	0.659796	0.666614	1.427651
0.087261	0.669837	0.675497	1.441254
0.064761	0.674979	0.678079	1.475144
0.077014	0.671521	0.675923	1.456610
0.098239	0.660328	0.667596	1.423107
0.101569	0.648192	0.656102	1.415365
0.095146	0.660648	0.667464	1.427760
0.081405	0.674246	0.679142	1.450643
0.087431	0.666534	0.672244	1.440368
0.073322	0.672019	0.676007	1.462119
0.058934	0.677467	0.680025	1.484024
0.078188	0.669551	0.674101	1.454547
0.095792	0.664955	0.671820	1.427723
0.083057	0.664505	0.669675	1.446451
0.065009	0.673275	0.676406	1.474538
0.044879	0.680445	0.681923	1.504937
0.069787	0.671260	0.674878	1.467204
0.089256	0.662126	0.668114	1.436802
0.090688	0.668322	0.674446	1.435926
0.070815	0.675809	0.679509	1.466391
0.089423	0.665135	0.671119	1.437154
0.098890	0.656122	0.663533	1.421203
0.098595	0.642234	0.649758	1.418467
0.096163	0.640216	0.647398	1.421707
0.095817	0.642292	0.649400	1.422708
0.095820	0.646949	0.654007	1.423755
0.091027	0.657808	0.664076	1.433290
0.082198	0.663134	0.668209	1.447472
0.057778	0.675460	0.677926	1.485466
0.035057	0.679272	0.680176	1.519233
0.013475	0.681187	0.681320	1.551017
0.034339	0.679346	0.680213	1.520292
0.056434	0.675839	0.678191	1.487488
0.079931	0.664525	0.669315	1.451088
0.090218	0.658550	0.664701	1.434650
0.095819	0.647323	0.654376	1.423840
0.096062	0.642723	0.649862	1.422433
0.097321	0.641923	0.649258	1.420334
0.098819	0.667439	0.674715	1.423807
0.089789	0.666453	0.672474	1.436876
0.073897	0.671292	0.675347	1.461157
0.053258	0.679979	0.682062	1.492632
0.077893	0.669267	0.673784	1.454932
0.088634	0.669258	0.675101	1.439127
0.065964	0.677973	0.681175	1.473806
0.090268	0.667840	0.673913	1.436447
0.102763	0.659323	0.667283	1.416178
0.097244	0.650157	0.657390	1.422327
0.092672	0.655762	0.662278	1.430406
0.073160	0.668798	0.672788	1.461839
0.054318	0.675884	0.678063	1.490603
0.028409	0.680497	0.681090	1.529073
0.001829	0.681304	0.681306	1.568112
-0.021369	0.680748	0.681084	1.602177
-0.044555	0.675522	0.676989	1.636658
-0.023146	0.680677	0.681070	1.604788
0.000382	0.681287	0.681287	1.570236
0.023418	0.680805	0.681208	1.536413
0.042566	0.678191	0.679526	1.508115
0.060188	0.674517	0.677197	1.481800
0.073978	0.667760	0.671845	1.460461
0.087103	0.660915	0.666630	1.439759
0.096453	0.651935	0.659032	1.423914
0.099282	0.647875	0.655438	1.418736
0.095657	0.661712	0.668590	1.427230
0.075525	0.677009	0.681209	1.459698
0.091662	0.668453	0.674708	1.434520
0.075609	0.668062	0.672327	1.458099
0.095610	0.659385	0.666281	1.426802
0.099832	0.665102	0.672553	1.421808
0.078800	0.672155	0.676758	1.454094
0.092284	0.662969	0.669361	1.432487
0.095591	0.669840	0.676626	1.429046
0.101701	0.647989	0.655921	1.415117
0.096806	0.634019	0.641367	1.419280
0.093346	0.628599	0.635492	1.423375
0.092990	0.629625	0.636455	1.424165
0.093390	0.632238	0.639098	1.424144
0.094169	0.635879	0.642814	1.423772
0.095237	0.640776	0.647815	1.423249
0.095766	0.647840	0.654880	1.424036
0.092899	0.648556	0.655176	1.428524
0.079891	0.665205	0.669986	1.451268
0.063945	0.671946	0.674982	1.475918
0.045437	0.677486	0.679008	1.503830
0.029971	0.679138	0.679799	1.526694
0.014475	0.680378	0.680532	1.549524
0.002410	0.680256	0.680260	1.567253
-0.025279	0.679677	0.680147	1.607972
-0.045841	0.672864	0.674423	1.638820
-0.040942	0.667387	0.668642	1.632066
-0.034075	0.668489	0.669357	1.621725
-0.022997	0.673416	0.673808	1.604933
-0.018817	0.676608	0.676870	1.598599
-0.022788	0.678160	0.678543	1.604387
-0.035863	0.677069	0.678018	1.623715
-0.037263	0.668729	0.669767	1.626460
-0.045283	0.672076	0.673600	1.638072
-0.044281	0.673233	0.674687	1.636476
-0.020320	0.679264	0.679568	1.600701
-0.004193	0.679054	0.679067	1.576971
0.011249	0.678451	0.678544	1.554218
0.005354	0.678117	0.678138	1.562901
-0.003373	0.677461	0.677470	1.575775
-0.026170	0.670548	0.671059	1.609804
-0.039882	0.662101	0.663301	1.630959
-0.052834	0.653071	0.655205	1.651521
-0.070395	0.635897	0.639781	1.681049
-0.088328	0.619519	0.625784	1.712417
-0.106181	0.603880	0.613144	1.744848
-0.121965	0.591267	0.603715	1.774220
-0.138029	0.579238	0.595456	1.804727
-0.123150	0.590445	0.603151	1.776419
-0.108045	0.602350	0.611964	1.748282
-0.092211	0.616204	0.623066	1.719338
-0.078850	0.628515	0.633442	1.695599
-0.068125	0.638986	0.642607	1.677010
-0.056973	0.649356	0.651851	1.658310
-0.044942	0.658280	0.659812	1.638962
-0.032559	0.666952	0.667746	1.619575
-0.011566	0.675135	0.675234	1.587926
0.001916	0.677342	0.677345	1.567968
0.010063	0.678147	0.678222	1.555959
-0.015852	0.679246	0.679431	1.594129
-0.036659	0.675328	0.676322	1.625027
-0.033731	0.671787	0.672633	1.620965
-0.046191	0.670947	0.672535	1.639532
-0.045367	0.671671	0.673201	1.638237
-0.042495	0.673983	0.675322	1.633764
-0.043678	0.669467	0.670890	1.635947
-0.022143	0.678131	0.678493	1.603438
-0.020201	0.675190	0.675492	1.600707
-0.034274	0.668289	0.669167	1.622038
-0.044352	0.666340	0.667815	1.637259
-0.047461	0.671050	0.672727	1.641406
-0.032532	0.678744	0.679523	1.618690
-0.016724	0.679770	0.679976	1.595394
-0.000847	0.680152	0.680152	1.572041
0.019025	0.680158	0.680424	1.542832
0.046790	0.677118	0.678732	1.501804
0.072543	0.669156	0.673077	1.462809
0.091286	0.653329	0.659675	1.431970
0.094829	0.651043	0.657913	1.426157
0.095569	0.642879	0.649943	1.423219
0.094593	0.637732	0.644710	1.423543
0.093951	0.633980	0.640904	1.423674
0.093914	0.631766	0.638708	1.423223
0.095778	0.633359	0.640560	1.420712
0.092652	0.625314	0.632141	1.423698
0.096823	0.633030	0.640392	1.419021
0.102794	0.651061	0.659126	1.414203
0.096883	0.666906	0.673906	1.426532
0.070322	0.674833	0.678487	1.466965
0.097451	0.666778	0.673862	1.425672
0.085300	0.665789	0.671231	1.443372
0.099932	0.653150	0.660751	1.418973
0.079397	0.671555	0.676232	1.453114
0.054296	0.679975	0.682139	1.491115
0.069540	0.673866	0.677445	1.467965
0.084254	0.667630	0.672926	1.445261
0.089561	0.671791	0.677735	1.438261
0.100541	0.647117	0.654881	1.416661
0.097963	0.645698	0.653087	1.420227
0.095755	0.647673	0.654713	1.424015
0.091798	0.656609	0.662995	1.431890
0.067296	0.671632	0.674995	1.470931
0.047494	0.677242	0.678905	1.500782
0.023490	0.680600	0.681005	1.536296
-0.004583	0.680867	0.680882	1.577528
-0.029188	0.679892	0.680519	1.613701
-0.046179	0.673752	0.675333	1.639230
-0.049873	0.665137	0.667005	1.645637
-0.048540	0.670422	0.672177	1.643072
-0.032001	0.679475	0.680228	1.617858
-0.015197	0.680623	0.680792	1.593120
0.001470	0.680984	0.680985	1.568638
0.024559	0.680429	0.680872	1.534719
0.040694	0.678865	0.680083	1.510924
0.056230	0.676815	0.679147	1.487907
0.078680	0.665561	0.670196	1.453126
0.089246	0.658458	0.664478	1.436079
0.093351	0.652376	0.659021	1.428667
0.094682	0.647478	0.654364	1.425593
0.094982	0.644023	0.650990	1.424369
0.095345	0.641907	0.648949	1.423340
0.098775	0.644594	0.652118	1.418743
0.095751	0.657392	0.664328	1.426161
0.078177	0.673774	0.678294	1.455285
0.094515	0.666096	0.672768	1.429843
0.086184	0.663438	0.669013	1.441614
0.069723	0.671313	0.674924	1.467306
0.051488	0.679163	0.681112	1.495130
0.068819	0.673101	0.676610	1.468909
0.084494	0.667450	0.672777	1.444874
0.069115	0.672685	0.676226	1.468411
0.054571	0.677436	0.679630	1.490414
0.039047	0.681755	0.682873	1.513585
0.064168	0.674062	0.677109	1.475887
0.085885	0.663652	0.669186	1.442100
0.089942	0.668237	0.674262	1.437004
0.076400	0.676223	0.680526	1.458293
0.089075	0.664556	0.670499	1.437554
0.098022	0.653218	0.660531	1.421847
0.096995	0.639596	0.646909	1.420293
0.096384	0.641630	0.648829	1.421694
0.093806	0.640141	0.646978	1.425292
0.095669	0.651764	0.658748	1.425052
0.087774	0.660172	0.665982	1.438615
0.065702	0.672042	0.675246	1.473341
0.050307	0.676184	0.678053	1.496534
0.032274	0.679642	0.680407	1.523345
0.012051	0.680599	0.680706	1.553092
-0.011056	0.680636	0.680725	1.587038
0.015219	0.680534	0.680704	1.548437
0.042990	0.678579	0.679940	1.507528
0.058220	0.673754	0.676265	1.484599
0.072641	0.668513	0.672448	1.462561
0.088812	0.658497	0.664459	1.436735
0.094018	0.650811	0.657567	1.427326
0.096683	0.647456	0.654635	1.422563
0.093455	0.638485	0.645288	1.425459
0.095987	0.640150	0.647306	1.421961
0.096162	0.637761	0.644970	1.421143
0.099269	0.641728	0.649360	1.417323
0.100867	0.666738	0.674325	1.420651
0.091410	0.669050	0.675266	1.435011
0.074798	0.669479	0.673645	1.459532
0.081349	0.670533	0.675450	1.450066
0.099917	0.660718	0.668230	1.420709
0.091726	0.658428	0.664787	1.432377
0.070162	0.670554	0.674214	1.466543
0.053315	0.676651	0.678748	1.492167
0.031749	0.681373	0.682113	1.524234
0.058628	0.675192	0.677732	1.484182
0.079478	0.665563	0.670291	1.451945
0.094472	0.656469	0.663232	1.427868
0.101333	0.663415	0.671109	1.419223
0.076722	0.671744	0.676111	1.457076
0.061670	0.677291	0.680093	1.479992
0.084652	0.667322	0.672670	1.444617
0.095122	0.667972	0.674711	1.429343
0.099640	0.648498	0.656108	1.418341
0.096746	0.648232	0.655412	1.422644
0.092187	0.656887	0.663324	1.431367
0.085081	0.661432	0.666882	1.442868
0.060522	0.674733	0.677442	1.481338
0.036661	0.679431	0.680419	1.516890
0.012891	0.681684	0.681806	1.551887
0.033202	0.679802	0.680613	1.521994
0.054568	0.676534	0.678731	1.490313
0.075360	0.667144	0.671387	1.458314
0.088452	0.660076	0.665976	1.437588
0.096295	0.649376	0.656477	1.423581
0.098889	0.647792	0.655297	1.419310
0.098301	0.664556	0.671787	1.423941
0.083565	0.668274	0.673479	1.446396
0.063403	0.677604	0.680564	1.477499
0.091222	0.668523	0.674718	1.435181
0.092349	0.659991	0.666421	1.431774
0.078652	0.666142	0.670769	1.453270
0.065042	0.672535	0.675673	1.474384
0.051170	0.678631	0.680558	1.495537
0.047537	0.679985	0.681645	1.501000
0.068611	0.671773	0.675268	1.469015
0.086746	0.663016	0.668666	1.440700
0.094298	0.666478	0.673116	1.430243
0.076615	0.673095	0.677441	1.457458
0.096738	0.657300	0.664381	1.424670
0.099307	0.644888	0.652489	1.418006
0.095672	0.641558	0.648653	1.422763
0.095249	0.643570	0.650580	1.423861
0.094920	0.647163	0.654087	1.425163
0.093190	0.652926	0.659542	1.429027
0.086129	0.660938	0.666526	1.441213
0.068156	0.670763	0.674216	1.469535
0.043127	0.679180	0.680548	1.507383
0.014764	0.680903	0.681064	1.549117
-0.009409	0.680830	0.680895	1.584616
-0.025113	0.679458	0.679922	1.607739
-0.040549	0.676821	0.678034	1.630636
-0.050199	0.669005	0.670886	1.645691
-0.043930	0.666944	0.668389	1.636569
-0.050691	0.661610	0.663549	1.647265
-0.049633	0.665431	0.667279	1.645246
-0.048788	0.670750	0.672522	1.643404
-0.028231	0.680076	0.680661	1.612285
-0.005568	0.680896	0.680919	1.578974
0.010257	0.681087	0.681164	1.555738
0.025451	0.680053	0.680529	1.533389
0.040606	0.678666	0.679879	1.511035
0.058915	0.674020	0.676590	1.483609
0.074105	0.668545	0.672639	1.460401
0.092866	0.651795	0.658378	1.429271
0.095855	0.650046	0.657076	1.424393
0.098325	0.646176	0.653614	1.419790
0.099014	0.664208	0.671548	1.422816
0.083525	0.668569	0.673766	1.446509
0.061153	0.679048	0.681796	1.480982
0.074882	0.672784	0.676938	1.459951
0.088371	0.666264	0.672099	1.438930
0.073041	0.670830	0.674795	1.462343
0.053354	0.678739	0.680833	1.492351
0.072932	0.670919	0.674871	1.462516
0.088165	0.666414	0.672221	1.439262
0.096777	0.669096	0.676059	1.427154
0.099351	0.660902	0.668328	1.421587
0.090386	0.659404	0.665570	1.434573
0.072233	0.669234	0.673121	1.463279
0.057545	0.674625	0.677075	1.485702
0.041560	0.679499	0.680769	1.509709
0.018507	0.681667	0.681918	1.543654
-0.002950	0.682498	0.682505	1.575118
0.012149	0.681957	0.682065	1.552983
0.027174	0.681081	0.681623	1.530919
0.045323	0.678360	0.679872	1.504082
0.061444	0.674844	0.677636	1.479998
0.087489	0.660396	0.666166	1.439083
0.093471	0.655977	0.662603	1.429258
0.098176	0.656595	0.663895	1.422373
0.080565	0.669898	0.674725	1.451107
0.085887	0.663075	0.668614	1.441985
0.084528	0.670856	0.676161	1.445456
0.072166	0.677362	0.681195	1.464656
0.088390	0.667268	0.673097	1.439098
0.099955	0.657947	0.665496	1.420030
0.100424	0.642831	0.650628	1.415827
0.095087	0.627665	0.634827	1.420446
0.094547	0.628102	0.635178	1.421390
0.091258	0.622849	0.629499	1.425314
0.090717	0.622862	0.629434	1.426167
0.089957	0.622689	0.629153	1.427324
0.096127	0.635422	0.642652	1.420654
0.091986	0.629737	0.636420	1.425751
0.090803	0.629388	0.635905	1.427513
0.096589	0.640951	0.648188	1.421226
0.094474	0.640703	0.647630	1.424398
0.093827	0.643028	0.649837	1.425905
0.093321	0.646502	0.653202	1.427439
0.091924	0.651151	0.657608	1.430551
0.088560	0.657134	0.663075	1.436836
0.077126	0.665095	0.669552	1.455349
0.063171	0.673635	0.676591	1.477294
0.045773	0.677302	0.678847	1.503317
0.025141	0.679580	0.680045	1.533818
0.003347	0.680187	0.680195	1.565876
-0.013296	0.680019	0.680149	1.590346
-0.030369	0.679209	0.679888	1.615479
-0.047954	0.670007	0.671721	1.642247
-0.040388	0.666609	0.667831	1.631309
-0.022922	0.675251	0.675640	1.604730
-0.020418	0.676701	0.677009	1.600960
-0.022584	0.677918	0.678294	1.604097
-0.031179	0.678020	0.678737	1.616750
-0.041095	0.674793	0.676043	1.631621
-0.041860	0.667953	0.669263	1.633384
-0.037966	0.668196	0.669273	1.627555
-0.041256	0.671222	0.672488	1.632184
-0.031414	0.669895	0.670631	1.617656
-0.040804	0.667340	0.668586	1.631864
-0.028008	0.675412	0.675992	1.612240
-0.029459	0.677484	0.678124	1.614252
-0.024881	0.675978	0.676436	1.607587
-0.030473	0.670936	0.671628	1.616184
-0.047313	0.670091	0.671759	1.641287
-0.025811	0.679369	0.679859	1.608771
-0.007781	0.679689	0.679733	1.582244
0.008655	0.679536	0.679591	1.558060
0.001508	0.679280	0.679282	1.568577
0.010908	0.678201	0.678289	1.554713
-0.002668	0.677229	0.677234	1.574736
-0.010031	0.675080	0.675154	1.585654
-0.029550	0.668767	0.669420	1.614954
-0.052919	0.651959	0.654103	1.651787
-0.069419	0.635883	0.639661	1.679534
-0.085830	0.622009	0.627903	1.707919
-0.098092	0.610995	0.618819	1.729982
-0.113785	0.597348	0.608089	1.759025
-0.136325	0.580012	0.595818	1.801645
-0.152792	0.567056	0.587280	1.833994
-0.176074	0.549885	0.577386	1.880683
-0.192676	0.538261	0.571707	1.914546
-0.208317	0.526724	0.566422	1.947414
-0.191295	0.539411	0.572327	1.911596
-0.171564	0.552901	0.578907	1.871675
-0.156963	0.563926	0.585363	1.842264
-0.140860	0.575338	0.592331	1.810904
-0.126437	0.586401	0.599877	1.783160
-0.111534	0.598162	0.608471	1.755141
-0.095126	0.612794	0.620133	1.724801
-0.080566	0.626171	0.631333	1.698757
-0.067704	0.638678	0.642256	1.676409
-0.050433	0.657019	0.658952	1.647406
-0.024915	0.670264	0.670727	1.607951
-0.010632	0.675125	0.675209	1.586543
0.001661	0.677027	0.677029	1.568343
0.012036	0.677713	0.677820	1.553038
0.017491	0.678113	0.678338	1.545008
0.001328	0.679037	0.679038	1.568841
-0.019427	0.679345	0.679623	1.599385
-0.044305	0.671315	0.672776	1.636699
-0.042061	0.667170	0.668494	1.633757
-0.023073	0.674716	0.675110	1.604980
-0.030244	0.670318	0.671000	1.615884
-0.028628	0.671196	0.671806	1.613423
-0.026778	0.672487	0.673020	1.610595
-0.043459	0.668338	0.669749	1.635730
-0.041847	0.674267	0.675564	1.632780
-0.030512	0.678114	0.678800	1.615762
-0.026978	0.678078	0.678615	1.610562
-0.022587	0.673660	0.674038	1.604313
-0.040906	0.666487	0.667741	1.632095
-0.047955	0.669797	0.671512	1.642270
-0.031125	0.679054	0.679767	1.616600
-0.013574	0.679971	0.680107	1.590757
0.003457	0.680128	0.680137	1.565713
0.017291	0.680049	0.680269	1.545376
0.032551	0.678689	0.679469	1.522871
0.047765	0.676951	0.678634	1.500354
0.065007	0.671373	0.674513	1.474270
0.080500	0.664854	0.669710	1.450304
0.092954	0.647640	0.654277	1.428242
0.096068	0.647485	0.654573	1.423499
0.092659	0.638118	0.644810	1.426598
0.095994	0.640692	0.647844	1.422074
0.096124	0.637366	0.644574	1.421111
0.088899	0.623910	0.630211	1.429263
0.090432	0.624816	0.631327	1.427060
0.091145	0.624874	0.631487	1.425956
0.094378	0.629492	0.636528	1.421978
0.093307	0.625378	0.632300	1.422688
0.093174	0.623749	0.630670	1.422516
0.094438	0.625415	0.632505	1.420928
0.100273	0.641863	0.649648	1.415827
0.102234	0.660156	0.668026	1.417153
0.089543	0.667718	0.673696	1.437489
0.075103	0.673085	0.677262	1.459676
0.060076	0.679068	0.681720	1.482558
0.082949	0.669198	0.674319	1.447473
0.074504	0.668868	0.673005	1.459865
0.085153	0.666622	0.672039	1.443747
0.099824	0.655961	0.663513	1.419775
0.095355	0.652303	0.659235	1.425642
0.091755	0.656664	0.663043	1.431967
0.084137	0.662495	0.667816	1.444472
0.070891	0.669645	0.673387	1.465325
0.056774	0.676691	0.679069	1.487093
0.036725	0.679807	0.680798	1.516827
0.016079	0.681591	0.681781	1.547211
0.000727	0.681841	0.681841	1.569730
-0.019893	0.681566	0.681856	1.599975
-0.004012	0.681820	0.681832	1.576681
0.011201	0.681715	0.681807	1.554367
0.026308	0.680781	0.681289	1.532172
0.041379	0.679504	0.680763	1.509975
0.058661	0.674240	0.676787	1.484012
0.073913	0.668228	0.672304	1.460634
0.090411	0.658078	0.664260	1.434265
0.096498	0.653987	0.661068	1.424300
0.087876	0.664537	0.670322	1.439323
0.071925	0.676243	0.680058	1.464836
0.092674	0.666973	0.673381	1.432734
0.088707	0.661892	0.667810	1.437570
0.073356	0.669165	0.673173	1.461610
0.053690	0.678085	0.680207	1.491782
0.053624	0.678461	0.680577	1.491922
0.073758	0.669332	0.673383	1.461042
0.089666	0.662273	0.668315	1.436223
0.092124	0.667926	0.674250	1.433736
0.074212	0.674961	0.679028	1.461287
0.097701	0.656864	0.664090	1.423140
0.098761	0.643420	0.650956	1.418492
0.095884	0.641835	0.648957	1.422503
0.095846	0.646290	0.653358	1.423568
0.091761	0.657011	0.663388	1.432030
0.084140	0.661751	0.667078	1.444327
0.059269	0.674891	0.677489	1.483202
0.036515	0.678927	0.679908	1.517065
0.014660	0.680887	0.681044	1.549269
0.001277	0.680760	0.680762	1.568920
-0.018810	0.680334	0.680594	1.598438
-0.038373	0.677520	0.678606	1.627374
-0.043949	0.671666	0.673103	1.636137
-0.047855	0.665867	0.667585	1.642542
-0.046649	0.663662	0.665300	1.640971
-0.048747	0.660941	0.662736	1.644416
-0.042678	0.664879	0.666247	1.634898
-0.048000	0.665453	0.667182	1.642802
-0.048913	0.670690	0.672471	1.643597
-0.037174	0.677510	0.678529	1.625610
-0.014556	0.680496	0.680652	1.592184
0.002770	0.680772	0.680778	1.566727
0.017620	0.680683	0.680911	1.544916
0.045174	0.678212	0.679715	1.504287
0.070999	0.670385	0.674135	1.465283
0.090722	0.655676	0.661922	1.433305
0.093909	0.650391	0.657136	1.427399
0.094966	0.646740	0.653675	1.425000
0.095185	0.643850	0.650848	1.424022
0.094973	0.641359	0.648353	1.423784
0.094873	0.639265	0.646267	1.423462
0.095370	0.638247	0.645333	1.422469
0.099497	0.643419	0.651067	1.417373
0.100814	0.657858	0.665538	1.418733
0.079748	0.667490	0.672237	1.451885
0.084219	0.671999	0.677256	1.446121
0.096966	0.659221	0.666314	1.424752
0.086611	0.661809	0.667452	1.440665
0.065993	0.672421	0.675652	1.472968
0.039391	0.680713	0.681851	1.512993
0.048131	0.678999	0.680702	1.500030
0.068668	0.670831	0.674336	1.468790
0.085251	0.662009	0.667475	1.442725
0.093462	0.655872	0.662498	1.429249
0.097897	0.654558	0.661839	1.422335
0.083012	0.674530	0.679619	1.448346
0.091346	0.667962	0.674179	1.434886
0.074194	0.677211	0.681264	1.461673
0.093932	0.661868	0.668500	1.429818
0.097528	0.648198	0.655494	1.421455
0.094723	0.648430	0.655312	1.425742
0.092928	0.652690	0.659272	1.429371
0.088865	0.658319	0.664290	1.436619
0.077744	0.665647	0.670171	1.454528
0.062332	0.674352	0.677226	1.478626
0.041798	0.678727	0.680013	1.509290
0.019087	0.680892	0.681159	1.542771
0.003874	0.681213	0.681224	1.565110
-0.014822	0.681106	0.681267	1.592554
0.010466	0.681261	0.681342	1.555435
0.033291	0.680180	0.680994	1.521891
0.049976	0.676563	0.678407	1.497063
0.065065	0.672411	0.675551	1.474333
0.087133	0.660762	0.666483	1.439686
0.096124	0.654356	0.661379	1.424942
0.077939	0.671308	0.675817	1.455214
0.084222	0.676091	0.681317	1.446863
0.097489	0.655542	0.662751	1.423163
0.096458	0.640674	0.647894	1.421361
0.095508	0.641398	0.648470	1.422977
0.095464	0.643990	0.651027	1.423630
0.094999	0.647999	0.654926	1.425230
0.092383	0.655039	0.661521	1.430686
0.079176	0.665363	0.670057	1.452357
0.060452	0.673860	0.676566	1.481325
0.036533	0.679961	0.680942	1.517120
0.008057	0.680985	0.681033	1.558965
-0.008575	0.680765	0.680819	1.583391
-0.028532	0.679978	0.680576	1.612732
-0.042204	0.674218	0.675537	1.633312
-0.049472	0.667732	0.669562	1.644751
-0.048159	0.664171	0.665915	1.643180
-0.033447	0.669012	0.669847	1.620749
-0.051262	0.659652	0.661641	1.648352
-0.047890	0.663492	0.665219	1.642850
-0.048719	0.666279	0.668058	1.643788
-0.036789	0.678166	0.679164	1.624992
-0.016119	0.680524	0.680715	1.594479
0.003274	0.680911	0.680919	1.565988
0.021155	0.680836	0.681165	1.539734
0.040392	0.678444	0.679645	1.511330
0.058776	0.674913	0.677468	1.483928
0.074381	0.667454	0.671586	1.459814
0.086913	0.660875	0.666566	1.440035
0.095029	0.649397	0.656313	1.425493
0.095603	0.643750	0.650810	1.423364
0.095934	0.641158	0.648296	1.422273
0.100111	0.645662	0.653377	1.416969
0.099132	0.660466	0.667864	1.421815
0.086154	0.667749	0.673284	1.442484
0.070166	0.676242	0.679873	1.467407
0.086991	0.667681	0.673324	1.441237
0.100088	0.660632	0.668171	1.420436
0.097283	0.662990	0.670089	1.425103
0.080168	0.665976	0.670783	1.450995
0.060597	0.675423	0.678135	1.481318
0.037693	0.682222	0.683262	1.515602
0.057134	0.676906	0.679313	1.486591
0.073576	0.670305	0.674331	1.461469
0.087889	0.667452	0.673214	1.439871
0.071326	0.677366	0.681111	1.465884
0.088273	0.667604	0.673415	1.439336
0.100431	0.658811	0.666423	1.419518
0.101245	0.643517	0.651433	1.414745
0.094391	0.624651	0.631742	1.420820
0.093048	0.622647	0.629561	1.422454
0.092889	0.623465	0.630347	1.422896
0.093548	0.626320	0.633268	1.422531
0.090612	0.621920	0.628486	1.426117
0.094891	0.631468	0.638558	1.421641
0.092520	0.628769	0.635540	1.424701
0.091838	0.629283	0.635949	1.425878
0.091632	0.630638	0.637260	1.426505
0.091607	0.632286	0.638887	1.426915
0.091717	0.634086	0.640685	1.427148
0.091579	0.635753	0.642315	1.427732
0.096712	0.648707	0.655877	1.422803
0.093398	0.652902	0.659549	1.428710
0.086368	0.660379	0.666003	1.440749
0.070323	0.669303	0.672988	1.466111
0.046471	0.677580	0.679172	1.502320
0.027535	0.679324	0.679882	1.530285
0.009886	0.680129	0.680201	1.556262
-0.018685	0.679822	0.680078	1.598274
-0.036460	0.676425	0.677407	1.624646
-0.047242	0.669989	0.671653	1.641192
-0.043371	0.666608	0.668017	1.635767
-0.034609	0.668262	0.669158	1.622540
-0.022241	0.673898	0.674265	1.603788
-0.031382	0.677397	0.678123	1.617091
-0.030074	0.678036	0.678702	1.615123
-0.040937	0.674653	0.675894	1.631401
-0.034331	0.669474	0.670353	1.622032
-0.032797	0.669738	0.670541	1.619727
-0.025165	0.673702	0.674172	1.608133
-0.040057	0.670197	0.671393	1.630495
-0.027781	0.677359	0.677929	1.611787
-0.027234	0.677463	0.678011	1.610974
-0.022949	0.676725	0.677114	1.604696
-0.037314	0.671114	0.672151	1.626339
-0.028201	0.672904	0.673495	1.612681
-0.037306	0.670769	0.671805	1.626356
-0.023476	0.673933	0.674341	1.605617
-0.040131	0.670462	0.671662	1.630580
-0.035601	0.669671	0.670617	1.623908
-0.027835	0.672873	0.673448	1.612140
-0.043938	0.670729	0.672167	1.636211
-0.041185	0.672840	0.674100	1.631931
-0.030643	0.676357	0.677051	1.616071
-0.032296	0.669304	0.670082	1.619013
-0.044085	0.667199	0.668654	1.636775
-0.043753	0.674066	0.675484	1.635614
-0.021329	0.679564	0.679898	1.602173
0.004642	0.679802	0.679818	1.563967
0.034293	0.677877	0.678744	1.520250
0.025029	0.678505	0.678966	1.533924
0.034563	0.677129	0.678011	1.519797
0.004670	0.679022	0.679038	1.563920
0.003384	0.677895	0.677903	1.565805
0.001134	0.676615	0.676616	1.569120
-0.025674	0.670533	0.671024	1.609067
-0.043964	0.659631	0.661095	1.637348
-0.057817	0.646207	0.648788	1.660030
-0.075528	0.628765	0.633285	1.690345
-0.095422	0.611768	0.619165	1.725527
-0.108556	0.599622	0.609369	1.749898
-0.132150	0.581213	0.596047	1.794365
-0.150325	0.567291	0.586870	1.829831
-0.174414	0.549583	0.576595	1.878099
-0.187329	0.540730	0.572260	1.904294
-0.199816	0.531618	0.567930	1.930324
-0.222888	0.514743	0.560928	1.979431
-0.235569	0.505518	0.557711	2.006872
-0.247895	0.496087	0.554575	2.034204
-0.268704	0.479309	0.549490	2.081747
-0.283964	0.466740	0.546335	2.117369
-0.297891	0.454417	0.543355	2.151060
-0.312258	0.441764	0.540981	2.186100
-0.325698	0.429197	0.538785	2.219940
-0.337536	0.417728	0.537055	2.250413
-0.348816	0.406132	0.535365	2.280419
-0.333150	0.422019	0.537670	2.239052
-0.315636	0.438530	0.540310	2.194662
-0.304203	0.449093	0.542424	2.166174
-0.292297	0.459461	0.544557	2.137391
-0.278853	0.470856	0.547234	2.105480
-0.264706	0.482218	0.550094	2.072821
-0.252779	0.491865	0.553017	2.045517
-0.240367	0.501276	0.555926	2.017918
-0.226704	0.511642	0.559618	1.987891
-0.212358	0.521868	0.563420	1.957254
-0.199946	0.531187	0.567572	1.930806
-0.187294	0.540339	0.571878	1.904460
-0.171612	0.551710	0.577784	1.872364
-0.154879	0.563324	0.584228	1.839105
-0.133751	0.579460	0.594696	1.797644
-0.116926	0.592764	0.604186	1.765552
-0.095316	0.611011	0.618401	1.725546
-0.080923	0.624142	0.629366	1.699731
-0.068291	0.636286	0.639940	1.677714
-0.051257	0.653166	0.655174	1.649110
-0.036403	0.663570	0.664568	1.625600
-0.019914	0.671877	0.672172	1.600427
-0.003947	0.675915	0.675927	1.576636
0.009209	0.677284	0.677346	1.557201
0.005618	0.678620	0.678643	1.562518
0.032756	0.676836	0.677628	1.522438
0.025363	0.678188	0.678662	1.533416
0.037030	0.677295	0.678307	1.516177
0.011775	0.679618	0.679720	1.553472
-0.006680	0.679810	0.679842	1.580623
-0.033144	0.678471	0.679280	1.619608
-0.044161	0.667142	0.668602	1.636895
-0.026288	0.672191	0.672705	1.609884
-0.022133	0.676779	0.677141	1.603488
-0.022787	0.674429	0.674814	1.604571
-0.034507	0.671460	0.672346	1.622142
-0.026525	0.674623	0.675144	1.610094
-0.034030	0.675828	0.676684	1.621107
-0.028727	0.675474	0.676085	1.613300
-0.033808	0.671141	0.671992	1.621128
-0.036485	0.676269	0.677253	1.624694
-0.029017	0.677493	0.678114	1.613600
-0.023394	0.675604	0.676009	1.605410
-0.030581	0.671520	0.672216	1.616305
-0.045118	0.667181	0.668705	1.638318
-0.042851	0.674678	0.676037	1.634225
-0.020565	0.679598	0.679909	1.601048
0.004357	0.679817	0.679831	1.564388
0.025304	0.678842	0.679314	1.533538
0.042559	0.676618	0.677955	1.507980
0.024030	0.678511	0.678937	1.535395
0.006348	0.679490	0.679520	1.561455
0.006047	0.678805	0.678831	1.561888
0.012660	0.677469	0.677587	1.552111
0.001475	0.676564	0.676566	1.568616
-0.013326	0.673991	0.674123	1.590565
-0.031106	0.666962	0.667687	1.617401
-0.050899	0.654239	0.656215	1.648439
-0.070189	0.634716	0.638585	1.680932
-0.083299	0.622133	0.627684	1.703897
-0.097981	0.608749	0.616584	1.730383
-0.116677	0.592883	0.604255	1.765109
-0.132869	0.580008	0.595033	1.795993
-0.152116	0.566008	0.586093	1.833344
-0.171091	0.552263	0.578158	1.871219
-0.184102	0.543148	0.573501	1.897596
-0.196542	0.533795	0.568829	1.923590
-0.175366	0.549142	0.576464	1.879906
-0.152878	0.565083	0.585398	1.835012
-0.129553	0.582843	0.597067	1.789519
-0.110169	0.598898	0.608947	1.752716
-0.093938	0.613866	0.621012	1.722646
-0.078119	0.628721	0.633555	1.694413
-0.062284	0.644010	0.647015	1.667210
-0.050340	0.655145	0.657076	1.647484
-0.037357	0.665646	0.666693	1.626859
-0.012762	0.675529	0.675650	1.589685
-0.004874	0.677253	0.677271	1.577993
0.004632	0.677992	0.678008	1.563965
0.014436	0.678116	0.678269	1.549511
0.023104	0.677924	0.678318	1.536729
0.031385	0.677468	0.678194	1.524502
0.039444	0.676755	0.677903	1.512579
0.041235	0.676798	0.678053	1.509944
0.012217	0.679496	0.679606	1.552818
-0.004998	0.679752	0.679771	1.578149
-0.028018	0.679289	0.679867	1.612018
-0.045970	0.667777	0.669358	1.639529
-0.038924	0.676631	0.677750	1.628259
-0.016747	0.679709	0.679915	1.595430
0.004883	0.679844	0.679862	1.563615
0.021962	0.679294	0.679649	1.538477
0.006306	0.679806	0.679835	1.561521
-0.016837	0.679754	0.679962	1.595561
-0.042230	0.674393	0.675714	1.633334
-0.045899	0.668138	0.669713	1.639385
-0.038565	0.667495	0.668608	1.628508
-0.025636	0.672274	0.672763	1.608910
-0.032389	0.675767	0.676542	1.618688
-0.039770	0.674392	0.675564	1.629700
-0.042671	0.669619	0.670977	1.634435
-0.037395	0.669065	0.670109	1.626629
-0.037264	0.670389	0.671423	1.626325
-0.030947	0.677656	0.678362	1.616432
-0.021105	0.676111	0.676440	1.602002
-0.033177	0.668911	0.669733	1.620355
-0.046284	0.667695	0.669297	1.640005
-0.034219	0.678259	0.679122	1.621204
-0.012006	0.679855	0.679961	1.588454
0.007145	0.679898	0.679936	1.560288
0.024181	0.679055	0.679485	1.535201
0.041782	0.677458	0.678745	1.509200
0.052510	0.675529	0.677567	1.493221
0.041949	0.677141	0.678439	1.508925
0.027011	0.678641	0.679178	1.531016
0.042231	0.676569	0.677886	1.508458
0.023113	0.678504	0.678898	1.536745
0.005144	0.679438	0.679457	1.563226
0.001795	0.678626	0.678628	1.568152
0.002324	0.677172	0.677176	1.567364
-0.015477	0.673918	0.674095	1.593757
-0.040907	0.662283	0.663545	1.632485
-0.059680	0.643952	0.646712	1.663210
-0.071744	0.633194	0.637245	1.683620
-0.082840	0.622744	0.628229	1.703044
-0.096166	0.610483	0.618011	1.727036
-0.113441	0.595680	0.606385	1.758982
-0.129010	0.583047	0.597149	1.788556
-0.145369	0.571207	0.589414	1.820001
-0.160397	0.559825	0.582350	1.849834
-0.181927	0.543961	0.573577	1.893550
-0.196399	0.533615	0.568610	1.923463
-0.209953	0.523233	0.563784	1.952390
-0.229070	0.509297	0.558441	1.993465
-0.246446	0.495785	0.553659	2.032107
-0.264736	0.481734	0.549684	2.073292
-0.281104	0.468189	0.546096	2.111516
-0.296914	0.454922	0.543242	2.149046
-0.311157	0.442016	0.540552	2.184168
-0.327932	0.426513	0.538008	2.226264
-0.343015	0.411504	0.535719	2.265671
-0.355737	0.398276	0.534016	2.299837
-0.367563	0.385139	0.532386	2.332848
-0.380195	0.370968	0.531193	2.368477
-0.391850	0.356961	0.530064	2.402753
-0.401317	0.344954	0.529196	2.431578
-0.410401	0.332717	0.528327	2.460354
-0.398229	0.348850	0.529418	2.422195
-0.384556	0.365597	0.530608	2.381462
-0.369244	0.383332	0.532245	2.337477
-0.351961	0.401847	0.534189	2.290111
-0.334133	0.420139	0.536807	2.242659
-0.312902	0.440079	0.539979	2.188876
-0.299928	0.452099	0.542540	2.156542
-0.286074	0.464167	0.545243	2.123128
-0.267220	0.479913	0.549293	2.078853
-0.246193	0.496343	0.554046	2.031250
-0.268012	0.479225	0.549078	2.080722
-0.287620	0.462777	0.544874	2.126881
-0.301042	0.451013	0.542253	2.159362
-0.313590	0.439267	0.539717	2.190786
-0.332425	0.421595	0.536888	2.238482
-0.348724	0.404990	0.534439	2.281681
-0.363146	0.389619	0.532614	2.321041
-0.376087	0.374761	0.530931	2.357960
-0.388732	0.359941	0.529783	2.394631
-0.400348	0.345331	0.528708	2.429842
-0.409468	0.333141	0.527870	2.458618
-0.418169	0.320770	0.527028	2.487248
-0.427471	0.307440	0.526546	2.518092
-0.436200	0.294039	0.526051	2.548466
-0.450399	0.270242	0.525252	2.601169
-0.438934	0.289395	0.525750	2.558698
-0.425515	0.309727	0.526302	2.512395
-0.436845	0.292539	0.525750	2.551519
-0.446932	0.275873	0.525218	2.588578
-0.454895	0.261738	0.524820	2.619472
-0.462219	0.247656	0.524385	2.649718
-0.472664	0.226893	0.524301	2.694048
-0.481334	0.207507	0.524158	2.734560
-0.488454	0.190204	0.524180	2.770258
-0.494538	0.173568	0.524113	2.804054
-0.489172	0.187982	0.524048	2.774705
-0.483344	0.202291	0.523969	2.745221
-0.476267	0.218350	0.523934	2.711725
-0.468331	0.234700	0.523849	2.677032
-0.476337	0.217850	0.523790	2.712647
-0.483314	0.201553	0.523657	2.746498
-0.488878	0.187421	0.523572	2.775505
-0.494006	0.173167	0.523478	2.804440
-0.501037	0.152583	0.523755	2.845982
-0.506795	0.133013	0.523960	2.884923
-0.511167	0.116048	0.524174	2.918352
-0.514791	0.099481	0.524315	2.950699
-0.508558	0.124445	0.523563	2.901608
-0.514185	0.100617	0.523937	2.948352
-0.518256	0.078696	0.524197	2.990895
-0.522281	0.052129	0.524876	3.042112
-0.524668	0.027950	0.525412	3.088371
-0.524567	0.020022	0.524949	3.103442
-0.525531	-0.001930	0.525534	3.145265
-0.525507	-0.022230	0.525977	3.183870
-0.524510	-0.051895	0.527071	3.240212
-0.522179	-0.077661	0.527922	3.289236
-0.521967	-0.072937	0.527039	3.280429
-0.519462	-0.093774	0.527858	3.320191
-0.516303	-0.113103	0.528546	3.357250
-0.510821	-0.141171	0.529969	3.411223
-0.504502	-0.166546	0.531281	3.460447
-0.507034	-0.153966	0.529895	3.436405
-0.501661	-0.174117	0.531019	3.475665
-0.495813	-0.193012	0.532057	3.512826
-0.486511	-0.220208	0.534027	3.566629
-0.476948	-0.244239	0.535848	3.614863
-0.478152	-0.239513	0.534786	3.605972
-0.470785	-0.256634	0.536190	3.640681
-0.463074	-0.273101	0.537607	3.674446
-0.452202	-0.295027	0.539933	3.719670
-0.441298	-0.315040	0.542212	3.761582
-0.444678	-0.307606	0.540703	3.746759
-0.430334	-0.332192	0.543635	3.798988
-0.416831	-0.354095	0.546929	3.845792
-0.403559	-0.374044	0.550244	3.889052
-0.407908	-0.366478	0.548357	3.873541
-0.397263	-0.382013	0.551137	3.907424
-0.386387	-0.397112	0.554069	3.940679
-0.376339	-0.410493	0.556898	3.970370
-0.366110	-0.423609	0.559894	3.999672
-0.368436	-0.419702	0.558475	3.991946
-0.357220	-0.433906	0.562032	4.023622
-0.345908	-0.447786	0.565831	4.054652
-0.335730	-0.459906	0.569410	4.081814
-0.325489	-0.471760	0.573150	4.108443
-0.328407	-0.467438	0.571269	4.099942
-0.317741	-0.479829	0.575496	4.127488
-0.306984	-0.492013	0.579927	4.154556
-0.287407	-0.513701	0.588636	4.202294
-0.283532	-0.517302	0.589908	4.211008
-0.265167	-0.537505	0.599354	4.254091
-0.247654	-0.556744	0.609341	4.293847
-0.243508	-0.560668	0.611265	4.302653
-0.226372	-0.579549	0.622191	4.340013
-0.209513	-0.598516	0.634127	4.375666
-0.195127	-0.614067	0.644323	4.404717
-0.181481	-0.629454	0.655094	4.431686
-0.166622	-0.645792	0.666941	4.459884
-0.159426	-0.653050	0.672228	4.472947
-0.146569	-0.665891	0.681831	4.495734
-0.130905	-0.678835	0.691341	4.521890
-0.108848	-0.691158	0.699677	4.556186
-0.085105	-0.699361	0.704520	4.591295
-0.060195	-0.704478	0.707045	4.627150
-0.037414	-0.707365	0.708354	4.659546
-0.015080	-0.708183	0.708343	4.691098
0.006152	-0.707739	0.707766	4.721081
0.027148	-0.705351	0.705873	4.750859
0.047967	-0.701470	0.703108	4.780664
0.064919	-0.695486	0.698509	4.805462
0.081389	-0.687996	0.692793	4.830141
0.092345	-0.680674	0.686910	4.847233
0.105593	-0.672618	0.680856	4.868106
0.112324	-0.666524	0.675922	4.879342
0.122991	-0.659481	0.670851	4.896767
0.129173	-0.653523	0.666167	4.907530
0.139985	-0.646339	0.661324	4.925676
0.144675	-0.641393	0.657508	4.934240
0.154588	-0.634964	0.653511	4.951202
0.159206	-0.630175	0.649974	4.959849
0.169498	-0.623597	0.646222	4.977785
0.173570	-0.619272	0.643136	4.985658
0.182752	-0.613189	0.639843	5.002043
0.193871	-0.604505	0.634832	5.022737
0.204773	-0.596319	0.630498	5.043167
0.215473	-0.587893	0.626136	5.063702
0.226191	-0.579774	0.622334	5.084364
0.230434	-0.575382	0.619810	5.093316
0.241907	-0.567961	0.617332	5.115040
0.244933	-0.564299	0.615163	5.121898
0.255337	-0.557357	0.613061	5.141976
0.258691	-0.553502	0.610971	5.149595
0.270134	-0.545873	0.609056	5.171922
0.273291	-0.542260	0.607234	5.179219
0.283073	-0.535387	0.605615	5.198753
0.292180	-0.527656	0.603150	5.218093
0.302743	-0.519234	0.601046	5.240257
0.311538	-0.511496	0.598902	5.259453
0.322022	-0.502854	0.597127	5.281978
0.325090	-0.499054	0.595599	5.289756
0.336873	-0.490079	0.594694	5.314598
0.339872	-0.486396	0.593375	5.322280
0.349473	-0.478565	0.592584	5.343130
0.352434	-0.474759	0.591275	5.350972
0.363463	-0.465662	0.590717	5.375145
0.375623	-0.453808	0.589097	5.403802
0.384167	-0.444968	0.587861	5.424587
0.394271	-0.434905	0.587019	5.448821
0.402339	-0.426031	0.585986	5.469193
0.412088	-0.415728	0.585360	5.493391
0.415029	-0.411502	0.584451	5.502054
0.424948	-0.401365	0.584529	5.526320
0.435977	-0.388242	0.583787	5.555638
0.440309	-0.382505	0.583251	5.567923
0.447896	-0.373626	0.583273	5.587947
0.458213	-0.360143	0.582805	5.617056
0.464876	-0.350746	0.582351	5.636815
0.473276	-0.339364	0.582372	5.661106
0.479312	-0.330120	0.581996	5.680058
0.487093	-0.318749	0.582117	5.703729
0.497140	-0.302972	0.582185	5.735862
0.505805	-0.288341	0.582219	5.765069
0.514915	-0.272237	0.582452	5.796840
0.522702	-0.257348	0.582620	5.825682
0.527458	-0.247315	0.582560	5.844741
0.533706	-0.234707	0.583034	5.868873
0.537627	-0.225339	0.582941	5.886292
0.543222	-0.212886	0.583447	5.909686
0.550313	-0.195451	0.583991	5.941919
0.556193	-0.179433	0.584420	5.971116
0.562204	-0.161823	0.585030	6.002924
0.567148	-0.145585	0.585535	6.031914
0.569464	-0.136332	0.585556	6.048204
0.573419	-0.122509	0.586359	6.072704
0.574968	-0.114491	0.586256	6.086631
0.578226	-0.101232	0.587021	6.109869
0.582112	-0.081989	0.587858	6.143257
0.584917	-0.064779	0.588493	6.172886
0.587601	-0.045504	0.589361	6.205899
0.589374	-0.028151	0.590046	6.235458
0.589716	-0.019891	0.590051	6.249469
0.591034	-0.005049	0.591055	6.274643
0.590661	-0.000058	0.590661	6.283087
0.591625	0.015654	0.591832	6.309639
0.591745	0.034882	0.592772	6.342064
0.591260	0.052371	0.593575	6.371530
0.590247	0.071403	0.594550	6.403572
0.588742	0.088760	0.595395	6.432821
0.587583	0.095623	0.595313	6.444511
0.586019	0.111944	0.596615	6.471935
0.584762	0.116733	0.596300	6.480220
0.582690	0.132671	0.597603	6.507056
0.579127	0.151971	0.598735	6.539813
0.575277	0.169457	0.599716	6.569649
0.570618	0.188240	0.600866	6.601832
0.565725	0.205530	0.601903	6.631662
0.563508	0.211178	0.601779	6.641742
0.558602	0.227943	0.603319	6.670621
0.556350	0.232992	0.603167	6.679782
0.551332	0.247900	0.604501	6.705738
0.544788	0.264545	0.605622	6.735241
0.537987	0.280556	0.606747	6.763879
0.530572	0.296682	0.607887	6.793044
0.522927	0.312206	0.609036	6.821422
0.517422	0.322351	0.609619	6.840340
0.509864	0.336496	0.610893	6.866540
0.504338	0.345607	0.611392	6.883956
0.496575	0.358714	0.612587	6.908772
0.487023	0.373577	0.613801	6.937517
0.477190	0.388042	0.615050	6.965913
0.466996	0.402088	0.616247	6.994036
0.456267	0.416143	0.617539	7.022623
0.450462	0.422903	0.617869	7.037039
0.439154	0.436939	0.619493	7.066055
0.434572	0.441545	0.619528	7.076542
0.422573	0.455353	0.621220	7.105904
0.411568	0.466783	0.622313	7.131363
0.398742	0.479685	0.623773	7.160469
0.387719	0.489929	0.624785	7.184519
0.374208	0.502187	0.626277	7.213588
0.363182	0.511409	0.627248	7.236470
0.348722	0.523304	0.628851	7.266175
0.337774	0.531511	0.629758	7.287869
0.323144	0.542347	0.631318	7.316638
0.311725	0.550070	0.632258	7.338407
0.296131	0.560483	0.633905	7.367913
0.285099	0.567116	0.634746	7.388162
0.269392	0.576520	0.636355	7.416857
0.257669	0.582864	0.637278	7.437738
0.241001	0.591794	0.638985	7.467252
0.229742	0.597147	0.639817	7.486705
0.213335	0.604925	0.641441	7.514936
0.201248	0.610024	0.642363	7.535323
0.183740	0.617326	0.644090	7.564693
0.173803	0.620828	0.644697	7.581016
0.155326	0.627596	0.646531	7.611363
0.140973	0.632121	0.647650	7.634557
0.121216	0.638115	0.649526	7.666258
0.107243	0.641678	0.650578	7.688384
0.087753	0.646457	0.652386	7.719062
0.072956	0.649434	0.653519	7.742112
0.052483	0.653303	0.655408	7.773818
0.038130	0.655369	0.656477	7.795866
0.018254	0.658017	0.658270	7.826248
0.006593	0.658999	0.659032	7.843978
-0.015968	0.660989	0.661182	7.878134
-0.026549	0.661288	0.661821	7.894107
-0.048376	0.662109	0.663874	7.926915
-0.059879	0.661920	0.664623	7.944198
-0.082751	0.661634	0.666788	7.978406
-0.093842	0.660878	0.667507	7.995035
-0.114996	0.659517	0.669468	8.026610
-0.130715	0.657831	0.670692	8.050132
-0.152639	0.655147	0.672693	8.082883
-0.165640	0.652928	0.673610	8.102428
-0.188422	0.648933	0.675735	8.136567
-0.202110	0.645861	0.676746	8.157259
-0.225619	0.640390	0.678972	8.192717
-0.237421	0.636980	0.679788	8.210759
-0.260450	0.630301	0.681993	8.245828
-0.273358	0.625900	0.682990	8.265758
-0.295223	0.618229	0.685101	8.299493
-0.307493	0.613291	0.686059	8.318734
-0.327196	0.605162	0.687952	8.349638
-0.340210	0.599173	0.689022	8.370388
-0.360673	0.589452	0.691041	8.403089
-0.376156	0.581397	0.692471	8.428235
-0.391462	0.572933	0.693898	8.453384
-0.404203	0.565321	0.694959	8.474703
-0.426935	0.551369	0.697339	8.512865
-0.438861	0.543237	0.698359	8.533499
-0.459524	0.528796	0.700562	8.569403
-0.471679	0.519461	0.701656	8.591208
-0.492857	0.502708	0.704005	8.629485
-0.504269	0.492795	0.705077	8.650886
-0.523023	0.476020	0.707212	8.686393
-0.536870	0.462708	0.708751	8.713437
-0.550371	0.448996	0.710285	8.740473
-0.562698	0.435765	0.711702	8.765830
-0.574709	0.422190	0.713116	8.791196
-0.587169	0.407364	0.714642	8.818241
-0.599246	0.392167	0.716164	8.845292
-0.610187	0.377592	0.717568	8.870640
-0.620770	0.362715	0.718970	8.895984
-0.630556	0.348067	0.720244	8.920401
-0.644634	0.325973	0.722365	8.956603
-0.655191	0.307949	0.723953	8.985406
-0.665238	0.289585	0.725535	9.014206
-0.675260	0.269923	0.727210	9.044503
-0.684689	0.249925	0.728877	9.074786
-0.693048	0.230690	0.730433	9.103451
-0.700859	0.211177	0.731983	9.132119
-0.707995	0.191789	0.733512	9.160237
-0.714586	0.172171	0.735034	9.188346
-0.720322	0.153335	0.736461	9.215038
-0.725554	0.134319	0.737883	9.241724
-0.730541	0.114058	0.739391	9.269900
-0.734953	0.093630	0.740893	9.298065
-0.738592	0.074088	0.742298	9.324803
-0.741704	0.054420	0.743698	9.351538
-0.744690	0.031253	0.745346	9.382835
-0.746941	0.007962	0.746983	9.414119
-0.748388	-0.014419	0.748527	9.444042
-0.749156	-0.036861	0.750062	9.473941
-0.749239	-0.060499	0.751677	9.505350
-0.748566	-0.084160	0.753282	9.536736
-0.747208	-0.106735	0.754793	9.566664
-0.745162	-0.129288	0.756295	9.596571
-0.742674	-0.150043	0.757679	9.624125
-0.739602	-0.170750	0.759057	9.651670
-0.736096	-0.190577	0.760366	9.678117
-0.732054	-0.210327	0.761669	9.704553
-0.727303	-0.230706	0.763017	9.731945
-0.721982	-0.250967	0.764358	9.759321
-0.716294	-0.270419	0.765640	9.785761
-0.710080	-0.289735	0.766916	9.812189
-0.702125	-0.312226	0.768417	9.843204
-0.693456	-0.334479	0.769908	9.874195
-0.684503	-0.355501	0.771314	9.903790
-0.674912	-0.376265	0.772711	9.933363
-0.664239	-0.397645	0.774167	9.964202
-0.652888	-0.418704	0.775613	9.995020
-0.641376	-0.438565	0.776982	10.024540
-0.629263	-0.458088	0.778342	10.054033
-0.617052	-0.476545	0.779647	10.082394
-0.604302	-0.494663	0.780944	10.110739
-0.591450	-0.511861	0.782186	10.138165
-0.578110	-0.528713	0.783421	10.165577
-0.563826	-0.545746	0.784690	10.193884
-0.549045	-0.562379	0.785952	10.222173
-0.534235	-0.578116	0.787163	10.249604
-0.518982	-0.593447	0.788367	10.277016
-0.501089	-0.610398	0.789731	10.308205
-0.482662	-0.626779	0.791085	10.339353
-0.464383	-0.642034	0.792375	10.369382
-0.445633	-0.656735	0.793656	10.399384
-0.425773	-0.671344	0.794975	10.430379
-0.405453	-0.685330	0.796285	10.461342
-0.385455	-0.698197	0.797530	10.491142
-0.365064	-0.710463	0.798768	10.520916
-0.345784	-0.721311	0.799910	10.548557
-0.326197	-0.731620	0.801044	10.576172
-0.306546	-0.741275	0.802159	10.603452
-0.286622	-0.750390	0.803266	10.630712
-0.266313	-0.759005	0.804370	10.658123
-0.245761	-0.767059	0.805467	10.685513
-0.225191	-0.774471	0.806546	10.712609
-0.204413	-0.781322	0.807619	10.739685
-0.181842	-0.788057	0.808765	10.768796
-0.159079	-0.794125	0.809902	10.797871
-0.136573	-0.799426	0.811008	10.826369
-0.113914	-0.804078	0.812107	10.854841
-0.090758	-0.808133	0.813213	10.883737
-0.067485	-0.811511	0.814312	10.912605
-0.044508	-0.814167	0.815383	10.940962
-0.021456	-0.816164	0.816446	10.969292
0.002373	-0.817531	0.817534	10.998477
0.026237	-0.818194	0.818615	11.027631
0.049733	-0.818157	0.819668	11.056286
0.073224	-0.817440	0.820713	11.084913
0.097116	-0.816009	0.821768	11.114030
0.120959	-0.813875	0.822814	11.143115
0.144423	-0.811080	0.823838	11.171790
0.167800	-0.807606	0.824854	11.200434
0.190462	-0.803570	0.825833	11.228299
0.213001	-0.798897	0.826805	11.256132
0.235181	-0.793648	0.827761	11.283660
0.257207	-0.787785	0.828711	11.311157
0.279104	-0.781296	0.829652	11.338678
0.300812	-0.774201	0.830587	11.366167
0.322210	-0.766546	0.831512	11.393491
0.343392	-0.758303	0.832431	11.420790
0.364417	-0.749442	0.833344	11.448162
0.385193	-0.740003	0.834253	11.475510
0.405759	-0.729965	0.835159	11.502906
0.426043	-0.719362	0.836059	11.530276
0.445824	-0.708313	0.836939	11.557344
0.465299	-0.696726	0.837813	11.584386
0.484533	-0.684561	0.838687	11.611517
0.503430	-0.671872	0.839556	11.638623
0.521124	-0.659283	0.840372	11.664459
0.538486	-0.646237	0.841183	11.690272
0.555907	-0.632419	0.842013	11.716675
0.572954	-0.618143	0.842839	11.743052
0.589092	-0.603882	0.843625	11.768575
0.604859	-0.589211	0.844407	11.794076
0.620727	-0.573659	0.845214	11.820359
0.636177	-0.557694	0.846016	11.846616
0.651689	-0.540768	0.846834	11.873724
0.666730	-0.523428	0.847647	11.900801
0.681387	-0.505566	0.848461	11.928031
0.695546	-0.487313	0.849269	11.955229
0.709096	-0.468814	0.850061	11.982201
0.722136	-0.449959	0.850848	12.009143
0.734720	-0.430661	0.851636	12.036192
0.746772	-0.411032	0.852418	12.063211
0.757772	-0.391986	0.853154	12.088988
0.768273	-0.372661	0.853885	12.114744
0.778569	-0.352474	0.854639	12.141257
0.788321	-0.332021	0.855388	12.167744
0.797155	-0.312156	0.856094	12.193138
0.805479	-0.292070	0.856797	12.218512
0.813565	-0.271040	0.857526	12.244784
0.821091	-0.249805	0.858250	12.271032
0.827735	-0.229381	0.858930	12.296036
0.833862	-0.208797	0.859606	12.321018
0.839674	-0.187289	0.860308	12.346913
0.844924	-0.165639	0.861007	12.372786
0.849411	-0.144795	0.861664	12.397529
0.853379	-0.123847	0.862318	12.422251
0.856945	-0.102029	0.862998	12.447867
0.859949	-0.080130	0.863674	12.473459
0.862246	-0.059512	0.864297	12.497460
0.864045	-0.038843	0.864918	12.521446
0.865397	-0.017209	0.865568	12.546488
0.866203	0.004450	0.866215	12.571508
0.866455	0.024878	0.866812	12.595076
0.866223	0.045309	0.867407	12.618630
0.865452	0.067027	0.868043	12.643663
0.864135	0.088715	0.868677	12.668676
0.862279	0.110212	0.869294	12.693496
0.859888	0.131653	0.869908	12.718296
0.856853	0.153783	0.870544	12.743954
0.853250	0.175822	0.871176	12.769587
0.849258	0.196846	0.871773	12.794135
0.844749	0.217765	0.872366	12.818664
0.839554	0.239256	0.872980	12.843991
0.833815	0.260604	0.873591	12.869295
0.827993	0.280286	0.874147	12.892775
0.821709	0.299827	0.874701	12.916241
0.814472	0.320597	0.875299	12.941369
0.806715	0.341174	0.875893	12.966477
0.799094	0.359967	0.876429	12.989615
0.791038	0.378579	0.876962	13.012740
0.781905	0.398373	0.877540	13.037581
0.772283	0.417930	0.878115	13.062403
0.763034	0.435629	0.878632	13.085131
0.753383	0.453114	0.879146	13.107848
0.742658	0.471517	0.879698	13.132061
0.731489	0.489652	0.880248	13.156257
0.720746	0.506200	0.880746	13.178657
0.709633	0.522503	0.881243	13.201047
0.697312	0.539714	0.881780	13.225050
0.684582	0.556621	0.882315	13.249037
0.672719	0.571630	0.882786	13.270708
0.660531	0.586380	0.883257	13.292371
0.646677	0.602399	0.883785	13.316335
0.632442	0.618079	0.884310	13.340283
0.619311	0.631881	0.884771	13.361815
0.605883	0.645398	0.885230	13.383338
0.590716	0.659996	0.885743	13.407104
0.575208	0.674227	0.886254	13.430855
0.560367	0.687214	0.886721	13.453095
0.545241	0.699867	0.887187	13.475323
0.528475	0.713249	0.887699	13.499489
0.511393	0.726219	0.888210	13.523637
0.495627	0.737612	0.888661	13.545526
0.479614	0.748658	0.889111	13.567406
0.461840	0.760334	0.889609	13.591312
0.443793	0.771579	0.890105	13.615202
0.427237	0.781368	0.890543	13.636798
0.410472	0.790796	0.890980	13.658387
0.392110	0.800591	0.891457	13.681732
0.373526	0.809952	0.891932	13.705063
0.356382	0.818102	0.892356	13.726335
0.339067	0.825885	0.892778	13.747599
0.320033	0.833944	0.893243	13.770740
0.300818	0.841558	0.893706	13.793868
0.282599	0.848303	0.894136	13.815596
0.264236	0.854649	0.894565	13.837314
0.245799	0.860574	0.894989	13.858953
0.227236	0.866098	0.895412	13.880582
0.208693	0.871181	0.895829	13.902046
0.190043	0.875865	0.896245	13.923501
0.171351	0.880132	0.896657	13.944885
0.152569	0.883998	0.897067	13.966261
0.133783	0.887446	0.897473	13.987543
0.114925	0.890492	0.897878	14.008818
0.096060	0.893127	0.898278	14.030024
0.077142	0.895360	0.898677	14.051222
0.058222	0.897185	0.899072	14.072364
0.039266	0.898609	0.899467	14.093499
0.020355	0.899626	0.899856	14.114545
0.001425	0.900244	0.900245	14.135585
-0.017821	0.900462	0.900639	14.156956
-0.037069	0.900269	0.901032	14.178319
-0.056235	0.899665	0.901421	14.199592
-0.075385	0.898654	0.901810	14.220858
-0.094357	0.897246	0.902194	14.241945
-0.113297	0.895438	0.902577	14.263026
-0.132127	0.893237	0.902957	14.284021
-0.150908	0.890641	0.903336	14.305010
-0.169449	0.887681	0.903709	14.325787
-0.187927	0.884335	0.904083	14.346559
-0.206271	0.880617	0.904453	14.367254
-0.224536	0.876520	0.904822	14.387942
-0.242586	0.872076	0.905187	14.408479
-0.260543	0.867261	0.905552	14.429010
-0.278344	0.862092	0.905913	14.449471
-0.296037	0.856560	0.906274	14.469927
-0.313341	0.850760	0.906628	14.490057
-0.330527	0.844611	0.906982	14.510183
-0.347541	0.838134	0.907333	14.530248
-0.364424	0.831315	0.907684	14.550308
-0.381063	0.824202	0.908030	14.570237
-0.397559	0.816758	0.908376	14.590160
-0.413864	0.809004	0.908719	14.610030
-0.430015	0.800925	0.909062	14.629895
-0.446052	0.792497	0.909403	14.649818
-0.461920	0.783749	0.909743	14.669735
-0.477559	0.774716	0.910081	14.689581
-0.493018	0.765372	0.910418	14.709422
-0.508219	0.755766	0.910751	14.729167
-0.523230	0.745859	0.911085	14.748908
-0.537996	0.735689	0.911415	14.768580
-0.552561	0.725228	0.911745	14.788249
-0.566922	0.714477	0.912074	14.807918
-0.581071	0.703444	0.912402	14.827584
-0.594959	0.692168	0.912728	14.847184
-0.608625	0.680618	0.913053	14.866782
-0.621959	0.668895	0.913375	14.886221
-0.635063	0.656913	0.913696	14.905655
-0.647897	0.644710	0.914014	14.925030
-0.660493	0.632260	0.914332	14.944401
-0.672744	0.619672	0.914646	14.963607
-0.684753	0.606848	0.914960	14.982809
-0.696483	0.593829	0.915271	15.001956
-0.707963	0.580585	0.915582	15.021099
-0.719107	0.567220	0.915889	15.040099
-0.729996	0.553643	0.916196	15.059096
-0.740601	0.539892	0.916500	15.078044
-0.750945	0.525939	0.916805	15.096989
-0.760970	0.511868	0.917106	15.115828
-0.770730	0.497607	0.917408	15.134665
-0.780201	0.483190	0.917707	15.153462
-0.789401	0.468595	0.918006	15.172257
-0.798291	0.453883	0.918302	15.190976
-0.806906	0.439004	0.918598	15.209693
-0.815217	0.424007	0.918891	15.228353
-0.823249	0.408854	0.919185	15.247011
-0.831032	0.393474	0.919476	15.265759
-0.838527	0.377948	0.919768	15.284504
-0.845710	0.362324	0.920057	15.303194
-0.852601	0.346567	0.920346	15.321882
-0.859153	0.330787	0.920632	15.340441
-0.865413	0.314886	0.920919	15.358998
-0.871361	0.298910	0.921204	15.377504
-0.877014	0.282823	0.921489	15.396009
-0.882267	0.266950	0.921769	15.414148
-0.887232	0.250982	0.922048	15.432284
-0.891896	0.234961	0.922326	15.450376
-0.896270	0.218855	0.922603	15.468466
-0.900327	0.202774	0.922879	15.486437
-0.904095	0.186621	0.923155	15.504405
-0.907564	0.170436	0.923429	15.522330
-0.910743	0.154189	0.923703	15.540253
-0.913613	0.137989	0.923975	15.558059
-0.916195	0.121738	0.924247	15.575863
-0.918482	0.105473	0.924518	15.593630
-0.920480	0.089166	0.924789	15.611395
-0.922179	0.072917	0.925058	15.629057
-0.923592	0.056636	0.925327	15.646718
-0.924714	0.040357	0.925594	15.664348
-0.925550	0.024057	0.925862	15.681977
-0.926100	0.007653	0.926132	15.699699
-0.926360	-0.008761	0.926401	15.717420
-0.926329	-0.025146	0.926670	15.735102
-0.926008	-0.041531	0.926938	15.752783
-0.925395	-0.057925	0.927206	15.770476
-0.924492	-0.074308	0.927474	15.788168
-0.923302	-0.090640	0.927740	15.805820
-0.921823	-0.106953	0.928007	15.823470
-0.920057	-0.123226	0.928272	15.841104
-0.918003	-0.139469	0.928537	15.858737
-0.915667	-0.155644	0.928801	15.876333
-0.913047	-0.171779	0.929065	15.893928
-0.910157	-0.187790	0.929328	15.911435
-0.906986	-0.203752	0.929590	15.928942
-0.903541	-0.219632	0.929852	15.946417
-0.899819	-0.235453	0.930114	15.963892
-0.895950	-0.250711	0.930367	15.980812
-0.891823	-0.265906	0.930620	15.997731
-0.887446	-0.281003	0.930872	16.014618
-0.882813	-0.296029	0.931124	16.031504
-0.877949	-0.310911	0.931375	16.048316
-0.872833	-0.325714	0.931626	16.065127
-0.867477	-0.340408	0.931876	16.081911
-0.861872	-0.355014	0.932126	16.098695
-0.856069	-0.369415	0.932374	16.115347
-0.850025	-0.383720	0.932621	16.131999
-0.843749	-0.397908	0.932868	16.148630
-0.837236	-0.411994	0.933115	16.165261
-0.830507	-0.425936	0.933361	16.181848
-0.823545	-0.439768	0.933607	16.198435
-0.816359	-0.453473	0.933852	16.215005
-0.808946	-0.467060	0.934098	16.231575
-0.801229	-0.480659	0.934345	16.248310
-0.793284	-0.494130	0.934593	16.265045
-0.785126	-0.507446	0.934839	16.281750
-0.776745	-0.520628	0.935086	16.298456
-0.768090	-0.533747	0.935333	16.315260
-0.759213	-0.546722	0.935580	16.332063
-0.750131	-0.559530	0.935827	16.348842
-0.740833	-0.572187	0.936073	16.365619
-0.731381	-0.584612	0.936317	16.382293
-0.721721	-0.596881	0.936561	16.398967
-0.711866	-0.608976	0.936805	16.415621
-0.701808	-0.620907	0.937049	16.432275
-0.691596	-0.632622	0.937292	16.448856
-0.681189	-0.644168	0.937534	16.465436
-0.670598	-0.655533	0.937777	16.482002
-0.659818	-0.666723	0.938019	16.498567
-0.649169	-0.677422	0.938254	16.514655
-0.638347	-0.687950	0.938489	16.530744
-0.627369	-0.698290	0.938723	16.546809
-0.616225	-0.708455	0.938958	16.562874
-0.604935	-0.718425	0.939192	16.578911
-0.593485	-0.728214	0.939426	16.594947
-0.581889	-0.737810	0.939659	16.610965
-0.570138	-0.747222	0.939892	16.626984
-0.546427	-0.765299	0.940354	16.658696
-0.522160	-0.782615	0.940817	16.690389
-0.497322	-0.799177	0.941283	16.722110
-0.471982	-0.814940	0.941750	16.753803
-0.446034	-0.829960	0.942221	16.785629
-0.419636	-0.844143	0.942694	16.817423
-0.406154	-0.850976	0.942932	16.833452
-0.392562	-0.857594	0.943171	16.849481
-0.378870	-0.863991	0.943411	16.865500
-0.365075	-0.870170	0.943651	16.881519
-0.351276	-0.876089	0.943890	16.897427
-0.337381	-0.881790	0.944128	16.913335
-0.323395	-0.887270	0.944369	16.929241
-0.309321	-0.892528	0.944609	16.945146
-0.295171	-0.897561	0.944850	16.961041
-0.280939	-0.902370	0.945092	16.976936
-0.266636	-0.906952	0.945335	16.992824
-0.252258	-0.911308	0.945577	17.008713
-0.224019	-0.919148	0.946054	17.039696
-0.195564	-0.926108	0.946531	17.070649
-0.166873	-0.932195	0.947013	17.101625
-0.138008	-0.937392	0.947496	17.132584
-0.109384	-0.941643	0.947975	17.163115
-0.080626	-0.945023	0.948456	17.193650
-0.051576	-0.947540	0.948942	17.224381
-0.022459	-0.949165	0.949431	17.255102
0.006644	-0.949896	0.949919	17.285754
0.035765	-0.949737	0.950410	17.316399
0.065186	-0.948671	0.950907	17.347364
0.094588	-0.946695	0.951408	17.378343
0.123675	-0.943839	0.951907	17.409052
0.152713	-0.940086	0.952409	17.439799
0.181719	-0.935429	0.952916	17.470632
0.210588	-0.929877	0.953425	17.501472
0.238799	-0.923555	0.953928	17.531783
0.266803	-0.916383	0.954433	17.562075
0.294766	-0.908311	0.954943	17.592558
0.322483	-0.899387	0.955454	17.623038
0.349570	-0.889756	0.955963	17.653115
0.376390	-0.879301	0.956472	17.683216
0.402844	-0.868061	0.956981	17.713255
0.428973	-0.856021	0.957492	17.743306
0.454874	-0.843128	0.958006	17.773512
0.480399	-0.829446	0.958521	17.803730
0.505488	-0.815006	0.959038	17.833918
0.530175	-0.799789	0.959556	17.864146
0.554385	-0.783840	0.960077	17.894346
0.578181	-0.767119	0.960606	17.924627
0.601509	-0.749660	0.961147	17.954948
0.624358	-0.731462	0.961696	17.985326
0.646602	-0.712630	0.962256	18.015618
0.668260	-0.693148	0.962821	18.045879
0.689262	-0.673085	0.963392	18.076032
0.709660	-0.652397	0.963970	18.106175
0.729311	-0.631245	0.964555	18.136111
0.748355	-0.609487	0.965147	18.166075
0.766749	-0.587166	0.965747	18.196028
0.784515	-0.564252	0.966356	18.226036
0.801599	-0.540810	0.966973	18.256037
0.818003	-0.516840	0.967601	18.286059
0.833691	-0.492389	0.968239	18.316067
0.848694	-0.467405	0.968891	18.346149
0.862965	-0.441960	0.969555	18.376243
0.876556	-0.415939	0.970234	18.406503
0.889459	-0.389321	0.970932	18.436973
0.901679	-0.362034	0.971645	18.467748
0.907511	-0.348170	0.972008	18.483221
0.913130	-0.334211	0.972370	18.498693
0.918528	-0.320176	0.972732	18.514151
0.923710	-0.306054	0.973093	18.529608
0.928661	-0.291888	0.973453	18.545023
0.933395	-0.277642	0.973813	18.560437
0.937907	-0.263325	0.974171	18.575844
0.942199	-0.248936	0.974530	18.591251
0.950084	-0.220088	0.975243	18.621920
0.957088	-0.190971	0.975954	18.652609
0.963195	-0.161632	0.976662	18.683296
0.965918	-0.146837	0.977015	18.698693
0.968414	-0.131995	0.977368	18.714090
0.972698	-0.102345	0.978067	18.744724
0.976066	-0.072623	0.978764	18.775289
0.978517	-0.042917	0.979457	18.805724
0.980061	-0.013196	0.980150	18.836093
0.980740	0.016449	0.980878	18.866326
0.980581	0.046214	0.981669	18.896650
0.980193	0.061249	0.982104	18.911962
0.979574	0.076284	0.982540	18.927274
0.978732	0.091776	0.983026	18.943053
0.977645	0.107260	0.983512	18.958832
0.976293	0.123179	0.984033	18.975063
0.974681	0.139080	0.984553	18.991292
0.972814	0.154930	0.985074	19.007489
0.970690	0.170754	0.985594	19.023684
0.968318	0.186494	0.986113	19.039822
0.965691	0.202200	0.986633	19.055958
0.962816	0.217839	0.987152	19.072062
0.959688	0.233436	0.987671	19.088164
0.956327	0.248911	0.988189	19.104184
0.952716	0.264336	0.988707	19.120204
0.948865	0.279680	0.989225	19.136191
0.944767	0.294966	0.989742	19.152177
0.940433	0.310161	0.990259	19.168130
0.935843	0.325323	0.990776	19.184114
0.930954	0.340566	0.991292	19.200258
0.925817	0.355734	0.991809	19.216401
