time = 4.8499	Re = 1	40	80
0.154738	0.140001	0.208672	0.735439
0.170135	0.134898	0.217126	0.670389
0.185433	0.128390	0.225543	0.605594
0.209219	0.120509	0.241444	0.522580
0.228536	0.117728	0.257077	0.475687
0.244736	0.120366	0.272734	0.457083
0.258390	0.128439	0.288552	0.461303
0.269478	0.142015	0.304609	0.485014
0.277919	0.160658	0.321014	0.524142
0.283459	0.184026	0.337956	0.575825
0.285744	0.211823	0.355694	0.637912
0.285500	0.227651	0.365151	0.673139
0.284402	0.243800	0.374597	0.708682
0.282288	0.261650	0.384899	0.747474
0.279127	0.279880	0.395278	0.786746
0.274844	0.299650	0.406607	0.828551
0.269720	0.319740	0.418310	0.870053
0.263346	0.341913	0.431574	0.914484
0.256083	0.364409	0.445390	0.958238
0.247476	0.389247	0.461256	1.004480
0.237956	0.415175	0.478532	1.050356
0.232556	0.429527	0.488442	1.074561
0.226551	0.443834	0.498312	1.098831
0.220701	0.459297	0.509572	1.122854
0.214109	0.474825	0.520866	1.147176
0.207169	0.492798	0.534574	1.172834
0.199662	0.510862	0.548493	1.198217
0.191097	0.531204	0.564532	1.225468
0.182192	0.552178	0.581459	1.252092
0.171036	0.577105	0.601916	1.282674
0.158225	0.604015	0.624395	1.314597
0.150228	0.619935	0.637878	1.333050
0.141044	0.635843	0.651298	1.352509
0.130572	0.654321	0.667222	1.373830
0.110822	0.676895	0.685907	1.408515
0.089011	0.685482	0.691237	1.441668
0.067879	0.692293	0.695613	1.473059
0.049716	0.694532	0.696309	1.499336
0.026599	0.698499	0.699005	1.532734
0.009909	0.697954	0.698024	1.556601
-0.015423	0.698048	0.698218	1.592887
-0.030335	0.695549	0.696210	1.614381
-0.056687	0.690189	0.692513	1.652745
-0.069223	0.683821	0.687316	1.671682
-0.088520	0.672478	0.678279	1.701677
-0.096120	0.665666	0.672570	1.714201
-0.109947	0.656878	0.666015	1.736637
-0.116536	0.651086	0.661433	1.747907
-0.129557	0.642772	0.655699	1.769692
-0.137371	0.636810	0.651459	1.783258
-0.147342	0.630415	0.647405	1.800398
-0.153476	0.625295	0.643855	1.811485
-0.165906	0.617765	0.639655	1.833164
-0.173808	0.612173	0.636368	1.847436
-0.184123	0.605829	0.633190	1.865846
-0.191362	0.600572	0.630322	1.879259
-0.200707	0.594704	0.627660	1.896283
-0.218494	0.583560	0.623123	1.929055
-0.234517	0.572860	0.619004	1.959361
-0.252788	0.561415	0.615702	1.993874
-0.267526	0.551377	0.612852	2.022531
-0.285317	0.539968	0.610714	2.056903
-0.300121	0.529549	0.608683	2.086407
-0.317660	0.517685	0.607376	2.121169
-0.331553	0.507450	0.606163	2.149538
-0.348391	0.495466	0.605693	2.183639
-0.361721	0.485020	0.605050	2.211595
-0.378368	0.472389	0.605238	2.246126
-0.390502	0.462213	0.605089	2.272295
-0.406950	0.448941	0.605935	2.307173
-0.418295	0.438635	0.606111	2.332463
-0.434102	0.424800	0.607371	2.367023
-0.444865	0.414343	0.607935	2.391704
-0.460183	0.399943	0.609691	2.426117
-0.470462	0.389130	0.610538	2.450531
-0.484352	0.374832	0.612451	2.482980
-0.495207	0.362751	0.613855	2.509370
-0.508006	0.348360	0.615975	2.540501
-0.517744	0.336393	0.617429	2.565409
-0.529220	0.322160	0.619565	2.594768
-0.539805	0.308417	0.621699	2.622507
-0.549924	0.294446	0.623791	2.650005
-0.559370	0.280808	0.625898	2.676341
-0.568427	0.266912	0.627974	2.702590
-0.577769	0.252182	0.630407	2.730043
-0.586657	0.237198	0.632795	2.757366
-0.594591	0.223048	0.635050	2.782709
-0.602153	0.208677	0.637287	2.807993
-0.609874	0.193488	0.639831	2.834379
-0.617173	0.178092	0.642354	2.860664
-0.623715	0.163389	0.644761	2.885389
-0.629891	0.148491	0.647157	2.910079
-0.636225	0.132500	0.649876	2.936267
-0.642144	0.116224	0.652577	2.962537
-0.647095	0.101370	0.654987	2.986201
-0.651698	0.086356	0.657395	3.009852
-0.656440	0.070013	0.660163	3.035339
-0.660756	0.053515	0.662919	3.060778
-0.664386	0.038001	0.665472	3.084457
-0.667647	0.022356	0.668022	3.108120
-0.670857	0.005376	0.670878	3.133579
-0.673623	-0.011819	0.673727	3.159136
-0.675682	-0.027256	0.676232	3.181909
-0.677388	-0.042788	0.678738	3.204676
-0.678983	-0.059812	0.681612	3.229456
-0.680150	-0.076921	0.684485	3.254208
-0.680840	-0.092883	0.687147	3.277179
-0.681159	-0.108911	0.689811	3.300142
-0.681134	-0.126323	0.692749	3.324968
-0.680663	-0.143804	0.695688	3.349801
-0.679852	-0.159751	0.698369	3.372385
-0.678672	-0.175731	0.701054	3.394962
-0.677103	-0.192490	0.703933	3.418569
-0.675130	-0.209266	0.706818	3.442165
-0.672782	-0.226135	0.709769	3.465849
-0.669993	-0.243088	0.712729	3.489644
-0.666804	-0.259676	0.715583	3.512956
-0.663218	-0.276247	0.718450	3.536264
-0.659391	-0.292559	0.721379	3.559178
-0.655172	-0.308841	0.724315	3.582091
-0.650650	-0.324723	0.727180	3.604500
-0.645755	-0.340566	0.730058	3.626913
-0.640308	-0.357037	0.733123	3.650253
-0.634425	-0.373502	0.736205	3.673680
-0.628205	-0.389662	0.739241	3.696790
-0.621584	-0.405753	0.742295	3.719914
-0.614778	-0.421450	0.745367	3.742542
-0.607590	-0.437071	0.748462	3.765188
-0.600106	-0.452400	0.751527	3.787564
-0.592205	-0.467685	0.754610	3.810044
-0.583613	-0.483477	0.757862	3.833424
-0.574612	-0.499165	0.761147	3.856843
-0.565295	-0.514558	0.764413	3.880040
-0.555559	-0.529828	0.767700	3.903288
-0.545756	-0.544597	0.770996	3.925928
-0.535538	-0.559261	0.774321	3.948656
-0.524902	-0.573775	0.777650	3.971445
-0.513840	-0.588177	0.781015	3.994344
-0.502016	-0.602878	0.784527	4.018025
-0.489730	-0.617420	0.788063	4.041816
-0.477085	-0.631688	0.791606	4.065533
-0.463975	-0.645792	0.795186	4.089381
-0.450789	-0.659389	0.798752	4.112723
-0.437112	-0.672817	0.802340	4.136243
-0.422827	-0.686139	0.805958	4.160113
-0.408042	-0.699241	0.809590	4.184153
-0.392501	-0.712339	0.813317	4.208776
-0.376427	-0.725170	0.817049	4.233588
-0.359893	-0.737662	0.820773	4.258482
-0.342779	-0.749858	0.824491	4.283625
-0.325466	-0.761509	0.828145	4.308491
-0.307582	-0.772799	0.831760	4.333599
-0.288884	-0.783813	0.835354	4.359274
-0.269629	-0.794363	0.838876	4.385163
-0.249798	-0.804434	0.842326	4.411303
-0.229435	-0.813970	0.845688	4.437646
-0.208605	-0.822891	0.848920	4.464117
-0.187296	-0.831156	0.851997	4.490747
-0.165887	-0.838687	0.854935	4.517116
-0.144172	-0.845501	0.857705	4.543497
-0.121832	-0.851630	0.860300	4.570296
-0.099346	-0.856990	0.862730	4.596980
-0.077078	-0.861524	0.864965	4.623159
-0.054767	-0.865310	0.867042	4.649182
-0.032542	-0.868368	0.868978	4.674932
-0.010438	-0.870727	0.870790	4.700402
0.011436	-0.872448	0.872523	4.725496
0.033021	-0.873540	0.874164	4.750172
0.054551	-0.874021	0.875721	4.774722
0.075769	-0.873951	0.877230	4.798869
0.096134	-0.873378	0.878652	4.822019
0.116125	-0.872357	0.880052	4.844727
0.135758	-0.870935	0.881453	4.867021
0.155051	-0.869150	0.882872	4.888926
0.174086	-0.867033	0.884337	4.910538
0.192796	-0.864610	0.885845	4.931786
0.211194	-0.861896	0.887393	4.952688
0.229198	-0.858944	0.888998	4.973150
0.246492	-0.855816	0.890606	4.992819
0.263476	-0.852493	0.892280	5.012141
0.280133	-0.848973	0.893997	5.031107
0.296560	-0.845265	0.895779	5.049820
0.312732	-0.841386	0.897626	5.068252
0.328701	-0.837336	0.899543	5.086462
0.344503	-0.833077	0.901499	5.104505
0.360121	-0.828648	0.903518	5.122353
0.375168	-0.824175	0.905547	5.139562
0.389963	-0.819597	0.907640	5.156488
0.404450	-0.814902	0.909750	5.173086
0.418811	-0.810063	0.911923	5.189552
0.432890	-0.805125	0.914123	5.205715
0.446894	-0.800025	0.916381	5.221811
0.460727	-0.794765	0.918652	5.237750
0.474485	-0.789322	0.920959	5.253639
0.487891	-0.783821	0.923262	5.269154
0.501218	-0.778170	0.925618	5.284605
0.526951	-0.766745	0.930363	5.314512
0.551899	-0.754971	0.935186	5.343632
0.576447	-0.742583	0.940064	5.372493
0.600415	-0.729718	0.944980	5.400881
0.623649	-0.716539	0.949930	5.428587
0.645882	-0.703328	0.954900	5.455235
0.667750	-0.689566	0.959891	5.481716
0.689132	-0.675370	0.964898	5.507873
0.710013	-0.660771	0.969916	5.533694
0.729678	-0.646563	0.974922	5.558107
0.748999	-0.631881	0.979935	5.582399
0.767870	-0.616857	0.984955	5.606414
0.786359	-0.601410	0.989977	5.630278
