time = 19.5999	Re = 1	40	80
0.148339	0.136363	0.201493	0.743357
0.160300	0.124582	0.203019	0.660670
0.172873	0.109783	0.204786	0.565795
0.184271	0.093446	0.206611	0.469321
0.193652	0.077491	0.208581	0.380643
0.201570	0.060898	0.210568	0.293399
0.207709	0.045475	0.212629	0.215535
0.212656	0.029509	0.214694	0.137881
0.216370	0.013573	0.216795	0.062649
0.218883	-0.002737	0.218900	-0.012504
0.220170	-0.018919	0.220981	-0.085719
0.220265	-0.035301	0.223075	-0.158916
0.218430	-0.062372	0.227160	-0.278145
0.213788	-0.088580	0.231412	-0.392801
0.209018	-0.109296	0.235869	-0.481800
0.202366	-0.129859	0.240448	-0.570521
0.196550	-0.146372	0.245065	-0.640105
0.189473	-0.162688	0.249735	-0.709487
0.177417	-0.189357	0.259486	-0.817942
0.172203	-0.206650	0.268995	-0.876073
0.167381	-0.222697	0.278586	-0.926267
0.180863	-0.233595	0.295429	-0.911949
0.195764	-0.230541	0.302445	-0.866794
0.210720	-0.226604	0.309439	-0.821704
0.229044	-0.216566	0.315218	-0.757405
0.248085	-0.203406	0.320812	-0.686759
0.268603	-0.183573	0.325341	-0.599522
0.286895	-0.162465	0.329702	-0.515261
0.295731	-0.149835	0.331523	-0.468962
0.304035	-0.136672	0.333342	-0.422459
0.311935	-0.121915	0.334914	-0.372581
0.319101	-0.106745	0.336482	-0.322818
0.325372	-0.090718	0.337782	-0.271909
0.330819	-0.074377	0.339077	-0.221151
0.334979	-0.058507	0.340050	-0.172916
0.338371	-0.042436	0.341022	-0.124760
0.340634	-0.025757	0.341606	-0.075472
0.341979	-0.009088	0.342100	-0.026567
0.342057	0.006565	0.342120	0.019190
0.341310	0.022114	0.342025	0.064702
0.339361	0.037505	0.341427	0.110069
0.336451	0.052452	0.340515	0.154653
0.332673	0.066406	0.339236	0.197022
0.328068	0.079959	0.337671	0.239066
0.322219	0.094207	0.335709	0.284441
0.315392	0.107525	0.333218	0.328568
0.307850	0.120843	0.330718	0.374059
0.299262	0.133489	0.327684	0.419573
0.288579	0.148720	0.324646	0.475854
0.276767	0.163447	0.321427	0.533447
0.262573	0.180283	0.318507	0.601677
0.246903	0.197556	0.316211	0.674824
0.227778	0.218138	0.315384	0.763783
0.206920	0.239267	0.316329	0.857767
0.195553	0.252938	0.319717	0.912658
0.183296	0.266444	0.323403	0.968212
0.171924	0.280397	0.328908	1.020769
0.160067	0.294553	0.335235	1.073017
0.147305	0.317102	0.349647	1.135921
0.137310	0.340955	0.367566	1.187947
0.132213	0.355229	0.379036	1.214490
0.126739	0.369944	0.391051	1.240738
0.122643	0.385795	0.404820	1.263002
0.118163	0.401613	0.418635	1.284649
0.115756	0.428321	0.443688	1.306846
0.114533	0.455008	0.469202	1.324203
0.112841	0.469908	0.483267	1.335124
0.110835	0.484825	0.497332	1.346051
0.103971	0.510757	0.521232	1.369977
0.100974	0.529481	0.539023	1.382355
0.098074	0.549866	0.558544	1.394292
0.096568	0.573045	0.581125	1.403847
0.095921	0.592512	0.600226	1.410300
0.097674	0.615542	0.623243	1.413429
0.099472	0.627974	0.635803	1.413701
0.101310	0.639655	0.647628	1.413719
0.102448	0.646847	0.654910	1.413720
0.099640	0.661304	0.668768	1.421249
0.073904	0.676577	0.680601	1.461996
0.087699	0.667238	0.672977	1.440110
0.072789	0.671400	0.675334	1.462805
0.052999	0.679218	0.681283	1.492925
0.080376	0.666989	0.671815	1.450870
0.087035	0.669291	0.674926	1.441482
0.095777	0.659318	0.666238	1.426538
0.081353	0.664723	0.669683	1.449015
0.061379	0.674238	0.677026	1.480012
0.037201	0.680925	0.681941	1.516217
0.056080	0.675814	0.678137	1.488004
0.071881	0.669742	0.673589	1.463879
0.091516	0.659064	0.665387	1.432821
0.099814	0.664326	0.671783	1.421664
0.087506	0.666999	0.672715	1.440347
0.095573	0.670384	0.677162	1.429186
0.096670	0.651504	0.658637	1.423492
0.088041	0.660408	0.666251	1.438264
0.075868	0.666968	0.671269	1.457533
0.057826	0.675637	0.678107	1.485417
0.037891	0.679375	0.680431	1.515081
0.017512	0.681755	0.681980	1.545115
0.033130	0.679930	0.680737	1.522110
0.048689	0.677686	0.679433	1.499074
0.074970	0.668070	0.672263	1.459045
0.094883	0.653598	0.660449	1.426633
0.098715	0.650471	0.657919	1.420187
0.095109	0.663069	0.669856	1.428331
0.069367	0.676354	0.679902	1.468593
0.087328	0.669536	0.675207	1.441097
0.072994	0.674190	0.678130	1.462948
0.058282	0.679072	0.681569	1.485180
0.072532	0.673073	0.676970	1.463448
0.086482	0.666939	0.672523	1.441846
0.099561	0.665274	0.672682	1.422245
0.098048	0.644604	0.652018	1.419848
0.096501	0.648059	0.655205	1.422975
0.094018	0.649009	0.655783	1.426934
0.091076	0.653314	0.659632	1.432283
0.075807	0.667695	0.671985	1.457746
0.058100	0.674879	0.677375	1.484918
0.032988	0.679737	0.680537	1.522304
0.016956	0.680769	0.680981	1.545894
0.000978	0.681354	0.681355	1.569361
0.025524	0.680312	0.680790	1.533296
0.041198	0.678461	0.679711	1.510148
0.056494	0.676180	0.678536	1.487442
0.070263	0.669337	0.673014	1.466206
0.083454	0.662298	0.667535	1.445451
0.090975	0.656028	0.662306	1.432999
0.095347	0.652009	0.658944	1.425590
0.097070	0.644605	0.651873	1.421331
0.099748	0.645862	0.653520	1.417566
0.095744	0.658689	0.665611	1.426452
0.078694	0.674077	0.678655	1.454580
0.092953	0.665924	0.672380	1.432108
0.081937	0.665881	0.670903	1.448361
0.058202	0.677085	0.679582	1.485048
0.072834	0.671828	0.675764	1.462807
0.087108	0.666729	0.672396	1.440882
0.084189	0.664191	0.669505	1.444714
0.062605	0.674461	0.677360	1.478239
0.037397	0.681494	0.682520	1.515976
0.055180	0.676556	0.678802	1.489416
0.070540	0.670844	0.674542	1.466030
0.092194	0.660854	0.667254	1.432183
0.088676	0.669499	0.675347	1.439112
0.068041	0.676557	0.679969	1.470564
0.092863	0.664284	0.670744	1.431903
0.099040	0.653584	0.661046	1.420406
0.097542	0.640260	0.647648	1.419611
0.096557	0.641626	0.648851	1.421429
0.093915	0.639985	0.646839	1.425090
0.092773	0.641058	0.647736	1.427076
0.095332	0.652954	0.659877	1.425820
0.080920	0.664634	0.669542	1.449641
0.057482	0.675090	0.677533	1.485854
0.042063	0.677835	0.679139	1.508821
0.026155	0.680112	0.680614	1.532358
0.007971	0.680677	0.680724	1.559086
-0.020763	0.680328	0.680645	1.601306
0.002445	0.680690	0.680694	1.567204
0.017503	0.680497	0.680722	1.545082
0.043436	0.678214	0.679604	1.506840
0.068287	0.671607	0.675070	1.469467
0.089879	0.655736	0.661867	1.434580
0.092853	0.650117	0.656714	1.428931
0.093768	0.646111	0.652880	1.426676
0.094360	0.643402	0.650284	1.425176
0.096841	0.643723	0.650966	1.421477
0.096427	0.639301	0.646533	1.421093
0.099842	0.643193	0.650896	1.416797
0.100336	0.666940	0.674445	1.421475
0.094076	0.666609	0.673214	1.430596
0.080612	0.666287	0.671145	1.450395
0.080692	0.670879	0.675715	1.451093
0.100208	0.664312	0.671828	1.421080
0.094640	0.657783	0.664556	1.427900
0.087784	0.660963	0.666767	1.438757
0.074846	0.668050	0.672230	1.459226
0.060861	0.675247	0.677984	1.480908
0.086771	0.662020	0.667682	1.440469
0.095205	0.660006	0.666837	1.427536
0.088010	0.669787	0.675545	1.440145
0.099590	0.659126	0.666607	1.420837
0.084127	0.663162	0.668476	1.444613
0.068087	0.670870	0.674316	1.469652
0.049789	0.677969	0.679795	1.497489
0.030706	0.680596	0.681288	1.525710
0.012003	0.682348	0.682454	1.553207
0.039231	0.679530	0.680661	1.513128
0.064814	0.673208	0.676321	1.474816
0.088735	0.659372	0.665316	1.437026
0.094425	0.656112	0.662872	1.427862
0.099732	0.666739	0.674157	1.422316
0.085167	0.666978	0.672393	1.443793
0.057105	0.677472	0.679875	1.486704
0.081680	0.665717	0.670709	1.448712
0.094488	0.664546	0.671229	1.429558
0.081654	0.672709	0.677646	1.450006
0.092135	0.660755	0.667147	1.432251
0.100779	0.649013	0.656791	1.416746
0.096966	0.636623	0.643965	1.419645
0.095941	0.637136	0.644319	1.421337
0.092948	0.633934	0.640712	1.425212
0.092337	0.634664	0.641346	1.426321
0.097223	0.646436	0.653706	1.421517
0.094399	0.645676	0.652540	1.425623
0.091710	0.657444	0.663809	1.432196
0.082417	0.662973	0.668076	1.447116
0.055731	0.675838	0.678132	1.488520
0.034787	0.678853	0.679743	1.519598
0.015186	0.680414	0.680583	1.548481
0.000078	0.680420	0.680420	1.570682
-0.026084	0.679791	0.680292	1.609148
-0.045146	0.673784	0.675295	1.637700
-0.046935	0.666099	0.667750	1.641142
-0.047558	0.671503	0.673185	1.641501
-0.034384	0.678133	0.679004	1.621456
-0.011395	0.680256	0.680351	1.587545
0.008860	0.680484	0.680542	1.557777
0.037575	0.678972	0.680011	1.515512
0.065835	0.671990	0.675207	1.473137
0.086129	0.661857	0.667437	1.441391
0.093048	0.646420	0.653082	1.427835
0.093548	0.643438	0.650202	1.426419
0.093212	0.640588	0.647334	1.426300
0.093058	0.638115	0.644865	1.425985
0.093518	0.636578	0.643410	1.424932
0.096170	0.638603	0.645804	1.421325
0.095855	0.635108	0.642301	1.421000
0.099868	0.641626	0.649351	1.416388
0.102344	0.660531	0.668413	1.417076
0.089605	0.667715	0.673701	1.437398
0.074857	0.672702	0.676855	1.459974
0.058819	0.679209	0.681751	1.484413
0.073026	0.673256	0.677205	1.462751
0.086947	0.667163	0.672805	1.441203
0.100882	0.663593	0.671217	1.419928
0.094945	0.665071	0.671814	1.428996
0.067640	0.676519	0.679892	1.471146
0.087563	0.668723	0.674432	1.440596
0.102063	0.664821	0.672610	1.418466
0.094579	0.655725	0.662511	1.427549
0.086658	0.673725	0.679275	1.442874
0.085702	0.666521	0.672008	1.442917
0.102795	0.664151	0.672059	1.417238
0.097841	0.648433	0.655773	1.421037
0.093794	0.656120	0.662790	1.428805
0.077924	0.666239	0.670781	1.454365
0.059097	0.674436	0.677020	1.483396
0.033606	0.680007	0.680837	1.521416
0.011359	0.681260	0.681355	1.554124
-0.012665	0.681325	0.681443	1.589383
0.007954	0.681299	0.681346	1.559123
0.024709	0.680678	0.681126	1.534512
0.040058	0.678608	0.679789	1.511835
0.055232	0.676145	0.678397	1.489290
0.077641	0.666733	0.671239	1.454868
0.093612	0.650755	0.657454	1.427925
0.095375	0.647723	0.654708	1.424600
0.098020	0.648203	0.655572	1.420715
0.096740	0.662810	0.669833	1.425865
0.082257	0.669551	0.674585	1.448554
0.066244	0.677829	0.681058	1.473376
0.091668	0.668461	0.674717	1.434514
0.092563	0.660160	0.666617	1.431491
0.081358	0.664756	0.669716	1.449014
0.056968	0.676814	0.679208	1.486823
0.071687	0.669589	0.673415	1.464142
0.085092	0.662447	0.667890	1.443045
0.093312	0.658016	0.664599	1.429928
0.099614	0.661308	0.668769	1.421289
0.080506	0.672603	0.677404	1.451670
0.088505	0.663831	0.669705	1.438253
0.101413	0.664621	0.672314	1.419376
0.101072	0.646490	0.654343	1.415712
0.096426	0.633560	0.640856	1.419758
0.093026	0.628038	0.634890	1.423743
0.095852	0.634856	0.642051	1.420945
0.093431	0.632435	0.639299	1.424125
0.093128	0.633927	0.640731	1.424933
0.093389	0.636603	0.643416	1.425136
0.093889	0.640057	0.646907	1.425146
0.094496	0.644279	0.651172	1.425166
0.093813	0.650055	0.656790	1.427471
0.088370	0.659040	0.664938	1.437503
0.069454	0.670156	0.673746	1.467526
0.054654	0.674973	0.677182	1.490001
0.037558	0.679241	0.680279	1.515559
0.015950	0.680206	0.680393	1.547352
-0.001394	0.680273	0.680275	1.572845
-0.028555	0.679479	0.680079	1.612796
-0.045918	0.672960	0.674525	1.638924
-0.046051	0.666576	0.668164	1.639772
-0.037710	0.666996	0.668061	1.627274
-0.022194	0.675746	0.676110	1.603628
-0.018694	0.675286	0.675544	1.598472
-0.027140	0.676628	0.677172	1.610886
-0.035337	0.667758	0.668692	1.623666
-0.044729	0.666085	0.667585	1.637848
-0.047948	0.670602	0.672314	1.642175
-0.034452	0.678337	0.679212	1.621541
-0.018766	0.679661	0.679920	1.598400
-0.002989	0.680252	0.680259	1.575190
0.012957	0.680238	0.680362	1.551751
0.027945	0.679904	0.680478	1.529718
0.044959	0.677206	0.678697	1.504505
0.060685	0.673898	0.676624	1.480987
0.084478	0.662303	0.667669	1.443929
0.094287	0.650778	0.657573	1.426914
0.095053	0.643975	0.650952	1.424251
0.094250	0.639319	0.646229	1.424428
0.093736	0.635783	0.642656	1.424417
0.093830	0.633666	0.640575	1.423790
0.095895	0.635287	0.642484	1.420979
0.092516	0.627342	0.634127	1.424379
0.095591	0.632060	0.639248	1.420697
0.100932	0.642860	0.650736	1.415062
0.102600	0.663908	0.671789	1.417470
0.088601	0.668098	0.673947	1.438949
0.073964	0.673040	0.677092	1.461340
0.058325	0.679085	0.681585	1.485119
0.072629	0.673890	0.677793	1.463436
0.086700	0.668510	0.674108	1.441825
0.093903	0.660544	0.667185	1.429582
0.074171	0.668894	0.672993	1.460361
0.057710	0.675661	0.678121	1.485590
0.038047	0.681171	0.682233	1.515000
0.056827	0.675901	0.678286	1.486918
0.072738	0.669617	0.673556	1.462594
0.093014	0.660376	0.666894	1.430867
0.088034	0.669271	0.675036	1.440010
0.062808	0.676974	0.679882	1.478283
0.077759	0.671818	0.676304	1.455566
0.096839	0.657412	0.664506	1.424544
0.099993	0.645624	0.653322	1.417139
0.092626	0.669326	0.675704	1.433282
0.100551	0.648944	0.656687	1.417073
0.096368	0.643959	0.651130	1.422250
0.095585	0.645985	0.653018	1.423895
0.094716	0.649759	0.656626	1.426045
0.092232	0.655484	0.661941	1.431006
0.085034	0.661883	0.667323	1.443023
0.070827	0.669742	0.673477	1.465436
0.053568	0.677807	0.679921	1.491929
0.024461	0.680599	0.681038	1.534871
0.002124	0.681150	0.681153	1.567677
-0.025781	0.680309	0.680797	1.608674
-0.045586	0.673574	0.675115	1.638372
-0.050836	0.667045	0.668980	1.646860
-0.041578	0.676520	0.677797	1.632178
-0.024009	0.680289	0.680713	1.606074
-0.004082	0.680998	0.681010	1.576791
0.021706	0.680769	0.681115	1.538923
0.038157	0.678700	0.679772	1.514635
0.054533	0.676039	0.678235	1.490305
0.080363	0.664929	0.669768	1.450520
0.094836	0.651841	0.658704	1.426321
0.097801	0.647565	0.654908	1.420900
0.101105	0.649609	0.657430	1.416395
0.090850	0.670090	0.676221	1.436039
0.081525	0.668512	0.673465	1.449445
0.057251	0.679249	0.681658	1.486709
0.084848	0.669960	0.675312	1.444821
0.099974	0.658661	0.666205	1.420163
0.091751	0.657958	0.664324	1.432242
0.081049	0.664223	0.669149	1.449376
0.065463	0.672729	0.675906	1.473793
0.045705	0.678234	0.679772	1.503510
0.022436	0.681699	0.682068	1.537896
0.041138	0.678964	0.680209	1.510281
0.058758	0.675266	0.677818	1.484001
0.072727	0.668555	0.672499	1.462440
0.085946	0.661777	0.667335	1.441648
0.095986	0.652877	0.659895	1.424822
0.101771	0.659826	0.667629	1.417763
0.074843	0.671170	0.675330	1.459745
0.092946	0.668769	0.675197	1.432700
0.102688	0.650656	0.658709	1.414265
0.097297	0.633487	0.640915	1.418397
0.096047	0.631979	0.639236	1.419973
0.093573	0.628538	0.635465	1.423007
0.093682	0.630581	0.637502	1.423310
0.094540	0.634453	0.641458	1.422875
0.091496	0.631308	0.637904	1.426867
0.095814	0.640331	0.647459	1.422267
0.092754	0.638411	0.645114	1.426518
0.091950	0.639683	0.646258	1.428031
0.094465	0.653688	0.660479	1.427279
0.084699	0.662114	0.667509	1.443565
0.065571	0.671701	0.674894	1.473486
0.038599	0.678531	0.679628	1.513971
0.021433	0.679731	0.680068	1.539275
0.004691	0.680324	0.680341	1.563902
-0.018376	0.679872	0.680120	1.597818
-0.043779	0.673705	0.675126	1.635687
-0.046393	0.667654	0.669264	1.640171
-0.040799	0.666504	0.667751	1.631934
-0.029060	0.670190	0.670820	1.614130
-0.019633	0.675618	0.675903	1.599847
-0.031204	0.677883	0.678601	1.616795
-0.033753	0.677575	0.678415	1.620570
-0.041577	0.674610	0.675890	1.632350
-0.041464	0.674945	0.676217	1.632153
-0.027638	0.672788	0.673356	1.611854
-0.038995	0.675843	0.676967	1.628430
-0.027620	0.678425	0.678987	1.611486
-0.021985	0.677899	0.678256	1.603216
-0.023019	0.677249	0.677640	1.604773
-0.029821	0.669883	0.670546	1.615283
-0.033436	0.669592	0.670427	1.620690
-0.047030	0.667629	0.669283	1.641123
-0.035793	0.677960	0.678904	1.623542
-0.015279	0.680004	0.680176	1.593261
0.004132	0.680235	0.680248	1.564722
0.026642	0.680071	0.680592	1.531641
0.044839	0.677332	0.678815	1.504694
0.061279	0.673777	0.676558	1.480098
0.086127	0.661240	0.666826	1.441275
0.094553	0.649932	0.656774	1.426328
0.094955	0.643420	0.650388	1.424276
0.094075	0.638821	0.645711	1.424584
0.093399	0.635167	0.641997	1.424796
0.092885	0.632243	0.639030	1.424926
0.092481	0.629767	0.636522	1.424989
0.092189	0.627673	0.634407	1.424965
0.092096	0.626083	0.632820	1.424744
0.092584	0.625659	0.632472	1.423883
0.095712	0.630718	0.637939	1.420195
0.101925	0.645269	0.653269	1.414134
0.091226	0.672664	0.678821	1.435999
0.086815	0.668167	0.673783	1.441590
0.072057	0.673126	0.676972	1.464154
0.056194	0.679030	0.681352	1.488229
0.072832	0.672781	0.676712	1.462960
0.087358	0.668574	0.674258	1.440869
0.093653	0.660479	0.667085	1.429939
0.077840	0.666772	0.671300	1.454581
0.062434	0.673755	0.676641	1.478395
0.045645	0.679874	0.681404	1.503759
0.063091	0.673535	0.676483	1.477397
0.078967	0.666140	0.670804	1.452803
0.094269	0.660655	0.667346	1.429063
0.087122	0.667357	0.673020	1.440983
0.094557	0.670707	0.677340	1.430739
0.096763	0.652264	0.659403	1.423521
0.091405	0.657604	0.663926	1.432684
0.071075	0.669911	0.673671	1.465095
0.054170	0.676139	0.678305	1.490851
0.032100	0.680920	0.681676	1.523689
0.054254	0.676119	0.678292	1.490724
0.071196	0.669851	0.673624	1.464908
0.091444	0.657553	0.663881	1.432616
0.096710	0.652109	0.659241	1.423566
0.096918	0.669299	0.676280	1.426991
0.086245	0.666764	0.672319	1.442162
0.078240	0.666726	0.671301	1.453981
0.095816	0.662530	0.669423	1.427170
0.082736	0.675352	0.680401	1.448896
0.096598	0.660434	0.667461	1.425561
0.101810	0.647050	0.655011	1.414731
0.090442	0.672555	0.678609	1.437123
0.088140	0.667512	0.673306	1.439513
0.071060	0.672104	0.675850	1.465459
0.088477	0.669634	0.675454	1.439430
0.094162	0.660518	0.667196	1.429192
0.082851	0.664112	0.669260	1.446682
0.068979	0.671100	0.674635	1.468370
0.054536	0.677856	0.680046	1.490516
0.074831	0.668324	0.672500	1.459293
0.089163	0.661136	0.667121	1.436742
0.098252	0.663899	0.671130	1.423871
0.077874	0.672749	0.677241	1.455555
0.098668	0.657343	0.664707	1.421807
0.090107	0.659321	0.665450	1.434971
0.064031	0.673357	0.676395	1.475989
0.046023	0.678287	0.679847	1.503049
0.025162	0.681834	0.682298	1.533910
0.051777	0.677174	0.679150	1.494485
0.072135	0.669618	0.673492	1.463484
0.093773	0.656831	0.663491	1.428989
0.101290	0.663740	0.671424	1.419360
0.082591	0.668729	0.673810	1.447914
0.063227	0.675121	0.678075	1.477416
0.089999	0.664331	0.670399	1.436144
0.086900	0.671182	0.676784	1.442039
0.103184	0.660299	0.668312	1.415782
0.098126	0.639181	0.646669	1.418467
0.095488	0.635726	0.642858	1.421707
0.095011	0.636886	0.643934	1.422708
0.095444	0.640316	0.647390	1.422828
0.096278	0.646636	0.653764	1.422992
0.093680	0.647113	0.653859	1.427029
0.091858	0.650693	0.657144	1.430553
0.076263	0.667387	0.671730	1.457018
0.058651	0.674580	0.677125	1.484069
0.033320	0.679390	0.680207	1.521791
0.018317	0.680315	0.680561	1.543879
0.003288	0.680906	0.680914	1.565967
0.032257	0.679480	0.680245	1.523359
0.056094	0.675306	0.677631	1.487922
0.072497	0.669409	0.673323	1.462917
0.091667	0.651765	0.658180	1.431069
0.093575	0.647819	0.654542	1.427342
0.096255	0.647102	0.654222	1.423132
0.095545	0.640618	0.647704	1.422743
0.095263	0.637371	0.644451	1.422433
0.096703	0.637847	0.645136	1.420334
0.099139	0.650264	0.657778	1.419502
0.095715	0.664807	0.671662	1.427805
0.080920	0.670018	0.674887	1.450606
0.064365	0.677794	0.680844	1.476118
0.085273	0.670190	0.675593	1.444240
0.095445	0.660274	0.667137	1.427237
0.074033	0.668998	0.673082	1.460582
0.055216	0.676775	0.679024	1.489389
0.030385	0.682167	0.682844	1.526284
0.059365	0.675464	0.678067	1.483133
0.082908	0.664179	0.669333	1.446610
0.098647	0.663124	0.670422	1.423119
0.084772	0.667529	0.672891	1.444479
0.067809	0.673616	0.677021	1.470470
0.046469	0.680528	0.682112	1.502619
0.061963	0.674966	0.677804	1.479251
0.076609	0.668827	0.673200	1.456751
0.083526	0.669087	0.674281	1.446603
0.075910	0.677502	0.681741	1.459218
0.097181	0.659330	0.666454	1.424456
0.098175	0.644343	0.651779	1.419595
0.096107	0.645235	0.652353	1.422935
0.094322	0.652602	0.659383	1.427258
0.089707	0.656526	0.662627	1.434999
0.072856	0.669063	0.673019	1.462331
0.047609	0.677343	0.679014	1.500624
0.018655	0.680771	0.681027	1.543401
0.003930	0.680845	0.680856	1.565024
-0.014132	0.680551	0.680697	1.591559
-0.031329	0.678588	0.679310	1.616931
-0.046036	0.673569	0.675141	1.639037
-0.049269	0.666842	0.668659	1.644546
-0.048638	0.662722	0.664505	1.644057
-0.049091	0.666334	0.668140	1.644336
-0.047310	0.672425	0.674087	1.641038
-0.018555	0.680400	0.680653	1.598060
-0.001887	0.680832	0.680834	1.573568
0.013147	0.680896	0.681023	1.551490
0.030661	0.679506	0.680198	1.525704
0.048507	0.677351	0.679086	1.499305
0.068676	0.670220	0.673729	1.468685
0.084990	0.662329	0.667760	1.443173
0.093280	0.649809	0.656470	1.428220
0.096054	0.648521	0.655595	1.423752
0.097980	0.645078	0.652477	1.420059
0.099670	0.644443	0.652105	1.417351
0.095961	0.658149	0.665108	1.426012
0.083199	0.674490	0.679602	1.448065
0.088983	0.666297	0.672213	1.438033
0.072019	0.671687	0.675537	1.463983
0.048949	0.680648	0.682405	1.499004
0.065546	0.675109	0.678283	1.474011
0.081137	0.668768	0.673672	1.450064
0.095761	0.654356	0.661326	1.425484
0.097948	0.668693	0.675829	1.425354
0.084222	0.671672	0.676932	1.446055
0.069165	0.676601	0.680127	1.468927
0.093980	0.662947	0.669575	1.429974
0.085972	0.673088	0.678556	1.443757
0.062539	0.677853	0.680732	1.478797
0.085079	0.668789	0.674179	1.444263
0.097710	0.668003	0.675111	1.425554
0.101901	0.647018	0.654993	1.414586
0.096436	0.631590	0.638910	1.419280
0.092858	0.625312	0.632169	1.423375
0.092448	0.625952	0.632743	1.424165
0.092793	0.628199	0.635015	1.424144
0.093504	0.631384	0.638270	1.423772
0.094442	0.635430	0.642410	1.423249
0.095636	0.640991	0.648086	1.422688
0.092515	0.639011	0.645673	1.427017
0.095355	0.650679	0.657629	1.425285
0.091295	0.654880	0.661213	1.432281
0.084702	0.660920	0.666326	1.443334
0.071772	0.668082	0.671926	1.463777
0.057953	0.675149	0.677632	1.485168
0.031927	0.679016	0.679766	1.523811
0.010241	0.680324	0.680401	1.555744
0.000549	0.680157	0.680158	1.569989
-0.023853	0.679662	0.680080	1.605878
-0.043245	0.674687	0.676072	1.634806
-0.046348	0.667209	0.668817	1.640150
-0.037535	0.667328	0.668383	1.626984
-0.022364	0.676254	0.676624	1.603854
-0.021681	0.677425	0.677772	1.602791
-0.027196	0.678245	0.678790	1.610873
-0.039178	0.675584	0.676719	1.628723
-0.045365	0.669695	0.671230	1.638433
-0.038978	0.668090	0.669226	1.629073
-0.027763	0.677030	0.677599	1.611780
-0.030114	0.670433	0.671109	1.615683
-0.033363	0.669151	0.669983	1.620613
-0.047050	0.669385	0.671036	1.640969
-0.037249	0.676942	0.677966	1.625766
-0.020981	0.678992	0.679317	1.601687
-0.004320	0.679656	0.679670	1.577152
0.022169	0.678590	0.678952	1.538139
0.018246	0.678612	0.678858	1.543915
0.011687	0.678694	0.678795	1.553577
-0.009343	0.677811	0.677875	1.584579
-0.011498	0.675151	0.675249	1.587825
-0.031895	0.667138	0.667900	1.618569
-0.055953	0.649513	0.651918	1.656730
-0.074559	0.631768	0.636152	1.688270
-0.087294	0.619777	0.625894	1.710723
-0.107933	0.601468	0.611076	1.748356
-0.129932	0.583523	0.597814	1.789890
-0.149888	0.569047	0.588456	1.828349
-0.169549	0.554756	0.580087	1.867408
-0.151384	0.568025	0.587852	1.831252
-0.132338	0.581772	0.596634	1.794465
-0.112500	0.597577	0.608074	1.756879
-0.097287	0.611265	0.618959	1.728630
-0.084859	0.622758	0.628513	1.706226
-0.066105	0.639162	0.642572	1.673855
-0.050297	0.654627	0.656557	1.647478
-0.028445	0.669161	0.669766	1.613279
-0.003908	0.676933	0.676944	1.576570
0.010870	0.677979	0.678066	1.554765
0.019853	0.678117	0.678408	1.541528
0.023323	0.678317	0.678718	1.536426
0.001362	0.679529	0.679531	1.568791
-0.027688	0.679122	0.679686	1.611544
-0.045506	0.672493	0.674031	1.638361
-0.034944	0.670271	0.671181	1.622883
-0.034144	0.674461	0.675325	1.621377
-0.028290	0.671223	0.671819	1.612919
-0.028659	0.671213	0.671824	1.613468
-0.032466	0.669754	0.670540	1.619232
-0.025580	0.675151	0.675635	1.608666
-0.045486	0.670007	0.671550	1.638581
-0.032822	0.677630	0.678424	1.619194
-0.020478	0.677384	0.677694	1.601018
-0.021697	0.674343	0.674692	1.602960
-0.034717	0.668225	0.669126	1.622704
-0.043953	0.666551	0.667998	1.636642
-0.047345	0.670788	0.672457	1.641260
-0.034479	0.678109	0.678985	1.621598
-0.005837	0.680060	0.680085	1.579379
0.015491	0.680176	0.680353	1.548025
0.037856	0.678300	0.679356	1.515044
0.061706	0.673843	0.676662	1.479478
0.081177	0.663054	0.668005	1.448974
0.089289	0.656909	0.662949	1.435701
0.094275	0.653088	0.659858	1.427434
0.092756	0.641452	0.648124	1.427188
0.095803	0.642777	0.649878	1.422840
0.094708	0.637083	0.644084	1.423219
0.093882	0.632939	0.639864	1.423543
0.093340	0.629857	0.636736	1.423674
0.093371	0.628110	0.635012	1.423223
0.095336	0.630438	0.637605	1.420712
0.092217	0.622379	0.629174	1.423698
0.096482	0.630801	0.638137	1.419021
0.102916	0.650727	0.658815	1.413940
0.098315	0.665634	0.672855	1.424156
0.072165	0.674159	0.678010	1.464158
0.075838	0.668566	0.672853	1.457846
0.070908	0.674890	0.678605	1.466115
0.092023	0.669729	0.676021	1.434249
0.101312	0.649710	0.657561	1.416108
0.095284	0.663684	0.670489	1.428202
0.068951	0.671999	0.675527	1.468549
0.051961	0.677879	0.679867	1.494293
0.030371	0.682307	0.682983	1.526314
0.046584	0.678770	0.680366	1.502273
0.061864	0.674724	0.677554	1.479364
0.087347	0.662344	0.668079	1.439678
0.091899	0.668052	0.674344	1.434092
0.070778	0.673104	0.676815	1.466029
0.090370	0.666067	0.672169	1.435942
0.101896	0.663261	0.671043	1.418360
0.100785	0.645088	0.652913	1.415815
0.097668	0.641320	0.648714	1.419665
0.095572	0.640843	0.647931	1.422753
0.095884	0.645497	0.652580	1.423331
0.092630	0.655977	0.662485	1.430514
0.086092	0.660210	0.665800	1.441127
0.060503	0.674432	0.677141	1.481326
0.037253	0.678727	0.679748	1.515965
0.014890	0.680705	0.680867	1.548926
0.001200	0.680614	0.680615	1.569034
-0.015001	0.680309	0.680475	1.592843
-0.031253	0.679354	0.680072	1.616769
-0.047347	0.670449	0.672119	1.641299
-0.046968	0.665839	0.667494	1.641220
-0.044225	0.664483	0.665953	1.637253
-0.043168	0.663629	0.665032	1.635754
-0.037722	0.666859	0.667925	1.627303
-0.046674	0.665427	0.667062	1.640823
-0.048874	0.670149	0.671928	1.643598
-0.037656	0.677462	0.678508	1.626324
-0.010465	0.680460	0.680540	1.586174
0.016988	0.680566	0.680778	1.545840
0.039821	0.678944	0.680111	1.512212
0.062221	0.674477	0.677341	1.478806
0.086872	0.660207	0.665898	1.439964
0.092320	0.654604	0.661082	1.430688
0.094365	0.649459	0.656279	1.426509
0.094967	0.645675	0.652622	1.424762
0.094705	0.642524	0.649466	1.424454
0.094260	0.639712	0.646619	1.424502
0.094044	0.637391	0.644292	1.424308
0.094507	0.636266	0.643246	1.423340
0.098434	0.641203	0.648715	1.418472
0.101346	0.656118	0.663899	1.417544
0.097926	0.662846	0.670041	1.424121
0.082749	0.665351	0.670477	1.447063
0.078825	0.671421	0.676032	1.453931
0.100592	0.661473	0.669078	1.419881
0.093733	0.656914	0.663567	1.429067
0.080792	0.664796	0.669687	1.449861
0.061770	0.673848	0.676674	1.479385
0.038945	0.680525	0.681638	1.513630
0.055668	0.675768	0.678057	1.488605
0.070580	0.670418	0.674123	1.465905
0.090926	0.660162	0.666394	1.433925
0.091721	0.668251	0.674516	1.434393
0.092030	0.659445	0.665836	1.432136
0.081568	0.664375	0.669363	1.448634
0.057014	0.676571	0.678969	1.486725
0.034654	0.680495	0.681377	1.519915
0.012051	0.682710	0.682817	1.553147
0.032243	0.680696	0.681459	1.523464
0.053181	0.677499	0.679583	1.492460
0.072348	0.669039	0.672939	1.463077
0.087154	0.661503	0.667220	1.439799
0.100673	0.661928	0.669540	1.419863
0.083688	0.668677	0.673894	1.446289
0.069431	0.673892	0.677459	1.468129
0.054894	0.678901	0.681117	1.490115
0.073108	0.671062	0.675032	1.462280
0.089118	0.665008	0.670953	1.437580
0.087907	0.671552	0.677281	1.440635
0.099836	0.647753	0.655401	1.417872
0.096436	0.635911	0.643182	1.420293
0.095670	0.636879	0.644025	1.421694
0.092910	0.634028	0.640799	1.425292
0.097093	0.644179	0.651455	1.421198
0.095639	0.647477	0.654503	1.424146
0.091921	0.656205	0.662612	1.431623
0.070773	0.669878	0.673606	1.465536
0.052744	0.675872	0.677927	1.492915
0.028405	0.679848	0.680441	1.529040
0.006588	0.680468	0.680500	1.561116
-0.017357	0.680142	0.680363	1.596311
-0.045509	0.673620	0.675156	1.638253
-0.030118	0.679003	0.679670	1.615124
-0.010182	0.680314	0.680390	1.585762
0.009606	0.680462	0.680530	1.556680
0.026434	0.679779	0.680293	1.531930
0.043730	0.678484	0.679891	1.506433
0.071935	0.668799	0.672656	1.463650
0.088158	0.658900	0.664772	1.437790
0.093333	0.650699	0.657359	1.428334
0.094480	0.645232	0.652113	1.425402
0.094723	0.641828	0.648780	1.424270
0.096602	0.641541	0.648773	1.421341
0.092613	0.632736	0.639478	1.425459
0.095297	0.635549	0.642654	1.421961
0.095592	0.633983	0.641149	1.421143
0.098910	0.639412	0.647017	1.417323
0.100971	0.654406	0.662150	1.417709
0.092074	0.666925	0.673251	1.433606
0.077405	0.672251	0.676693	1.456159
0.061611	0.679180	0.681969	1.480330
0.081055	0.668194	0.673092	1.450082
0.096513	0.658154	0.665193	1.425192
0.093585	0.665011	0.671564	1.430987
0.077395	0.676355	0.680769	1.456863
0.092459	0.662133	0.668558	1.432056
0.097850	0.649095	0.656429	1.421175
0.093853	0.655131	0.661819	1.428506
0.088550	0.658855	0.664779	1.437197
0.065144	0.672923	0.676069	1.474290
0.039526	0.679168	0.680317	1.512664
0.012802	0.681817	0.681937	1.552022
0.029851	0.680240	0.680895	1.526941
0.046996	0.678048	0.679674	1.501597
0.063758	0.672329	0.675345	1.476248
0.079083	0.665768	0.670449	1.452566
0.095691	0.651531	0.658520	1.424967
0.098585	0.648509	0.655960	1.419934
0.096125	0.662442	0.669380	1.426695
0.083010	0.669900	0.675023	1.447511
0.069522	0.677264	0.680823	1.468504
0.095285	0.662287	0.669106	1.427905
0.082630	0.664581	0.669698	1.447098
0.068861	0.671404	0.674926	1.468591
0.054720	0.677970	0.680174	1.490259
0.076556	0.667721	0.672095	1.456642
0.091249	0.661554	0.667818	1.433731
0.091612	0.668389	0.674638	1.434581
0.073841	0.672737	0.676777	1.461472
0.099267	0.658964	0.666399	1.421279
0.100147	0.645327	0.653052	1.416837
0.096929	0.642248	0.649521	1.421005
0.096588	0.646382	0.653559	1.422465
0.094280	0.646746	0.653582	1.426041
0.092047	0.649882	0.656369	1.430096
0.083283	0.663479	0.668686	1.445925
0.061731	0.673737	0.676559	1.479427
0.032502	0.679718	0.680495	1.523015
0.015746	0.680716	0.680898	1.547669
-0.000841	0.681189	0.681189	1.572031
0.027367	0.680112	0.680663	1.530579
0.048949	0.677106	0.678873	1.498631
0.065820	0.672690	0.675902	1.473261
0.083971	0.661087	0.666399	1.444453
0.091170	0.654513	0.660832	1.432392
0.093579	0.649622	0.656328	1.427729
0.096347	0.648294	0.655415	1.423259
0.096821	0.642770	0.650021	1.421290
0.099243	0.643980	0.651582	1.417890
0.097999	0.657394	0.664658	1.422814
0.073849	0.674687	0.678717	1.461773
0.092315	0.667378	0.673733	1.433344
0.087667	0.662928	0.668699	1.439317
0.070918	0.670740	0.674479	1.465457
0.051541	0.679085	0.681038	1.495044
0.066940	0.674046	0.677362	1.471810
0.081704	0.668633	0.673606	1.449204
0.101574	0.660467	0.668232	1.418200
0.095882	0.652397	0.659405	1.424872
0.091381	0.657310	0.663631	1.432659
0.078061	0.666085	0.670644	1.454135
0.062291	0.673232	0.676108	1.478534
0.044773	0.679392	0.680866	1.504991
0.030057	0.681462	0.682125	1.526719
0.054766	0.676337	0.678551	1.489999
0.073174	0.669034	0.673024	1.461856
0.093092	0.657249	0.663809	1.430094
0.100396	0.660465	0.668052	1.419944
0.078829	0.671065	0.675679	1.453864
0.090221	0.662536	0.668651	1.435453
0.102409	0.659447	0.667352	1.416732
0.099102	0.641974	0.649578	1.417635
0.094885	0.636279	0.643315	1.422763
0.094334	0.637293	0.644237	1.423840
0.094451	0.639674	0.646610	1.424200
0.094811	0.642838	0.649792	1.424363
0.094794	0.647004	0.653911	1.425318
0.092790	0.653802	0.660354	1.429813
0.082327	0.663479	0.668567	1.447344
0.062693	0.672988	0.675902	1.477909
0.037339	0.679702	0.680727	1.515917
0.021825	0.680414	0.680764	1.538732
0.006401	0.680741	0.680771	1.561394
-0.015029	0.680356	0.680522	1.592883
-0.044032	0.674725	0.676160	1.635963
-0.045939	0.667532	0.669110	1.639508
-0.045344	0.664723	0.666268	1.638906
-0.042683	0.664425	0.665794	1.634949
-0.021891	0.674847	0.675202	1.603223
-0.047908	0.660709	0.662444	1.643179
-0.041959	0.664246	0.665570	1.633880
-0.040303	0.665769	0.666988	1.631259
-0.047413	0.665837	0.667523	1.641885
-0.046264	0.670901	0.672494	1.639646
-0.035046	0.678490	0.679394	1.622404
-0.016744	0.680356	0.680562	1.595402
0.001504	0.680765	0.680767	1.568587
0.020769	0.680178	0.680495	1.540270
0.042027	0.678497	0.679798	1.508934
0.069651	0.669928	0.673539	1.467200
0.087440	0.660035	0.665802	1.439085
0.094883	0.653265	0.660120	1.426561
0.093824	0.641594	0.648418	1.425589
0.096577	0.642911	0.650125	1.421694
0.098201	0.642071	0.649538	1.419028
0.098147	0.655513	0.662820	1.422174
0.088136	0.665003	0.670818	1.439029
0.072922	0.675351	0.679277	1.463236
0.092143	0.667128	0.673462	1.433545
0.083446	0.664543	0.669761	1.445881
0.062381	0.674692	0.677569	1.478600
0.038013	0.681814	0.682873	1.515101
0.054753	0.676964	0.679174	1.490092
0.069726	0.671499	0.675109	1.467331
0.092057	0.661710	0.668082	1.432564
0.087403	0.670053	0.675730	1.441087
0.095453	0.658872	0.665751	1.426924
0.084226	0.663053	0.668381	1.444446
0.065716	0.672341	0.675545	1.473363
0.043675	0.679910	0.681311	1.506648
0.065467	0.672442	0.675621	1.473745
0.083906	0.663237	0.668523	1.444955
0.095359	0.658920	0.665784	1.427074
0.087563	0.669888	0.675586	1.440821
0.062877	0.677921	0.680830	1.478311
0.077985	0.676107	0.680589	1.455960
0.091465	0.662449	0.668734	1.433592
0.097689	0.649694	0.656998	1.421553
0.094105	0.652912	0.659659	1.427652
0.084638	0.662196	0.667583	1.443672
0.063075	0.673078	0.676027	1.477358
0.048490	0.676774	0.678509	1.499270
0.033632	0.680135	0.680966	1.521388
0.018439	0.680937	0.681187	1.543725
0.003234	0.681385	0.681393	1.566051
-0.018792	0.680917	0.681176	1.598387
-0.043616	0.676123	0.677528	1.635216
-0.025557	0.680607	0.681087	1.608329
-0.003968	0.681301	0.681312	1.576620
0.013043	0.681300	0.681424	1.551654
0.029940	0.680009	0.680668	1.526796
0.046971	0.678122	0.679746	1.501641
0.065457	0.671833	0.675014	1.473673
0.081880	0.664395	0.669421	1.448175
0.093878	0.650714	0.657450	1.427516
0.095646	0.647637	0.654662	1.424171
0.097139	0.646400	0.653658	1.421636
0.103032	0.660520	0.668507	1.416057
0.095038	0.665379	0.672132	1.428923
0.099290	0.657480	0.664935	1.420912
0.089225	0.665348	0.671304	1.437489
0.071168	0.671787	0.675547	1.465251
0.048188	0.680593	0.682296	1.500111
0.063797	0.674608	0.677618	1.476508
0.078591	0.667949	0.672557	1.453675
0.086566	0.669227	0.674803	1.442158
0.091125	0.673240	0.679379	1.436261
0.098439	0.656057	0.663401	1.421861
0.100216	0.641395	0.649177	1.415803
0.094743	0.625389	0.632525	1.420446
0.094153	0.625487	0.632533	1.421390
0.090825	0.619888	0.626507	1.425314
0.090259	0.619714	0.626253	1.426167
0.089471	0.619327	0.625756	1.427324
0.095647	0.632249	0.639443	1.420654
0.091376	0.625559	0.632197	1.425751
0.090134	0.624751	0.631220	1.427513
0.095928	0.636567	0.643754	1.421226
0.093609	0.634841	0.641706	1.424398
0.092782	0.635865	0.642598	1.425905
0.092461	0.637818	0.644484	1.426835
0.092398	0.640226	0.646859	1.427465
0.092458	0.642885	0.649499	1.427959
0.090717	0.645295	0.651641	1.431129
0.088934	0.659820	0.665787	1.436819
0.077970	0.665622	0.670174	1.454189
0.059838	0.674479	0.677128	1.482310
0.043027	0.677477	0.678842	1.507370
0.024739	0.679594	0.680044	1.534409
0.001936	0.680118	0.680121	1.567950
-0.025638	0.679593	0.680076	1.608504
-0.045458	0.673124	0.674657	1.638227
-0.044821	0.666595	0.668100	1.637933
-0.032780	0.668876	0.669678	1.619764
-0.019883	0.676246	0.676539	1.600190
-0.040733	0.674062	0.675291	1.631152
-0.042390	0.673533	0.674866	1.633650
-0.045169	0.670080	0.671601	1.638103
-0.041188	0.668161	0.669429	1.632362
-0.034017	0.669287	0.670151	1.621578
-0.023818	0.676056	0.676475	1.606013
-0.025104	0.676974	0.677439	1.607862
-0.028615	0.673884	0.674491	1.613234
-0.028320	0.677587	0.678179	1.612568
-0.022210	0.676285	0.676649	1.603625
-0.040485	0.671456	0.672675	1.631018
-0.041242	0.669069	0.670339	1.632360
-0.042658	0.671481	0.672835	1.634240
-0.034487	0.676138	0.677017	1.621758
-0.029524	0.670315	0.670965	1.614813
-0.045580	0.667486	0.669040	1.638977
-0.040488	0.673639	0.674855	1.630828
-0.028155	0.679316	0.679899	1.612219
-0.005679	0.679839	0.679862	1.579149
0.011471	0.679670	0.679767	1.553921
0.005988	0.679642	0.679668	1.561986
0.023815	0.678321	0.678739	1.535702
0.014438	0.678443	0.678597	1.549518
0.015450	0.677622	0.677799	1.548000
-0.006260	0.677421	0.677450	1.580037
-0.014336	0.674199	0.674351	1.592057
-0.036390	0.664640	0.665635	1.625493
-0.056167	0.648238	0.650666	1.657226
-0.073278	0.632185	0.636417	1.686194
-0.085648	0.620446	0.626329	1.707972
-0.105180	0.604124	0.613212	1.743172
-0.119711	0.591500	0.603492	1.770484
-0.139567	0.576268	0.592928	1.808412
-0.153534	0.566227	0.586673	1.835583
-0.167196	0.556032	0.580625	1.862890
-0.187322	0.541111	0.572617	1.904065
-0.201494	0.530884	0.567836	1.933544
-0.214967	0.520641	0.563274	1.962364
-0.234625	0.506236	0.557964	2.004794
-0.252717	0.492204	0.553291	2.045137
-0.233079	0.507538	0.558498	2.001304
-0.209529	0.524453	0.564760	1.950888
-0.192364	0.537415	0.570806	1.914530
-0.172224	0.551413	0.577683	1.873528
-0.154598	0.564371	0.585162	1.838167
-0.136290	0.577865	0.593720	1.802415
-0.115559	0.594214	0.605346	1.762873
-0.098859	0.609216	0.617185	1.731666
-0.083992	0.622938	0.628575	1.704820
-0.070305	0.636237	0.640109	1.680852
-0.059895	0.647645	0.650409	1.663015
-0.048822	0.659371	0.661176	1.644705
-0.033755	0.666567	0.667421	1.621393
-0.019491	0.672717	0.673000	1.599762
-0.007995	0.675926	0.675973	1.582624
0.003546	0.677315	0.677325	1.565561
0.013536	0.677787	0.677922	1.550828
0.021904	0.677806	0.678160	1.538492
0.029153	0.677581	0.678208	1.527798
0.031483	0.677719	0.678450	1.524376
0.007365	0.679505	0.679545	1.559959
-0.010128	0.679629	0.679705	1.585697
-0.029471	0.679067	0.679706	1.614168
-0.047193	0.669738	0.671399	1.641145
-0.026799	0.673081	0.673614	1.610591
-0.021855	0.675842	0.676195	1.603123
-0.038829	0.675146	0.676262	1.628245
-0.028921	0.677610	0.678226	1.613451
-0.031998	0.677148	0.677903	1.618016
-0.036031	0.675963	0.676923	1.624048
-0.023972	0.675455	0.675880	1.606272
-0.032594	0.669796	0.670588	1.619421
-0.041551	0.668181	0.669471	1.632901
-0.043260	0.668769	0.670167	1.635392
-0.027847	0.678241	0.678812	1.611831
-0.019869	0.676075	0.676367	1.600177
-0.032032	0.669150	0.669917	1.618629
-0.044499	0.666583	0.668066	1.637455
-0.045578	0.672984	0.674525	1.638418
-0.025390	0.679581	0.680055	1.608140
0.002465	0.680081	0.680086	1.567172
0.015081	0.680051	0.680219	1.548624
0.038066	0.678216	0.679283	1.514729
0.063318	0.673255	0.676226	1.477024
0.086703	0.658814	0.664495	1.439944
0.091546	0.653461	0.659842	1.431608
0.095356	0.650417	0.657370	1.425226
0.092307	0.638360	0.644999	1.427192
0.095885	0.640983	0.648115	1.422307
0.091773	0.632014	0.638642	1.426598
0.095281	0.635931	0.643029	1.422074
0.095567	0.633673	0.640839	1.421111
0.088328	0.619905	0.626166	1.429263
0.089898	0.621128	0.627600	1.427060
0.090644	0.621439	0.628015	1.425956
0.093934	0.626535	0.633537	1.421978
0.092908	0.622701	0.629594	1.422688
0.092811	0.621318	0.628211	1.422516
0.094106	0.623216	0.630281	1.420928
0.100055	0.640467	0.648235	1.415827
0.100327	0.655152	0.662789	1.418841
0.090614	0.666073	0.672208	1.435584
0.074380	0.677481	0.681552	1.461445
0.084625	0.669063	0.674393	1.444982
0.090657	0.662098	0.668276	1.434719
0.067912	0.672353	0.675774	1.470131
0.053478	0.677200	0.679308	1.491991
0.038287	0.681659	0.682734	1.514689
0.061110	0.675093	0.677854	1.480521
0.080560	0.665884	0.670740	1.450399
0.092438	0.666482	0.672862	1.432980
0.095750	0.655516	0.662472	1.425754
0.091511	0.669055	0.675284	1.434863
0.103747	0.662937	0.671006	1.415560
0.096983	0.644335	0.651593	1.421402
0.095888	0.645533	0.652615	1.423334
0.095100	0.648385	0.655322	1.425162
0.093526	0.652641	0.659308	1.428462
0.089627	0.658000	0.664076	1.435419
0.078764	0.665198	0.669845	1.452938
0.063212	0.674069	0.677026	1.477293
0.047547	0.677587	0.679253	1.500740
0.028898	0.680296	0.680909	1.528344
0.002163	0.681245	0.681249	1.567621
-0.025454	0.680409	0.680885	1.608189
-0.047888	0.672420	0.674123	1.641894
-0.051329	0.666106	0.668080	1.647703
-0.040201	0.677221	0.678413	1.630089
-0.022319	0.680507	0.680873	1.603582
-0.002646	0.681146	0.681151	1.574682
0.015066	0.680979	0.681146	1.548677
0.033524	0.680131	0.680956	1.521546
0.049898	0.676498	0.678335	1.497170
0.064899	0.672365	0.675490	1.474571
0.086581	0.660813	0.666461	1.440517
0.094118	0.651496	0.658259	1.427325
0.095886	0.646385	0.653458	1.423528
0.098816	0.647017	0.654520	1.419242
0.089768	0.671210	0.677186	1.437845
0.092835	0.664102	0.670560	1.431906
0.077656	0.668295	0.672792	1.455115
0.057449	0.677690	0.680121	1.486227
0.080791	0.670275	0.675126	1.450840
0.100594	0.659797	0.667422	1.419499
0.095032	0.654556	0.661418	1.426618
0.089452	0.659115	0.665157	1.435904
0.075928	0.667287	0.671593	1.457497
0.051180	0.678424	0.680352	1.495499
0.046833	0.679326	0.680938	1.501964
0.072278	0.669266	0.673158	1.463217
0.088695	0.659989	0.665922	1.437209
0.095563	0.655903	0.662829	1.426117
0.099413	0.666411	0.673785	1.422712
0.080861	0.669325	0.674192	1.450569
0.070452	0.671840	0.675524	1.466314
0.091135	0.669574	0.675748	1.435519
0.102876	0.660389	0.668354	1.416258
0.098310	0.640240	0.647744	1.418435
0.095106	0.636628	0.643693	1.422503
0.095318	0.639813	0.646874	1.422907
0.096240	0.646093	0.653221	1.422927
0.093579	0.646206	0.652946	1.426983
0.091587	0.649325	0.655752	1.430671
0.082222	0.663999	0.669070	1.447595
0.063175	0.672866	0.675825	1.477181
0.037511	0.678833	0.679868	1.515594
0.021984	0.679977	0.680333	1.538477
0.006451	0.680726	0.680757	1.561320
-0.007708	0.680383	0.680426	1.582125
-0.024774	0.679340	0.679791	1.607248
-0.040886	0.676141	0.677376	1.631192
-0.048711	0.668540	0.670312	1.643529
-0.044816	0.665247	0.666755	1.638063
-0.027248	0.672839	0.673390	1.611271
-0.032895	0.668294	0.669103	1.619978
-0.029271	0.669486	0.670125	1.614490
-0.041709	0.663721	0.665030	1.633555
-0.018812	0.674938	0.675200	1.598661
-0.034185	0.667703	0.668578	1.621950
-0.040689	0.665587	0.666829	1.631853
-0.042757	0.666298	0.667669	1.634879
-0.048245	0.670883	0.672616	1.642586
-0.034433	0.678506	0.679379	1.621501
-0.019345	0.679680	0.679955	1.599251
-0.004223	0.680441	0.680454	1.577003
0.010227	0.680630	0.680707	1.555771
0.028844	0.679676	0.680288	1.528384
0.048879	0.677659	0.679419	1.498791
0.070565	0.669358	0.673067	1.465763
0.086171	0.660861	0.666455	1.441136
0.094286	0.655528	0.662274	1.427944
0.093733	0.643187	0.649981	1.426083
0.094404	0.641378	0.648289	1.424656
0.094399	0.639382	0.646313	1.424214
0.094266	0.637434	0.644366	1.423977
0.094124	0.635627	0.642558	1.423784
0.094115	0.634159	0.641105	1.423462
0.094705	0.633794	0.640831	1.422469
0.099162	0.640952	0.648577	1.417302
0.098409	0.655655	0.662999	1.421816
0.088518	0.674445	0.680229	1.440296
0.099536	0.663432	0.670857	1.421874
0.088585	0.664341	0.670221	1.438235
0.093708	0.671463	0.677970	1.432134
0.097186	0.651007	0.658221	1.422605
0.091751	0.657439	0.663810	1.432134
0.082006	0.663431	0.668480	1.447811
0.065586	0.672625	0.675815	1.473596
0.045183	0.678267	0.679770	1.504279
0.021368	0.681673	0.682008	1.539460
0.040364	0.679814	0.681012	1.511491
0.064356	0.672513	0.675585	1.475392
0.083526	0.662888	0.668130	1.445453
0.093127	0.654540	0.661132	1.429467
0.095655	0.648776	0.655790	1.424411
0.097044	0.646234	0.653480	1.421741
0.100324	0.649417	0.657120	1.417524
0.092670	0.669423	0.675807	1.433237
0.085119	0.666993	0.672402	1.443867
0.063362	0.676060	0.679023	1.477346
0.081929	0.669165	0.674162	1.448968
0.065799	0.675278	0.678476	1.473663
0.048081	0.680772	0.682468	1.500286
0.074096	0.670353	0.674435	1.460710
0.090921	0.665734	0.671914	1.435063
0.086913	0.673381	0.678966	1.442437
0.094868	0.657181	0.663993	1.427431
0.097845	0.642976	0.650378	1.419779
0.094601	0.640511	0.647460	1.424160
0.094366	0.642399	0.649293	1.424943
0.094314	0.644981	0.651840	1.425598
0.093143	0.647988	0.654648	1.428033
0.085719	0.662155	0.667681	1.442058
0.066714	0.671492	0.674798	1.471770
0.041662	0.678740	0.680017	1.509491
0.025615	0.680016	0.680498	1.533146
0.009617	0.680839	0.680906	1.556672
-0.007717	0.680657	0.680701	1.582134
-0.023483	0.679526	0.679931	1.605341
-0.039039	0.677282	0.678406	1.628373
-0.049933	0.669436	0.671296	1.645248
-0.032341	0.679351	0.680121	1.618367
-0.015993	0.680495	0.680683	1.594294
0.000400	0.680875	0.680875	1.570209
0.023932	0.680618	0.681039	1.535649
0.047502	0.677252	0.678915	1.500771
0.066933	0.671790	0.675117	1.471490
0.091501	0.656963	0.663304	1.432408
0.095817	0.648102	0.655147	1.424017
0.098657	0.647064	0.654542	1.419493
0.096313	0.663198	0.670155	1.426580
0.079208	0.667452	0.672135	1.452676
0.064057	0.674930	0.677963	1.476171
0.047979	0.681562	0.683249	1.500516
0.064417	0.675167	0.678233	1.475676
0.079877	0.667828	0.672588	1.451755
0.089224	0.669353	0.675273	1.438279
0.100718	0.651248	0.658990	1.417358
0.095795	0.636270	0.643441	1.421361
0.094711	0.636047	0.643060	1.422977
0.094583	0.637757	0.644733	1.423564
0.094785	0.640414	0.647390	1.423857
0.095210	0.644068	0.651068	1.424033
0.094625	0.649689	0.656544	1.426167
0.088058	0.659836	0.665686	1.438127
0.063731	0.672997	0.676007	1.476381
0.046872	0.677270	0.678890	1.501699
0.027357	0.680504	0.681054	1.530617
0.000421	0.680658	0.680659	1.570178
-0.022133	0.680100	0.680460	1.603329
-0.041946	0.675808	0.677109	1.632785
-0.047117	0.665911	0.667576	1.641435
-0.033127	0.669505	0.670324	1.620236
-0.039309	0.665787	0.666947	1.629769
-0.036426	0.666575	0.667569	1.625388
-0.024922	0.677513	0.677971	1.607564
-0.019496	0.674548	0.674830	1.599690
-0.031844	0.668205	0.668964	1.618416
-0.050157	0.659173	0.661079	1.646740
-0.035868	0.666727	0.667691	1.624541
-0.036966	0.666623	0.667647	1.626192
-0.045651	0.665110	0.666675	1.639325
-0.048912	0.669726	0.671509	1.643699
-0.037437	0.677654	0.678687	1.625986
-0.021373	0.679716	0.680052	1.602230
-0.004991	0.680517	0.680535	1.578130
0.011452	0.680851	0.680948	1.553978
0.027984	0.679665	0.680241	1.529646
0.044618	0.677916	0.679383	1.505074
0.065105	0.671737	0.674885	1.474178
0.082166	0.663986	0.669051	1.447675
0.093093	0.649288	0.655928	1.428389
0.095728	0.648068	0.655100	1.424144
0.095319	0.641590	0.648632	1.423308
0.094732	0.637702	0.644700	1.423323
0.095193	0.636206	0.643288	1.422273
0.100150	0.643432	0.651179	1.416386
0.098092	0.657677	0.664952	1.422738
0.079947	0.675929	0.680640	1.453066
0.089248	0.668368	0.674300	1.438050
0.080015	0.667413	0.672192	1.451478
0.058864	0.676986	0.679540	1.484064
0.076354	0.669958	0.674295	1.457318
0.088162	0.668598	0.674385	1.439691
0.077308	0.676427	0.680830	1.457002
0.077417	0.674662	0.679090	1.456548
0.097988	0.657095	0.664361	1.422764
0.093183	0.658080	0.664645	1.430133
0.075282	0.668156	0.672384	1.458598
0.059926	0.674193	0.676851	1.482143
0.042502	0.679406	0.680734	1.508320
0.025084	0.681500	0.681962	1.534005
0.007778	0.682969	0.683014	1.559408
0.034624	0.680567	0.681447	1.519966
0.060868	0.675140	0.677879	1.480883
0.077177	0.666734	0.671186	1.455555
0.089155	0.660092	0.666085	1.436544
0.095865	0.658434	0.665376	1.426216
0.087111	0.668972	0.674620	1.441309
0.079121	0.667560	0.672233	1.452824
0.064330	0.674313	0.677375	1.475684
0.048758	0.680386	0.682131	1.499256
0.062862	0.674871	0.677792	1.477917
0.076714	0.669050	0.673434	1.456634
0.086466	0.668919	0.674484	1.442247
0.084120	0.675646	0.680862	1.446931
0.098967	0.657292	0.664700	1.421351
0.101195	0.642809	0.650726	1.414652
0.094075	0.622558	0.629626	1.420820
0.092707	0.620364	0.627253	1.422454
0.092518	0.620976	0.627830	1.422896
0.093137	0.623571	0.630488	1.422531
0.090178	0.618940	0.625475	1.426117
0.094431	0.628403	0.635458	1.421641
0.091974	0.625058	0.631789	1.424701
0.091234	0.625141	0.631764	1.425878
0.090970	0.626078	0.632653	1.426505
0.090886	0.627308	0.633858	1.426915
0.090939	0.628704	0.635246	1.427148
0.090723	0.629810	0.636311	1.427732
0.097059	0.642611	0.649900	1.420891
0.095049	0.643009	0.649996	1.424041
0.094144	0.645982	0.652807	1.426077
0.092588	0.650748	0.657301	1.429466
0.088665	0.657420	0.663372	1.436737
0.079705	0.664301	0.669065	1.451384
0.057090	0.675607	0.678015	1.486494
0.028631	0.679273	0.679876	1.528671
0.008345	0.680090	0.680142	1.558526
-0.021325	0.679732	0.680066	1.602159
-0.036972	0.675815	0.676826	1.625449
-0.047860	0.669444	0.671153	1.642166
-0.036569	0.668991	0.669990	1.625405
-0.028902	0.670624	0.671247	1.613867
-0.021230	0.675089	0.675423	1.602234
-0.021076	0.677358	0.677686	1.601902
-0.028800	0.678183	0.678795	1.613237
-0.040002	0.668878	0.670073	1.630530
-0.041531	0.668361	0.669651	1.632855
-0.032946	0.669782	0.670592	1.619946
-0.030400	0.676967	0.677649	1.615672
-0.030223	0.677179	0.677853	1.615398
-0.038434	0.675015	0.676108	1.627673
-0.028704	0.675164	0.675774	1.613285
-0.042162	0.669433	0.670759	1.633695
-0.042586	0.669393	0.670747	1.634329
-0.043751	0.671479	0.672903	1.635860
-0.031230	0.674644	0.675367	1.617055
-0.038637	0.673995	0.675102	1.628059
-0.031004	0.675002	0.675713	1.616695
-0.035046	0.676697	0.677604	1.622540
-0.028836	0.674876	0.675491	1.613498
-0.031492	0.676359	0.677092	1.617324
-0.038786	0.674110	0.675225	1.628270
-0.026426	0.673911	0.674429	1.609990
-0.029947	0.672159	0.672826	1.615321
-0.039559	0.670111	0.671277	1.629761
-0.024706	0.677608	0.678059	1.607240
-0.022232	0.674820	0.675186	1.603730
-0.037184	0.667722	0.668757	1.626427
-0.047195	0.668555	0.670218	1.641272
-0.033119	0.678522	0.679330	1.619567
-0.012756	0.679824	0.679943	1.589558
0.005812	0.679887	0.679912	1.562248
0.025537	0.678887	0.679367	1.533198
0.048426	0.676195	0.677927	1.499303
0.034660	0.677960	0.678846	1.519717
0.057671	0.673698	0.676162	1.485400
0.032425	0.677775	0.678550	1.522993
0.011025	0.679399	0.679488	1.554570
0.017573	0.678539	0.678766	1.544904
0.024374	0.677390	0.677829	1.534829
-0.005600	0.677718	0.677742	1.579059
-0.022645	0.671734	0.672116	1.604495
-0.036636	0.663414	0.664425	1.625963
-0.050178	0.654001	0.655924	1.647371
-0.067425	0.636070	0.639634	1.676405
-0.080770	0.624100	0.629304	1.699499
-0.092335	0.613389	0.620300	1.720207
-0.104057	0.603552	0.612456	1.741526
-0.115515	0.593566	0.604702	1.763006
-0.132068	0.580185	0.595027	1.794613
-0.147207	0.569488	0.588207	1.823750
-0.161112	0.558844	0.581605	1.851480
-0.183575	0.542508	0.572725	1.897083
-0.198397	0.531916	0.567711	1.927800
-0.212260	0.521362	0.562915	1.957431
-0.227709	0.510279	0.558780	1.990522
-0.242315	0.499138	0.554847	2.022749
-0.255648	0.488875	0.551684	2.052620
-0.268356	0.478506	0.548619	2.081909
-0.282467	0.467066	0.545837	2.114715
-0.295877	0.455587	0.543233	2.146778
-0.317904	0.435434	0.539134	2.201430
-0.333798	0.420257	0.536691	2.242034
-0.347761	0.405794	0.534422	2.279334
-0.362159	0.390676	0.532717	2.318333
-0.375222	0.375952	0.531160	2.355222
-0.386603	0.362537	0.529995	2.388308
-0.397155	0.349217	0.528852	2.420334
-0.382404	0.367552	0.530402	2.375995
-0.365407	0.386959	0.532221	2.327556
-0.354212	0.399298	0.533765	2.296430
-0.342188	0.411685	0.535329	2.264268
-0.328474	0.425304	0.537382	2.228435
-0.313513	0.439184	0.539604	2.190760
-0.300899	0.450762	0.541965	2.159399
-0.287438	0.462321	0.544390	2.127039
-0.272430	0.474912	0.547503	2.091610
-0.256355	0.487645	0.550922	2.054793
-0.242311	0.498851	0.554587	2.022969
-0.227476	0.510101	0.558523	1.990272
-0.209002	0.523853	0.564007	1.950416
-0.188824	0.538210	0.570373	1.908216
-0.176198	0.547788	0.575428	1.881999
-0.162817	0.557162	0.580464	1.855106
-0.142531	0.572431	0.589909	1.814826
-0.129453	0.582650	0.596857	1.789424
-0.114940	0.593292	0.604323	1.762159
-0.098595	0.608066	0.616008	1.731542
-0.083926	0.621420	0.627061	1.705039
-0.070796	0.633934	0.637875	1.682012
-0.051189	0.653397	0.655399	1.648980
-0.036091	0.663823	0.664803	1.625111
-0.019500	0.672028	0.672311	1.599805
-0.003606	0.675936	0.675946	1.576131
0.010898	0.677149	0.677236	1.554704
0.021917	0.677332	0.677686	1.538449
0.029488	0.677259	0.677900	1.527284
0.014861	0.679051	0.679214	1.548915
0.036207	0.677014	0.677981	1.517366
0.059636	0.672773	0.675411	1.482385
0.038122	0.677335	0.678407	1.514573
0.057260	0.674179	0.676606	1.486067
0.034487	0.677901	0.678778	1.519967
0.013790	0.679685	0.679825	1.550510
-0.002192	0.679898	0.679901	1.574021
-0.025007	0.679500	0.679960	1.607582
-0.046094	0.670444	0.672027	1.639440
-0.043190	0.666774	0.668171	1.635480
-0.022205	0.674750	0.675116	1.603693
-0.031611	0.677427	0.678164	1.617426
-0.043717	0.671922	0.673343	1.635768
-0.036372	0.676286	0.677264	1.624527
-0.033396	0.674691	0.675517	1.620254
-0.040885	0.672440	0.673682	1.631522
-0.037008	0.670167	0.671188	1.625962
-0.040069	0.671301	0.672496	1.630415
-0.033675	0.675108	0.675948	1.620637
-0.036030	0.669238	0.670207	1.624582
-0.041520	0.669121	0.670408	1.632768
-0.042066	0.672923	0.674236	1.633227
-0.036152	0.675118	0.676086	1.624294
-0.022907	0.673977	0.674367	1.604771
-0.038262	0.667399	0.668495	1.628064
-0.047404	0.668830	0.670508	1.641553
-0.032617	0.678640	0.679424	1.618822
-0.012837	0.679826	0.679948	1.589677
0.005438	0.679897	0.679919	1.562798
0.031605	0.678534	0.679270	1.524251
0.050635	0.675347	0.677243	1.495960
0.066133	0.671373	0.674622	1.472609
0.051415	0.674964	0.676920	1.494768
0.033772	0.678010	0.678851	1.521027
0.009547	0.679678	0.679745	1.556751
0.014004	0.679185	0.679329	1.550181
0.032025	0.677140	0.677896	1.523537
0.025248	0.677281	0.677752	1.533535
0.015227	0.677319	0.677491	1.548319
0.002888	0.676682	0.676688	1.566529
-0.011566	0.674482	0.674581	1.587942
-0.028436	0.668371	0.668975	1.613316
-0.050513	0.655283	0.657227	1.647729
-0.062045	0.643533	0.646518	1.666913
-0.072798	0.632361	0.636537	1.685413
-0.086397	0.619393	0.625390	1.709389
-0.101338	0.605713	0.614131	1.736564
-0.118380	0.590574	0.602322	1.768623
-0.142189	0.572619	0.590008	1.814188
-0.161676	0.557893	0.580847	1.852867
-0.185781	0.540951	0.571964	1.901610
-0.208476	0.524392	0.564313	1.949195
-0.223955	0.513164	0.559905	1.982299
-0.238406	0.501950	0.555690	2.014212
-0.226201	0.511433	0.559223	1.987219
-0.213507	0.520652	0.562729	1.959959
-0.200186	0.530439	0.566957	1.931666
-0.186539	0.540103	0.571409	1.903347
-0.172585	0.550495	0.576915	1.874600
-0.157778	0.561017	0.582781	1.844951
-0.134390	0.578957	0.594350	1.798881
-0.114126	0.595450	0.606288	1.760164
-0.096271	0.611798	0.619326	1.726874
-0.076110	0.630008	0.634589	1.691022
-0.063839	0.642120	0.645285	1.669891
-0.049266	0.657560	0.659403	1.645579
-0.033363	0.666079	0.666914	1.620843
-0.018490	0.672830	0.673084	1.598270
-0.012479	0.676530	0.676645	1.589240
0.003121	0.678492	0.678500	1.566197
0.010499	0.678681	0.678762	1.555328
0.018331	0.678542	0.678790	1.543788
0.028304	0.677953	0.678544	1.529071
0.038788	0.676941	0.678052	1.513560
0.051292	0.675095	0.677041	1.494964
0.063885	0.671988	0.675017	1.476012
0.064025	0.672155	0.675198	1.475829
0.038340	0.677453	0.678537	1.514263
0.015084	0.679579	0.679747	1.548604
-0.000006	0.679844	0.679844	1.570805
-0.017216	0.679715	0.679933	1.596118
-0.045184	0.672334	0.673851	1.637900
-0.044903	0.667140	0.668649	1.638002
-0.024131	0.673268	0.673700	1.606622
-0.040795	0.666871	0.668117	1.631894
-0.047231	0.670878	0.672538	1.641082
-0.025883	0.679478	0.679971	1.608870
-0.009863	0.679881	0.679952	1.585302
0.005773	0.679908	0.679933	1.562305
0.024950	0.679228	0.679686	1.534080
0.007392	0.679876	0.679916	1.559924
-0.007940	0.679898	0.679944	1.582474
-0.023582	0.679563	0.679972	1.605485
-0.047357	0.670735	0.672405	1.641284
-0.034375	0.669005	0.669887	1.622133
-0.024117	0.673511	0.673943	1.606590
-0.021976	0.676798	0.677154	1.603255
-0.028873	0.677939	0.678554	1.613360
-0.037979	0.670488	0.671562	1.627380
-0.032183	0.670731	0.671503	1.618742
-0.026475	0.675312	0.675831	1.609980
-0.029312	0.676728	0.677362	1.614083
-0.030784	0.675398	0.676099	1.616344
-0.040528	0.668659	0.669886	1.631333
-0.041258	0.674116	0.675378	1.631924
-0.023210	0.677528	0.677925	1.605039
-0.024673	0.672793	0.673246	1.607452
-0.043050	0.666642	0.668031	1.635284
-0.042628	0.674902	0.676247	1.633874
-0.016040	0.679794	0.679983	1.594388
0.007571	0.679925	0.679967	1.559662
0.028773	0.678879	0.679488	1.528439
0.057455	0.674796	0.677237	1.485857
0.077441	0.666324	0.670809	1.455094
0.060790	0.673590	0.676327	1.480792
0.034854	0.678152	0.679047	1.519446
0.051866	0.674891	0.676881	1.494096
0.066554	0.671138	0.674430	1.471954
0.051607	0.674916	0.676887	1.494480
0.033070	0.678035	0.678841	1.522062
0.008701	0.679666	0.679721	1.557995
0.010599	0.679223	0.679306	1.555194
0.021659	0.677896	0.678241	1.538857
0.008819	0.677785	0.677842	1.557786
-0.013987	0.674902	0.675047	1.591518
-0.027621	0.668635	0.669206	1.612083
-0.049470	0.655130	0.656995	1.646166
-0.060454	0.643761	0.646593	1.664430
-0.070885	0.632621	0.636580	1.682380
-0.088261	0.617689	0.623963	1.712724
-0.100902	0.606271	0.614611	1.735715
-0.116122	0.592513	0.603785	1.764326
-0.138294	0.575655	0.592034	1.806566
-0.157015	0.561409	0.582952	1.843508
-0.177543	0.547017	0.575108	1.884635
-0.195708	0.533644	0.568399	1.922305
-0.208578	0.524251	0.564220	1.949456
-0.221036	0.514698	0.560153	1.976429
-0.238111	0.501932	0.555547	2.013746
-0.253455	0.489595	0.551310	2.048490
-0.274751	0.472468	0.546547	2.097519
-0.293642	0.456219	0.542551	2.142690
-0.313342	0.438909	0.539281	2.190799
-0.330437	0.422633	0.536477	2.234375
-0.346614	0.406630	0.534312	2.276687
-0.360734	0.391469	0.532332	2.315358
-0.377137	0.373165	0.530551	2.361488
-0.391472	0.355781	0.528990	2.403922
-0.403359	0.340522	0.527876	2.440467
-0.414155	0.325580	0.526808	2.475365
-0.425685	0.309240	0.526153	2.513333
-0.436064	0.293296	0.525523	2.549495
-0.444324	0.279745	0.525053	2.579694
-0.452058	0.266096	0.524561	2.609573
-0.441620	0.284175	0.525151	2.569811
-0.429514	0.303236	0.525770	2.526853
-0.415716	0.323469	0.526737	2.480349
-0.399671	0.344898	0.527913	2.429626
-0.382940	0.365954	0.529684	2.378872
-0.372857	0.377768	0.530783	2.349653
-0.362292	0.389414	0.531882	2.320130
-0.349571	0.403388	0.533781	2.284842
-0.335590	0.417712	0.535821	2.247608
-0.316064	0.436573	0.538974	2.197426
-0.304962	0.446744	0.540909	2.169771
-0.293540	0.456643	0.542853	2.142109
-0.305421	0.446315	0.540813	2.170919
-0.316883	0.435771	0.538805	2.199532
-0.337127	0.416104	0.535534	2.251726
-0.350644	0.402166	0.533562	2.287862
-0.362884	0.388578	0.531675	2.322015
-0.381208	0.367790	0.529707	2.374108
-0.396551	0.348668	0.528036	2.420361
-0.409949	0.330957	0.526868	2.462409
-0.421627	0.314127	0.525781	2.501276
-0.433015	0.297141	0.525162	2.540178
-0.443193	0.280636	0.524572	2.577109
-0.450994	0.267008	0.524108	2.607043
-0.458255	0.253336	0.523619	2.636581
-0.466042	0.238400	0.523478	2.668754
-0.473144	0.223555	0.523299	2.700196
-0.484274	0.197499	0.522999	2.754359
-0.475256	0.218565	0.523105	2.710545
-0.464246	0.241246	0.523187	2.662349
-0.473527	0.222126	0.523037	2.702979
-0.481493	0.203827	0.522858	2.741144
-0.487587	0.188428	0.522729	2.772822
-0.492977	0.173264	0.522539	2.803614
-0.500596	0.150639	0.522770	2.849292
-0.506515	0.129811	0.522885	2.890710
-0.511141	0.111263	0.523110	2.927261
-0.514767	0.093660	0.523218	2.961615
-0.511516	0.109017	0.523004	2.931609
-0.507748	0.124382	0.522761	2.901356
-0.502940	0.141712	0.522523	2.866945
-0.497237	0.159558	0.522210	2.831084
-0.502913	0.141304	0.522387	2.867684
-0.507562	0.123878	0.522460	2.902208
-0.511073	0.108857	0.522537	2.931732
-0.514100	0.093820	0.522591	2.961085
-0.518095	0.071903	0.523060	3.003690
-0.520908	0.051304	0.523429	3.043421
-0.522699	0.033551	0.523774	3.077493
-0.523777	0.016398	0.524034	3.110296
-0.521347	0.042788	0.523099	3.059705
-0.523341	0.017910	0.523648	3.107384
-0.524037	-0.004690	0.524058	3.150543
-0.523928	-0.032156	0.524914	3.202890
-0.522532	-0.056833	0.525613	3.249932
-0.521251	-0.064292	0.525201	3.264314
-0.518780	-0.086525	0.525946	3.306856
-0.515598	-0.106828	0.526548	3.345894
-0.512975	-0.121757	0.527226	3.374636
-0.509930	-0.136609	0.527911	3.403343
-0.503590	-0.162099	0.529036	3.453006
-0.504271	-0.156798	0.528086	3.443055
-0.498541	-0.177372	0.529154	3.483410
-0.492444	-0.196228	0.530101	3.520785
-0.482634	-0.223747	0.531976	3.575695
-0.472464	-0.248383	0.533775	3.625603
-0.477154	-0.235518	0.532113	3.600099
-0.468748	-0.255061	0.533649	3.639919
-0.460142	-0.273180	0.535124	3.677357
-0.446837	-0.299354	0.537844	3.731857
-0.433905	-0.322191	0.540444	3.780301
-0.436081	-0.317087	0.539176	3.770294
-0.426396	-0.333275	0.541189	3.805019
-0.416558	-0.348718	0.543254	3.838574
-0.402882	-0.369359	0.546571	3.883608
-0.389639	-0.388001	0.549876	3.924884
-0.394219	-0.380520	0.547909	3.909310
-0.377255	-0.403235	0.552196	3.960265
-0.361417	-0.423732	0.556930	4.006192
-0.346216	-0.442359	0.561736	4.048312
-0.351684	-0.434721	0.559164	4.032192
-0.339616	-0.449258	0.563180	4.065091
-0.327529	-0.463343	0.567417	4.097058
-0.316614	-0.475809	0.571523	4.125248
-0.305631	-0.488077	0.575873	4.152930
-0.308600	-0.483886	0.573916	4.144671
-0.296538	-0.497341	0.579036	4.174733
-0.284523	-0.510613	0.584533	4.204021
-0.273862	-0.522294	0.589738	4.229456
-0.263193	-0.533819	0.595175	4.254326
-0.266791	-0.529005	0.592472	4.245286
-0.255612	-0.541285	0.598604	4.271201
-0.244477	-0.553546	0.605130	4.296495
-0.234504	-0.564794	0.611542	4.318846
-0.224140	-0.575916	0.617995	4.341237
-0.220531	-0.579292	0.619850	4.348638
-0.200976	-0.601603	0.634285	4.389978
-0.191234	-0.612925	0.642065	4.409957
-0.181120	-0.624095	0.649845	4.429935
-0.176949	-0.628467	0.652903	4.437938
-0.166220	-0.640932	0.662135	4.458637
-0.154835	-0.653053	0.671157	4.479593
-0.140975	-0.667341	0.682069	4.504201
-0.122319	-0.681780	0.692666	4.534866
-0.101398	-0.691791	0.699183	4.566851
-0.081159	-0.698154	0.702855	4.596661
-0.059308	-0.702374	0.704873	4.628150
-0.039070	-0.705217	0.706298	4.657044
-0.017388	-0.706073	0.706287	4.687767
0.003308	-0.705857	0.705865	4.717076
0.020484	-0.704185	0.704483	4.741470
0.048946	-0.698827	0.700539	4.782316
0.072801	-0.689772	0.693603	4.817543
0.093133	-0.677500	0.683871	4.848999
0.108143	-0.666516	0.675232	4.873238
0.120674	-0.656528	0.667526	4.894167
0.131714	-0.647736	0.660992	4.912999
0.141087	-0.639849	0.655219	4.929417
0.151498	-0.632160	0.650060	4.947604
0.159790	-0.625150	0.645248	4.962633
0.169947	-0.617769	0.640719	4.980847
0.176241	-0.611935	0.636809	4.992806
0.186020	-0.605003	0.632955	5.010684
0.190735	-0.600230	0.629806	5.020068
0.202149	-0.592811	0.626330	5.041025
0.205079	-0.589092	0.623768	5.047394
0.215910	-0.581994	0.620753	5.067634
0.219882	-0.577728	0.618157	5.076058
0.231754	-0.569994	0.615308	5.098564
0.234391	-0.566566	0.613136	5.104654
0.245305	-0.559331	0.610758	5.125696
0.248282	-0.555735	0.608675	5.132548
0.259986	-0.547920	0.606472	5.155427
0.262749	-0.544563	0.604637	5.161935
0.273051	-0.537404	0.602793	5.182490
0.284001	-0.528401	0.599887	5.205564
0.295038	-0.519461	0.597400	5.228925
0.305657	-0.510384	0.594910	5.251981
0.316574	-0.501224	0.592827	5.275721
0.319832	-0.497277	0.591250	5.283945
0.332383	-0.487639	0.590145	5.310671
0.334282	-0.484611	0.588721	5.316232
0.345536	-0.475582	0.587855	5.340714
0.347913	-0.472162	0.586498	5.347421
0.360240	-0.462016	0.585860	5.374637
0.362486	-0.458732	0.584663	5.381121
0.372646	-0.449813	0.584120	5.404237
0.381162	-0.440938	0.582847	5.425204
0.391433	-0.430666	0.581973	5.450100
0.399456	-0.421759	0.580901	5.470635
0.409420	-0.411174	0.580249	5.495650
0.411522	-0.407585	0.579203	5.502593
0.423246	-0.395642	0.579370	5.531483
0.425355	-0.392058	0.578478	5.538499
0.434562	-0.381933	0.578548	5.562155
0.436573	-0.378250	0.577641	5.569242
0.447120	-0.366290	0.578001	5.596834
0.457722	-0.352124	0.577496	5.627448
0.464906	-0.341794	0.577028	5.649231
0.473659	-0.329514	0.577003	5.675366
0.480239	-0.319195	0.576641	5.696573
0.488443	-0.306689	0.576745	5.722510
0.490370	-0.302400	0.576115	5.730594
0.498939	-0.289488	0.576839	5.757446
0.507627	-0.274013	0.576860	5.788213
0.510794	-0.267575	0.576634	5.800647
0.516889	-0.256680	0.577113	5.822272
0.524610	-0.240913	0.577282	5.852688
0.529346	-0.230199	0.577233	5.872981
0.535541	-0.216674	0.577713	5.898729
0.539604	-0.206253	0.577679	5.918090
0.545080	-0.192858	0.578192	5.943116
0.551791	-0.174586	0.578752	5.976752
0.557263	-0.157872	0.579194	6.007121
0.562812	-0.139442	0.579829	6.040316
0.567224	-0.122639	0.580331	6.070254
0.569646	-0.111608	0.580476	6.089712
0.573005	-0.097202	0.581191	6.115150
0.574702	-0.087089	0.581263	6.132792
0.577381	-0.072999	0.581977	6.157422
0.580313	-0.053628	0.582786	6.191034
0.582320	-0.036079	0.583437	6.221308
0.584031	-0.016796	0.584273	6.254434
0.584972	0.000763	0.584973	6.284490
0.585006	0.010394	0.585098	6.300951
0.585499	0.025590	0.586058	6.326864
0.585070	0.033701	0.586040	6.340724
0.584973	0.048119	0.586948	6.365259
0.583982	0.068567	0.587993	6.400063
0.582414	0.086568	0.588813	6.430742
0.580153	0.106733	0.589889	6.465125
0.577465	0.124650	0.590765	6.495781
0.575750	0.132760	0.590858	6.509811
0.573118	0.148452	0.592032	6.536640
0.571611	0.152829	0.591689	6.544440
0.568328	0.169422	0.593044	6.572904
0.563355	0.188987	0.594209	6.606854
0.558222	0.206570	0.595217	6.637610
0.552077	0.225666	0.596418	6.671219
0.545876	0.242882	0.597472	6.701824
0.543030	0.249170	0.597467	6.713375
0.536788	0.265759	0.598974	6.742899
0.534471	0.269803	0.598709	6.750668
0.527767	0.285871	0.600217	6.779605
0.518755	0.304641	0.601591	6.814180
0.509949	0.321422	0.602793	6.845589
0.499869	0.339363	0.604182	6.879612
0.489958	0.355673	0.605443	6.911100
0.486374	0.360463	0.605387	6.920981
0.476227	0.376623	0.607155	6.952320
0.472778	0.380798	0.607063	6.961239
0.463071	0.394923	0.608604	6.989323
0.451489	0.410124	0.609954	7.020612
0.439765	0.424616	0.611304	7.051059
0.427331	0.439041	0.612673	7.082099
0.414760	0.452803	0.614049	7.112406
0.406143	0.461523	0.614781	7.132323
0.393832	0.474012	0.616272	7.160712
0.385498	0.481629	0.616908	7.178993
0.373268	0.492929	0.618311	7.205860
0.358737	0.505385	0.619763	7.236690
0.343963	0.517341	0.621251	7.267227
0.328956	0.528696	0.622681	7.297397
0.313292	0.539897	0.624212	7.328188
0.305381	0.544919	0.624655	7.343177
0.288784	0.556003	0.626526	7.374940
0.282946	0.559123	0.626639	7.385503
0.265614	0.569706	0.628583	7.417714
0.250478	0.577943	0.629887	7.445022
0.232735	0.587150	0.631593	7.476599
0.217932	0.594095	0.632806	7.502392
0.199569	0.602348	0.634548	7.534045
0.185036	0.608187	0.635712	7.558638
0.165636	0.615684	0.637575	7.591176
0.151489	0.620440	0.638667	7.614503
0.132207	0.626687	0.640481	7.646068
0.117675	0.630724	0.641607	7.669531
0.097443	0.636093	0.643513	7.701973
0.083710	0.639066	0.644525	7.723735
0.063694	0.643236	0.646382	7.755282
0.049272	0.645603	0.647480	7.777811
0.028342	0.648820	0.649439	7.810326
0.014779	0.650263	0.650431	7.831258
-0.005461	0.652270	0.652293	7.862354
-0.019869	0.653082	0.653384	7.884396
-0.041176	0.654065	0.655360	7.916852
-0.052636	0.653987	0.656101	7.934293
-0.074854	0.653925	0.658195	7.967954
-0.091522	0.653127	0.659508	7.993204
-0.114784	0.651622	0.661654	8.028345
-0.130687	0.649879	0.662889	8.052429
-0.153180	0.647069	0.664953	8.086432
-0.169737	0.644289	0.666273	8.111577
-0.192896	0.639980	0.668419	8.146731
-0.208593	0.636346	0.669662	8.170742
-0.230576	0.630879	0.671695	8.204384
-0.242935	0.627187	0.672593	8.223527
-0.267593	0.619700	0.675006	8.261607
-0.278510	0.615706	0.675767	8.278782
-0.301871	0.607170	0.678072	8.315369
-0.313577	0.602201	0.678953	8.334065
-0.337562	0.591886	0.681379	8.372289
-0.348591	0.586441	0.682223	8.390287
-0.370222	0.575640	0.684416	8.425525
-0.385756	0.567037	0.685812	8.451364
-0.407509	0.554386	0.688046	8.487855
-0.419858	0.546426	0.689102	8.509137
-0.441864	0.531857	0.691459	8.547219
-0.454527	0.522606	0.692612	8.569820
-0.476545	0.505989	0.695069	8.609421
-0.487024	0.497223	0.696005	8.629018
-0.507894	0.479426	0.698431	8.668205
-0.519072	0.468983	0.699558	8.690031
-0.538158	0.450574	0.701877	8.727732
-0.548374	0.439810	0.702956	8.748804
-0.564873	0.421886	0.705031	8.783284
-0.575316	0.409593	0.706226	8.806081
-0.591729	0.389522	0.708428	8.842606
-0.603683	0.373716	0.709998	8.870462
-0.615208	0.357546	0.711562	8.898313
-0.624421	0.343654	0.712741	8.921661
-0.632745	0.330858	0.714026	8.942984
-0.640806	0.317863	0.715310	8.964306
-0.648844	0.303788	0.716439	8.986894
-0.662675	0.278479	0.718810	9.026951
-0.670259	0.263004	0.720013	9.050848
-0.676906	0.249065	0.721273	9.072206
-0.683260	0.234962	0.722532	9.093562
-0.689702	0.219227	0.723705	9.117020
-0.700031	0.192389	0.725987	9.156570
-0.707086	0.171714	0.727638	9.186543
-0.713518	0.150798	0.729279	9.216498
-0.718957	0.130998	0.730794	9.244550
-0.723840	0.111008	0.732303	9.272604
-0.728449	0.089485	0.733924	9.302546
-0.732408	0.067787	0.735539	9.332487
-0.735505	0.047340	0.737027	9.360503
-0.738023	0.026779	0.738509	9.388509
-0.739830	0.006971	0.739863	9.415356
-0.741729	-0.022844	0.742081	9.455566
-0.742291	-0.046534	0.743748	9.487386
-0.742085	-0.070272	0.745404	9.519192
-0.741051	-0.095295	0.747153	9.552671
-0.739162	-0.120303	0.748888	9.586119
-0.736577	-0.143925	0.750506	9.617744
-0.733227	-0.167493	0.752114	9.649357
-0.729210	-0.190552	0.753695	9.680375
-0.724461	-0.213502	0.755266	9.711369
-0.719271	-0.235159	0.756736	9.740764
-0.713429	-0.256677	0.758198	9.770139
-0.706562	-0.279252	0.759744	9.801163
-0.698978	-0.301623	0.761279	9.832158
-0.691114	-0.322640	0.762715	9.861547
-0.682615	-0.343439	0.764142	9.890921
-0.671869	-0.367516	0.765817	9.925319
-0.660273	-0.391229	0.767477	9.959683
-0.648395	-0.413530	0.769040	9.992511
-0.635771	-0.435437	0.770591	10.025295
-0.621709	-0.458038	0.772218	10.059739
-0.606854	-0.480147	0.773830	10.094135
-0.591958	-0.500747	0.775346	10.126896
-0.576375	-0.520852	0.776850	10.159616
-0.561413	-0.538944	0.778232	10.189759
-0.545891	-0.556585	0.779605	10.219876
-0.530469	-0.573078	0.780907	10.248768
-0.514559	-0.589124	0.782201	10.277633
-0.497563	-0.605278	0.783537	10.307538
-0.480073	-0.620917	0.784862	10.337410
-0.462722	-0.635520	0.786128	10.366237
-0.444939	-0.649620	0.787386	10.395040
-0.423521	-0.665533	0.788862	10.428845
-0.401559	-0.680708	0.790325	10.462605
-0.380092	-0.694495	0.791702	10.494811
-0.358179	-0.707577	0.793069	10.526975
-0.334853	-0.720476	0.794489	10.560508
-0.311091	-0.732580	0.795896	10.593999
-0.287940	-0.743412	0.797227	10.626045
-0.264445	-0.753488	0.798546	10.658043
-0.241528	-0.762468	0.799808	10.688803
-0.218331	-0.770733	0.801061	10.719529
-0.195636	-0.778040	0.802259	10.749234
-0.172720	-0.784664	0.803449	10.778909
-0.148834	-0.790785	0.804669	10.809541
-0.124761	-0.796165	0.805881	10.840136
-0.101253	-0.800665	0.807042	10.869781
-0.077616	-0.804459	0.808194	10.899390
-0.050566	-0.807918	0.809499	10.933068
-0.023424	-0.810451	0.810790	10.966680
0.002825	-0.812014	0.812019	10.999053
0.029113	-0.812716	0.813237	11.031381
0.056311	-0.812540	0.814489	11.064766
0.083484	-0.811446	0.815730	11.098096
0.109602	-0.809523	0.816909	11.130147
0.135644	-0.806753	0.818077	11.162152
0.159749	-0.803426	0.819154	11.191848
0.183740	-0.799378	0.820223	11.221504
0.207328	-0.794670	0.821270	11.250784
0.230770	-0.789266	0.822311	11.280030
0.254182	-0.783129	0.823346	11.309419
0.277403	-0.776300	0.824375	11.338773
0.300181	-0.768863	0.825384	11.367797
0.322733	-0.760762	0.826387	11.396787
0.346722	-0.751311	0.827457	11.427941
0.370390	-0.741115	0.828517	11.459041
0.393281	-0.730397	0.829547	11.489505
0.415826	-0.718981	0.830569	11.519926
0.438352	-0.706684	0.831597	11.550783
0.460478	-0.693693	0.832617	11.581595
0.481822	-0.680259	0.833609	11.611843
0.502741	-0.666182	0.834594	11.642051
0.523845	-0.651009	0.835599	11.673155
0.544457	-0.635186	0.836597	11.704211
0.564233	-0.619000	0.837568	11.734720
0.583497	-0.602217	0.838531	11.765185
0.602559	-0.584537	0.839500	11.796154
0.621054	-0.566276	0.840462	11.827075
0.638728	-0.547706	0.841401	11.857542
0.655818	-0.528608	0.842333	11.887964
0.671879	-0.509525	0.843230	11.917542
0.687357	-0.489980	0.844121	11.947074
0.702094	-0.470192	0.844995	11.976271
0.716236	-0.449989	0.845863	12.005424
0.729793	-0.429351	0.846723	12.034585
0.742732	-0.408333	0.847577	12.063703
0.754983	-0.387062	0.848420	12.092634
0.766605	-0.365451	0.849257	12.121525
0.777625	-0.343440	0.850090	12.150480
0.787995	-0.321126	0.850916	12.179396
0.797734	-0.298463	0.851739	12.208356
0.806805	-0.275533	0.852557	12.237278
0.815113	-0.252600	0.853356	12.265860
0.822755	-0.229444	0.854149	12.294407
0.829755	-0.205988	0.854941	12.323039
0.836073	-0.182347	0.855727	12.351634
0.841455	-0.159649	0.856466	12.378870
0.846210	-0.136819	0.857199	12.406073
0.850431	-0.113325	0.857949	12.433895
0.853991	-0.089733	0.858692	12.461680
0.856799	-0.066817	0.859401	12.488544
0.858987	-0.043840	0.860105	12.515378
0.860595	-0.020089	0.860830	12.543032
0.861542	0.003687	0.861550	12.570650
0.861822	0.028256	0.862285	12.599146
0.861398	0.052808	0.863015	12.627599
0.860263	0.077490	0.863746	12.656205
0.858419	0.102113	0.864471	12.684769
0.855888	0.126474	0.865182	12.713078
0.852666	0.150737	0.865888	12.741346
0.848738	0.175009	0.866593	12.769720
0.844122	0.199143	0.867294	12.798052
0.839073	0.222037	0.867954	12.825063
0.833407	0.244777	0.868610	12.852044
0.826930	0.268034	0.869284	12.879816
0.819810	0.291089	0.869955	12.907554
0.812377	0.312995	0.870587	12.934126
0.804363	0.334689	0.871216	12.960672
0.795456	0.356936	0.871867	12.988158
0.785941	0.378919	0.872515	13.015613
0.776310	0.399607	0.873123	13.041750
0.766143	0.420028	0.873727	13.067859
0.755038	0.440923	0.874354	13.094923
0.743372	0.461500	0.874977	13.121958
0.731692	0.480872	0.875563	13.147795
0.719516	0.499928	0.876146	13.173605
0.706377	0.519347	0.876750	13.200349
0.692728	0.538398	0.877350	13.227062
0.679461	0.555920	0.877904	13.252098
0.665761	0.573100	0.878454	13.277113
0.650993	0.590678	0.879029	13.303231
0.635776	0.607854	0.879601	13.329321
0.621032	0.623657	0.880130	13.353878
0.605905	0.639089	0.880656	13.378417
0.589406	0.655092	0.881218	13.404501
0.572501	0.670652	0.881777	13.430559
0.555326	0.685643	0.882323	13.456398
0.537774	0.700180	0.882866	13.482212
0.519216	0.714745	0.883428	13.508918
0.500285	0.728800	0.883988	13.535593
0.481806	0.741775	0.884515	13.561121
0.463007	0.754269	0.885041	13.586626
0.443259	0.766668	0.885584	13.612959
0.423199	0.778536	0.886124	13.639264
0.404311	0.789064	0.886616	13.663654
0.385175	0.799124	0.887107	13.688026
0.364404	0.809387	0.887636	13.714129
0.343380	0.819098	0.888162	13.740205
0.323787	0.827549	0.888637	13.764217
0.304001	0.835523	0.889110	13.788212
0.282524	0.843567	0.889621	13.813993
0.260855	0.851051	0.890131	13.839749
0.240851	0.857402	0.890589	13.863317
0.220705	0.863279	0.891045	13.886870
0.199070	0.869025	0.891534	13.911979
0.177305	0.874222	0.892021	13.937066
0.157047	0.878536	0.892462	13.960276
0.136695	0.882377	0.892902	13.983472
0.114769	0.885974	0.893377	14.008345
0.092767	0.889023	0.893850	14.033196
0.072834	0.891295	0.894266	14.055631
0.052857	0.893119	0.894682	14.078054
0.030696	0.894620	0.895146	14.102869
0.008512	0.895569	0.895609	14.127663
-0.011441	0.895941	0.896014	14.149936
-0.031397	0.895868	0.896418	14.172199
-0.053441	0.895275	0.896868	14.196789
-0.075458	0.894138	0.897317	14.221359
-0.096035	0.892575	0.897726	14.244348
-0.116569	0.890538	0.898134	14.267324
-0.138849	0.887790	0.898582	14.292308
-0.161045	0.884486	0.899028	14.317271
-0.181080	0.881006	0.899422	14.339882
-0.201029	0.877072	0.899815	14.362480
-0.222736	0.872260	0.900249	14.387179
-0.244309	0.866915	0.900682	14.411857
-0.263686	0.861619	0.901065	14.434152
-0.282938	0.855892	0.901446	14.456434
-0.303622	0.849218	0.901863	14.480536
-0.324133	0.842048	0.902279	14.504619
-0.342671	0.835076	0.902649	14.526561
-0.361050	0.827700	0.903020	14.548493
-0.380878	0.819214	0.903427	14.572368
-0.400491	0.810259	0.903832	14.596224
-0.418717	0.801418	0.904209	14.618629
-0.436739	0.792171	0.904586	14.641022
-0.454485	0.782555	0.904958	14.663327
-0.472010	0.772547	0.905330	14.685621
-0.489179	0.762227	0.905696	14.707739
-0.506114	0.751531	0.906062	14.729847
-0.522754	0.740496	0.906425	14.751875
-0.539146	0.729098	0.906787	14.773894
-0.555214	0.717390	0.907144	14.795812
-0.571021	0.705332	0.907501	14.817720
-0.586511	0.692968	0.907855	14.839553
-0.601727	0.680269	0.908207	14.861376
-0.616623	0.667272	0.908557	14.883136
-0.631232	0.653953	0.908905	14.904887
-0.645490	0.640374	0.909250	14.926544
-0.659450	0.626489	0.909595	14.948191
-0.673321	0.612075	0.909943	14.970177
-0.686870	0.597360	0.910291	14.992152
-0.700039	0.582409	0.910635	15.014033
-0.712878	0.567174	0.910978	15.035904
-0.725277	0.551789	0.911316	15.057588
-0.737340	0.536138	0.911654	15.079264
-0.749014	0.520289	0.911989	15.100849
-0.760344	0.504192	0.912322	15.122427
-0.771215	0.488016	0.912651	15.143783
-0.781739	0.471610	0.912979	15.165133
-0.791873	0.455041	0.913304	15.186401
-0.801652	0.438260	0.913628	15.207660
-0.811005	0.421395	0.913949	15.228762
-0.819999	0.404336	0.914268	15.249856
-0.828603	0.387146	0.914584	15.270875
-0.836843	0.369779	0.914900	15.291887
-0.844595	0.352518	0.915210	15.312563
-0.851988	0.335099	0.915519	15.333234
-0.858999	0.317580	0.915825	15.353839
-0.865647	0.299919	0.916131	15.374438
-0.871889	0.282239	0.916433	15.394899
-0.877768	0.264434	0.916735	15.415354
-0.883267	0.246557	0.917033	15.435750
-0.888399	0.228571	0.917331	15.456141
-0.893175	0.210428	0.917628	15.476587
-0.897578	0.192192	0.917924	15.497026
-0.901593	0.173932	0.918217	15.517388
-0.905235	0.155593	0.918509	15.537745
-0.908486	0.137270	0.918798	15.558000
-0.911366	0.118885	0.919087	15.578249
-0.913863	0.100506	0.919373	15.598425
-0.915988	0.082078	0.919658	15.618596
-0.917741	0.063608	0.919943	15.638764
-0.919120	0.045105	0.920227	15.658928
-0.920123	0.026637	0.920508	15.679022
-0.920754	0.008151	0.920790	15.699112
-0.921012	-0.010199	0.921069	15.719036
-0.920905	-0.028550	0.921348	15.738955
-0.920433	-0.046842	0.921624	15.758811
-0.919598	-0.065121	0.921901	15.778660
-0.918411	-0.083228	0.922175	15.798339
-0.916868	-0.101310	0.922448	15.818012
-0.914974	-0.119308	0.922720	15.837627
-0.912727	-0.137267	0.922991	15.857237
-0.910148	-0.155047	0.923260	15.876697
-0.907223	-0.172775	0.923529	15.896154
-0.903961	-0.190401	0.923796	15.915558
-0.900358	-0.207961	0.924063	15.934958
-0.896436	-0.225355	0.924328	15.954249
-0.892179	-0.242672	0.924593	15.973537
-0.887597	-0.259870	0.924857	15.992782
-0.882684	-0.276978	0.925120	16.012023
-0.877463	-0.293923	0.925382	16.031186
-0.871917	-0.310767	0.925643	16.050344
-0.866066	-0.327454	0.925903	16.069443
-0.859897	-0.344028	0.926163	16.088539
-0.853377	-0.360561	0.926422	16.107724
-0.846541	-0.376968	0.926681	16.126905
-0.839411	-0.393196	0.926938	16.146028
-0.831971	-0.409286	0.927195	16.165148
-0.824277	-0.425125	0.927450	16.184135
-0.816282	-0.440817	0.927704	16.203120
-0.808011	-0.456314	0.927958	16.222051
-0.799448	-0.471655	0.928211	16.240980
-0.790771	-0.486535	0.928458	16.259533
-0.781818	-0.501253	0.928706	16.278083
-0.772615	-0.515770	0.928952	16.296587
-0.763143	-0.530115	0.929198	16.315088
-0.753470	-0.544192	0.929442	16.333465
-0.743539	-0.558090	0.929685	16.351839
-0.733377	-0.571773	0.929928	16.370169
-0.722964	-0.585269	0.930170	16.388495
-0.712373	-0.598488	0.930410	16.406701
-0.701542	-0.611514	0.930650	16.424905
-0.690496	-0.624315	0.930889	16.443069
-0.679217	-0.636916	0.931128	16.461232
-0.667777	-0.649241	0.931364	16.479289
-0.656113	-0.661359	0.931601	16.497344
-0.644250	-0.673247	0.931837	16.515366
-0.632173	-0.684920	0.932072	16.533388
-0.619819	-0.696437	0.932309	16.551505
-0.607256	-0.707730	0.932546	16.569620
-0.594515	-0.718771	0.932781	16.587695
-0.581575	-0.729582	0.933017	16.605768
-0.568429	-0.740166	0.933251	16.623853
-0.555092	-0.750512	0.933486	16.641936
-0.541598	-0.760594	0.933719	16.659978
-0.527921	-0.770433	0.933953	16.678017
-0.514080	-0.780015	0.934184	16.696039
-0.500065	-0.789347	0.934416	16.714058
-0.485911	-0.798408	0.934647	16.732040
-0.471594	-0.807214	0.934877	16.750021
-0.457190	-0.815722	0.935107	16.767912
-0.442633	-0.823971	0.935336	16.785801
-0.427954	-0.831947	0.935564	16.803658
-0.413131	-0.839660	0.935792	16.821514
-0.398648	-0.846876	0.936012	16.838803
-0.384039	-0.853841	0.936232	16.856090
-0.369338	-0.860541	0.936452	16.873343
-0.354521	-0.866987	0.936671	16.890595
-0.339657	-0.873151	0.936889	16.907770
-0.324688	-0.879060	0.937106	16.924944
-0.309641	-0.884702	0.937323	16.942089
-0.294497	-0.890086	0.937540	16.959233
-0.279380	-0.895171	0.937755	16.976242
-0.264176	-0.899998	0.937969	16.993250
-0.248908	-0.904562	0.938183	17.010236
-0.233562	-0.908865	0.938396	17.027220
-0.218184	-0.912898	0.938609	17.044159
-0.202736	-0.916670	0.938822	17.061097
-0.187239	-0.920177	0.939033	17.078018
-0.171683	-0.923421	0.939245	17.094938
-0.155915	-0.926430	0.939459	17.112026
-0.140096	-0.929170	0.939672	17.129112
-0.124256	-0.931635	0.939885	17.146168
-0.108374	-0.933830	0.940098	17.163223
-0.092361	-0.935764	0.940311	17.180377
-0.076314	-0.937423	0.940524	17.197530
-0.060263	-0.938806	0.940738	17.214656
-0.044188	-0.939914	0.940952	17.231782
-0.028192	-0.940742	0.941164	17.248800
-0.012183	-0.941298	0.941377	17.265818
0.003819	-0.941582	0.941590	17.282815
0.019826	-0.941595	0.941804	17.299812
0.035764	-0.941337	0.942017	17.316734
0.051699	-0.940811	0.942230	17.333655
0.067611	-0.940015	0.942444	17.350562
0.083511	-0.938951	0.942657	17.367467
0.098937	-0.937660	0.942866	17.383886
0.114344	-0.936117	0.943074	17.400305
0.129704	-0.934323	0.943282	17.416699
0.145035	-0.932277	0.943491	17.433093
0.160308	-0.929984	0.943700	17.449459
0.175545	-0.927442	0.943909	17.465825
0.190724	-0.924654	0.944119	17.482172
0.205859	-0.921617	0.944328	17.498519
0.220793	-0.918368	0.944536	17.514701
0.235676	-0.914876	0.944744	17.530883
0.250495	-0.911146	0.944953	17.547054
0.265255	-0.907177	0.945161	17.563226
0.279966	-0.902964	0.945371	17.579413
0.294610	-0.898513	0.945580	17.595599
0.309171	-0.893830	0.945790	17.611773
0.323658	-0.888910	0.946000	17.627945
0.338126	-0.883734	0.946211	17.644186
0.352512	-0.878323	0.946422	17.660426
0.366798	-0.872683	0.946634	17.676652
0.380993	-0.866811	0.946846	17.692876
0.395212	-0.860657	0.947060	17.709236
0.409330	-0.854269	0.947274	17.725595
0.423338	-0.847655	0.947488	17.741945
0.437238	-0.840811	0.947703	17.758294
0.450934	-0.833790	0.947917	17.774531
0.464516	-0.826545	0.948131	17.790767
0.477981	-0.819080	0.948345	17.807002
0.491326	-0.811396	0.948560	17.823237
0.504541	-0.803501	0.948775	17.839462
0.517628	-0.795390	0.948991	17.855686
0.530580	-0.787070	0.949207	17.871905
0.543398	-0.778539	0.949424	17.888123
0.555767	-0.770021	0.949636	17.903938
0.568001	-0.761306	0.949848	17.919753
0.580088	-0.752405	0.950061	17.935552
0.592035	-0.743313	0.950274	17.951352
0.603852	-0.734023	0.950488	17.967166
0.615522	-0.724546	0.950702	17.982980
0.627040	-0.714888	0.950917	17.998787
0.638405	-0.705046	0.951132	18.014594
0.660371	-0.685106	0.951557	18.045775
0.681719	-0.664478	0.951983	18.076964
0.702559	-0.643043	0.952414	18.108359
0.722722	-0.620960	0.952847	18.139747
0.742148	-0.598295	0.953279	18.171066
0.760865	-0.575025	0.953713	18.202384
0.770045	-0.563044	0.953933	18.218206
0.779036	-0.550917	0.954153	18.234029
0.787842	-0.538641	0.954374	18.249859
0.796454	-0.526224	0.954595	18.265689
0.812949	-0.501204	0.955035	18.297074
0.820914	-0.488481	0.955256	18.312787
0.828680	-0.475633	0.955477	18.328500
0.836267	-0.462624	0.955700	18.344258
0.843650	-0.449494	0.955923	18.360017
0.850829	-0.436243	0.956147	18.375778
0.857799	-0.422878	0.956371	18.391540
0.870891	-0.396283	0.956814	18.422525
0.883152	-0.369301	0.957257	18.453491
0.894647	-0.341765	0.957704	18.484653
0.905284	-0.313875	0.958153	18.515811
0.914930	-0.286028	0.958598	18.546560
0.923727	-0.257862	0.959044	18.577332
0.931641	-0.229486	0.959489	18.608040
0.938687	-0.200855	0.959936	18.638760
0.944884	-0.171861	0.960386	18.669637
0.950194	-0.142663	0.960844	18.700528
0.954604	-0.113329	0.961308	18.731391
0.958121	-0.083816	0.961780	18.762299
0.960732	-0.054212	0.962261	18.793188
0.962441	-0.024439	0.962751	18.824169
0.963236	0.005438	0.963251	18.855201
0.963109	0.035405	0.963760	18.886300
0.962064	0.065297	0.964277	18.917324
0.960098	0.095134	0.964800	18.948321
0.957224	0.124813	0.965327	18.979215
0.953440	0.154403	0.965861	19.010105
0.948782	0.183688	0.966400	19.040794
0.943225	0.212867	0.966946	19.071518
0.936777	0.241876	0.967499	19.102238
0.929427	0.270752	0.968060	19.133022
0.921193	0.299406	0.968629	19.163806
0.912074	0.327843	0.969206	19.194623
0.902088	0.356001	0.969793	19.225434
0.891207	0.383941	0.970392	19.256337
0.885439	0.397808	0.970697	19.271809
0.879454	0.411589	0.971002	19.287282
0.873219	0.425371	0.971314	19.302855
0.866767	0.439059	0.971626	19.318428
0.860055	0.452754	0.971946	19.334119
0.853126	0.466345	0.972266	19.349809
0.845911	0.479971	0.972593	19.365660
0.838479	0.493484	0.972921	19.381511
0.830789	0.506962	0.973253	19.397455
0.822883	0.520320	0.973585	19.413397
0.814770	0.533539	0.973917	19.429322
0.806445	0.546631	0.974248	19.445246
0.797934	0.559556	0.974577	19.461124
0.789216	0.572347	0.974907	19.477001
0.780298	0.584995	0.975235	19.492869
0.771177	0.597503	0.975563	19.508737
0.761901	0.609810	0.975890	19.524528
0.752429	0.621972	0.976216	19.540318
0.742757	0.633992	0.976542	19.556117
0.732893	0.645862	0.976867	19.571915
0.722840	0.657574	0.977191	19.587709
0.712601	0.669129	0.977514	19.603503
0.702141	0.680560	0.977837	19.619347
0.691499	0.691827	0.978159	19.635191
0.680733	0.702867	0.978479	19.650950
0.669792	0.713740	0.978798	19.666709
0.658702	0.724417	0.979116	19.682431
0.647443	0.734921	0.979434	19.698152
0.636065	0.745207	0.979751	19.713805
0.624525	0.755316	0.980068	19.729459
0.612853	0.765234	0.980393	19.745081
0.601025	0.774980	0.980726	19.760707
0.589087	0.784535	0.981081	19.776292
0.576998	0.793907	0.981435	19.791876
0.564709	0.803164	0.981820	19.807545
0.552273	0.812231	0.982204	19.823213
0.539549	0.821245	0.982627	19.839079
0.526680	0.830058	0.983051	19.854944
0.513246	0.838985	0.983523	19.871340
0.499664	0.847693	0.983995	19.887734
0.485527	0.856450	0.984501	19.904622
0.471239	0.864970	0.985008	19.921507
0.456831	0.873236	0.985513	19.938358
0.442282	0.881260	0.986018	19.955206
0.427644	0.889015	0.986523	19.971994
0.412874	0.896526	0.987028	19.988779
0.398002	0.903778	0.987532	20.005531
0.383006	0.910781	0.988036	20.022279
0.367963	0.917504	0.988539	20.038943
0.352805	0.923977	0.989043	20.055605
0.337564	0.930188	0.989545	20.072233
0.322217	0.936147	0.990048	20.088858
0.306773	0.941848	0.990550	20.105474
0.291194	0.947306	0.991051	20.122128
0.275366	0.952549	0.991552	20.138941
0.259447	0.957527	0.992054	20.155750
