time = 5.3999	Re = 1	40	80
0.156053	0.138347	0.208549	0.725327
0.172443	0.131602	0.216923	0.651874
0.188524	0.123248	0.225237	0.579009
0.213179	0.112325	0.240961	0.484938
0.232928	0.107221	0.256421	0.431402
0.249397	0.108302	0.271898	0.409682
0.263213	0.115631	0.287492	0.413925
0.274343	0.129219	0.303252	0.440191
0.282666	0.148457	0.319280	0.483605
0.287824	0.172889	0.335757	0.540917
0.289341	0.202111	0.352941	0.609734
0.288506	0.218789	0.362083	0.648826
0.286756	0.235728	0.371209	0.688042
0.283775	0.254491	0.381174	0.731048
0.279727	0.273518	0.391228	0.774176
0.274376	0.294159	0.402259	0.820181
0.268137	0.315025	0.413689	0.865629
0.260595	0.338022	0.426812	0.914028
0.252041	0.361340	0.440558	0.961738
0.242151	0.387086	0.456588	1.011785
0.231398	0.414113	0.474378	1.061236
0.225424	0.429127	0.484733	1.087107
0.218832	0.444061	0.495053	1.112928
0.212410	0.460507	0.507133	1.138625
0.205211	0.476938	0.519212	1.164472
0.197657	0.496367	0.534274	1.191837
0.189559	0.516113	0.549823	1.218810
0.180239	0.538614	0.567971	1.247875
0.170276	0.562181	0.587402	1.276695
0.164017	0.576762	0.599630	1.293735
0.157598	0.591354	0.611994	1.310345
0.150130	0.607036	0.625325	1.328345
0.142183	0.622826	0.638849	1.346355
0.131613	0.642573	0.655913	1.368769
0.119947	0.665179	0.675907	1.392391
0.101309	0.677687	0.685218	1.422403
0.079499	0.686937	0.691522	1.455580
0.058904	0.689953	0.692463	1.485629
0.034863	0.695058	0.695932	1.520680
0.014601	0.695082	0.695235	1.549794
-0.014469	0.695434	0.695585	1.591599
-0.030864	0.692651	0.693338	1.615326
-0.046658	0.689430	0.691007	1.638370
-0.061686	0.685039	0.687810	1.660602
-0.072554	0.677790	0.681663	1.677435
-0.091087	0.664500	0.670714	1.707024
-0.095924	0.658634	0.665583	1.715420
-0.112955	0.648061	0.657831	1.743360
-0.117437	0.642897	0.653535	1.751473
-0.133775	0.632240	0.646238	1.779310
-0.139391	0.627025	0.642332	1.789545
-0.154526	0.617825	0.636856	1.815882
-0.160139	0.612850	0.633427	1.826384
-0.174426	0.603975	0.628658	1.851943
-0.182412	0.598192	0.625387	1.866777
-0.193515	0.591265	0.622127	1.887098
-0.199374	0.586460	0.619423	1.898500
-0.213212	0.577961	0.616034	1.924212
-0.221552	0.572121	0.613520	1.940260
-0.233061	0.564931	0.611117	1.962072
-0.240591	0.559423	0.608965	1.976954
-0.250756	0.552762	0.606979	1.996674
-0.270149	0.539929	0.603741	2.034717
-0.287167	0.527835	0.600895	2.069058
-0.306772	0.514277	0.598824	2.108647
-0.322239	0.502660	0.597080	2.140867
-0.341061	0.488873	0.596086	2.179942
-0.356325	0.476610	0.595083	2.212775
-0.374525	0.462165	0.594866	2.251829
-0.388553	0.450007	0.594541	2.283040
-0.405738	0.435271	0.595050	2.321092
-0.418914	0.422821	0.595203	2.351552
-0.435567	0.407230	0.596284	2.389804
-0.447328	0.395062	0.596805	2.418159
-0.463477	0.378605	0.598459	2.456644
-0.474207	0.366307	0.599210	2.483870
-0.489357	0.349220	0.601187	2.521777
-0.499329	0.336695	0.602240	2.548328
-0.513691	0.318883	0.604620	2.586042
-0.522967	0.305950	0.605888	2.612256
-0.535616	0.288371	0.608312	2.647706
-0.545246	0.273739	0.610103	2.676310
-0.556567	0.256062	0.612645	2.710392
-0.564882	0.241681	0.614411	2.737316
-0.574637	0.224364	0.616885	2.769350
-0.583456	0.207684	0.619317	2.799622
-0.591652	0.190874	0.621679	2.829522
-0.599133	0.174501	0.624028	2.858177
-0.606081	0.157954	0.626325	2.886648
-0.613115	0.140320	0.628968	2.916603
-0.619564	0.122455	0.631550	2.946460
-0.625106	0.105646	0.633971	2.974170
-0.630148	0.088695	0.636360	3.001758
-0.635128	0.070721	0.639053	3.030700
-0.639554	0.052635	0.641716	3.059479
-0.643269	0.035448	0.644245	3.086542
-0.646504	0.018149	0.646759	3.113528
-0.649597	-0.000447	0.649598	3.142281
-0.652127	-0.019330	0.652414	3.171226
-0.653911	-0.036446	0.654926	3.197270
-0.655244	-0.053641	0.657436	3.223274
-0.656335	-0.072387	0.660315	3.251438
-0.656886	-0.091179	0.663184	3.279516
-0.656907	-0.108726	0.665844	3.305618
-0.656465	-0.126312	0.668506	3.331683
-0.655555	-0.145417	0.671490	3.359880
-0.654060	-0.164692	0.674476	3.388265
-0.652234	-0.181859	0.677113	3.413511
-0.649970	-0.199028	0.679760	3.438738
-0.647114	-0.217851	0.682800	3.466326
-0.643733	-0.236643	0.685851	3.493869
-0.640118	-0.254060	0.688693	3.519419
-0.636046	-0.271465	0.691555	3.544988
-0.631123	-0.290393	0.694727	3.572832
-0.625660	-0.309273	0.697925	3.600682
-0.620227	-0.326393	0.700866	3.626017
-0.614344	-0.343444	0.703827	3.651351
-0.607750	-0.361273	0.707020	3.677916
-0.600671	-0.379018	0.710253	3.704488
-0.593061	-0.396837	0.713583	3.731301
-0.584865	-0.414692	0.716963	3.758360
-0.576324	-0.432022	0.720272	3.784849
-0.567291	-0.449237	0.723625	3.811374
-0.557959	-0.466165	0.727068	3.837598
-0.548145	-0.482975	0.730567	3.863872
-0.538047	-0.499294	0.734023	3.889650
-0.527441	-0.515538	0.737545	3.915579
-0.515870	-0.532419	0.741345	3.942776
-0.503708	-0.549197	0.745211	3.970168
-0.491167	-0.565564	0.749072	3.997278
-0.478070	-0.581788	0.753013	4.024540
-0.464682	-0.597611	0.757013	4.051478
-0.450701	-0.613313	0.761107	4.078647
-0.436283	-0.628661	0.765217	4.105709
-0.421190	-0.643875	0.769400	4.133103
-0.404825	-0.659518	0.773852	4.161870
-0.387718	-0.674955	0.778390	4.190979
-0.370026	-0.689987	0.782944	4.220140
-0.351513	-0.704752	0.787551	4.249721
-0.332636	-0.718911	0.792136	4.279029
-0.312873	-0.732736	0.796738	4.308832
-0.292240	-0.746115	0.801306	4.339074
-0.270622	-0.759040	0.805840	4.369907
-0.247304	-0.771746	0.810402	4.402280
-0.222957	-0.783721	0.814818	4.435226
-0.197810	-0.794736	0.818984	4.468445
-0.171728	-0.804729	0.822849	4.502144
-0.145524	-0.813439	0.826353	4.535362
-0.118613	-0.820929	0.829453	4.568895
-0.091081	-0.827176	0.832175	4.602720
-0.063316	-0.832093	0.834498	4.636443
-0.035049	-0.835758	0.836492	4.670476
-0.006926	-0.838103	0.838131	4.704125
0.020798	-0.839192	0.839449	4.737168
0.048074	-0.839112	0.840488	4.769618
0.074327	-0.838040	0.841330	4.800849
0.099961	-0.836036	0.841991	4.831389
0.125235	-0.833175	0.842534	4.861583
0.149818	-0.829616	0.843035	4.891051
0.173732	-0.825441	0.843525	4.919833
0.196874	-0.820790	0.844071	4.947801
0.219274	-0.815731	0.844688	4.974988
0.241035	-0.810289	0.845379	5.001521
0.261991	-0.804630	0.846209	5.027167
0.282405	-0.798693	0.847150	5.052253
0.302611	-0.792360	0.848179	5.077205
0.322333	-0.785784	0.849326	5.101662
0.341345	-0.779076	0.850573	5.125337
0.359967	-0.772142	0.851927	5.148626
0.378207	-0.765000	0.853385	5.171537
0.396079	-0.757660	0.854943	5.194083
0.413595	-0.750180	0.856639	5.216251
0.430773	-0.742519	0.858429	5.238085
0.447789	-0.734562	0.860288	5.259838
0.464503	-0.726414	0.862230	5.281309
0.480542	-0.718262	0.864188	5.302029
0.496313	-0.709929	0.866213	5.322513
0.511814	-0.701404	0.868286	5.342771
0.527093	-0.692678	0.870419	5.362861
0.542258	-0.683708	0.872640	5.382917
0.557226	-0.674516	0.874912	5.402850
0.571976	-0.665094	0.877215	5.422656
0.586471	-0.655500	0.879561	5.442264
0.600425	-0.645911	0.881879	5.461307
0.614161	-0.636150	0.884240	5.480202
0.627631	-0.626224	0.886610	5.498909
0.640927	-0.616090	0.889019	5.517543
0.654042	-0.605754	0.891464	5.536099
0.667004	-0.595189	0.893949	5.554623
0.679787	-0.584367	0.896435	5.573126
0.692392	-0.573316	0.898943	5.591590
0.704498	-0.562333	0.901408	5.609541
0.716387	-0.551215	0.903908	5.627360
0.727969	-0.540006	0.906391	5.644954
0.739404	-0.528588	0.908913	5.662540
0.750570	-0.517063	0.911432	5.679952
0.761619	-0.505283	0.913988	5.697425
0.772434	-0.493330	0.916531	5.714817
0.783092	-0.481132	0.919087	5.732245
0.793370	-0.468946	0.921600	5.749350
0.803501	-0.456545	0.924147	5.766481
0.813248	-0.444268	0.926686	5.783196
0.822807	-0.431788	0.929221	5.799915
0.832096	-0.419300	0.931771	5.816416
0.841199	-0.406613	0.934318	5.832927
0.850097	-0.393779	0.936871	5.849395
0.858799	-0.380760	0.939422	5.865865
0.867223	-0.367713	0.941960	5.882152
0.875447	-0.354493	0.944496	5.898438
0.883376	-0.341353	0.947035	5.914441
0.891108	-0.328051	0.949574	5.930443
0.898512	-0.314945	0.952111	5.946049
0.905724	-0.301687	0.954647	5.961654
0.912727	-0.288325	0.957184	5.977211
0.919533	-0.274818	0.959722	5.992768
0.926092	-0.261303	0.962250	6.008178
0.932452	-0.247650	0.964778	6.023588
0.944497	-0.220241	0.969836	6.054095
0.955482	-0.193473	0.974873	6.083399
0.965686	-0.166360	0.979911	6.112589
0.975067	-0.139099	0.984939	6.141485
0.983657	-0.111601	0.989968	6.170213
