time = 15.9999	Re = 1	40	80
0.157142	0.128943	0.203273	0.687146
0.168075	0.117535	0.205095	0.610258
0.178213	0.105163	0.206928	0.533108
0.194465	0.081482	0.210846	0.396782
0.206990	0.057750	0.214895	0.272082
0.216500	0.033005	0.219002	0.151285
0.222911	0.007420	0.223034	0.033273
0.226508	-0.013424	0.226905	-0.059194
0.228283	-0.034313	0.230847	-0.149191
0.229281	-0.051306	0.234951	-0.220143
0.229043	-0.068581	0.239090	-0.290929
0.228159	-0.095398	0.247300	-0.396030
0.226261	-0.119246	0.255761	-0.485038
0.228755	-0.147959	0.272435	-0.574123
0.243093	-0.154365	0.287963	-0.565762
0.265372	-0.144031	0.301940	-0.497261
0.278264	-0.132405	0.308159	-0.444122
0.290894	-0.119060	0.314317	-0.388490
0.304133	-0.098805	0.319781	-0.314118
0.315676	-0.077829	0.325129	-0.241725
0.325667	-0.052657	0.329897	-0.160302
0.333386	-0.024428	0.334280	-0.073142
0.336104	-0.009254	0.336231	-0.027528
0.338126	0.006105	0.338181	0.018054
0.339129	0.021120	0.339786	0.062197
0.339463	0.036234	0.341391	0.106336
0.338649	0.052126	0.342637	0.152724
0.337022	0.067973	0.343809	0.199018
0.334347	0.083068	0.344511	0.243518
0.330938	0.098035	0.345153	0.287997
0.326357	0.113073	0.345391	0.333526
0.320915	0.127757	0.345411	0.378870
0.314766	0.141604	0.345152	0.422747
0.307868	0.155102	0.344731	0.466679
0.299653	0.169300	0.344172	0.514275
0.290558	0.182721	0.343236	0.561373
0.280958	0.195910	0.342518	0.608907
0.270484	0.208407	0.341460	0.656490
0.258283	0.222755	0.341071	0.711675
0.245562	0.236319	0.340804	0.766218
0.231365	0.251389	0.341652	0.826853
0.216834	0.266557	0.343613	0.887899
0.200688	0.284534	0.348189	0.956508
0.184425	0.303090	0.354790	1.024164
0.168075	0.327973	0.368532	1.097226
0.160468	0.340965	0.376839	1.130920
0.152322	0.353938	0.385323	1.164392
0.144269	0.375235	0.402014	1.203744
0.138219	0.397826	0.421153	1.236408
0.130198	0.422881	0.442470	1.272124
0.123808	0.450840	0.467531	1.302787
0.121835	0.472381	0.487840	1.318380
0.120322	0.493591	0.508045	1.331691
0.116422	0.516557	0.529514	1.349120
0.110415	0.537598	0.548820	1.368228
0.103597	0.561607	0.571082	1.388381
0.101511	0.577129	0.585988	1.396688
0.099288	0.592417	0.600680	1.404741
0.098615	0.614769	0.622628	1.411741
0.099635	0.627796	0.635653	1.413403
0.101320	0.639640	0.647615	1.413700
0.102449	0.646846	0.654909	1.413718
0.096853	0.669059	0.676033	1.427036
0.085257	0.668863	0.674275	1.444015
0.061474	0.678118	0.680899	1.480390
0.075697	0.672829	0.677074	1.458761
0.089701	0.667389	0.673390	1.437191
0.084170	0.664267	0.669578	1.444757
0.066290	0.672795	0.676053	1.472583
0.046489	0.680050	0.681637	1.502541
0.061419	0.674365	0.677156	1.479970
0.075713	0.668226	0.672502	1.457973
0.093239	0.661663	0.668200	1.430802
0.084481	0.669258	0.674569	1.445229
0.100175	0.660173	0.667730	1.420205
0.091959	0.658010	0.664404	1.431942
0.068259	0.671454	0.674915	1.469486
0.049856	0.677436	0.679268	1.497334
0.026854	0.681600	0.682129	1.531418
0.045596	0.678233	0.679764	1.503670
0.062366	0.673930	0.676809	1.478518
0.087877	0.660633	0.666452	1.438553
0.096840	0.654828	0.661950	1.423975
0.085638	0.673914	0.679334	1.444398
0.090769	0.666715	0.672865	1.435484
0.079713	0.676306	0.680988	1.453472
0.092148	0.661868	0.668252	1.432462
0.097473	0.648484	0.655769	1.421605
0.094865	0.648961	0.655858	1.425644
0.089783	0.659294	0.665379	1.435448
0.072747	0.668734	0.672679	1.462439
0.058433	0.673904	0.676432	1.484305
0.043524	0.678696	0.680091	1.506755
0.022673	0.680716	0.681094	1.537502
0.002962	0.681682	0.681688	1.566451
0.021619	0.680772	0.681115	1.539051
0.040968	0.679010	0.680245	1.510535
0.067705	0.671105	0.674511	1.470251
0.086953	0.661248	0.666941	1.440048
0.094391	0.649273	0.656098	1.426428
0.096908	0.648380	0.655582	1.422433
0.100243	0.649187	0.656881	1.417593
0.090946	0.670497	0.676637	1.435980
0.087320	0.666069	0.671769	1.440443
0.065088	0.674816	0.677948	1.474640
0.082543	0.670918	0.675977	1.448382
0.059654	0.679553	0.682166	1.483236
0.085967	0.668074	0.673582	1.442821
0.101096	0.663351	0.671010	1.419558
0.098807	0.643768	0.651307	1.418503
0.097771	0.645643	0.653004	1.420507
0.095592	0.647687	0.654703	1.424265
0.092009	0.656104	0.662524	1.431470
0.070608	0.670021	0.673731	1.465802
0.051809	0.676293	0.678274	1.494339
0.027009	0.680326	0.680862	1.531117
-0.000014	0.680861	0.680861	1.570816
-0.018762	0.680415	0.680673	1.598363
-0.036849	0.678154	0.679155	1.625081
-0.050014	0.667506	0.669377	1.645584
-0.043125	0.674043	0.675421	1.634689
-0.027780	0.680016	0.680583	1.611625
-0.012287	0.680637	0.680748	1.588846
0.003103	0.680891	0.680898	1.566240
0.021919	0.680421	0.680774	1.538594
0.042842	0.678941	0.680292	1.507778
0.067127	0.671051	0.674400	1.471096
0.085126	0.661488	0.666942	1.442811
0.092780	0.653025	0.659583	1.429664
0.094609	0.646906	0.653787	1.425577
0.095207	0.643433	0.650439	1.423896
0.097644	0.643844	0.651206	1.420285
0.101486	0.648033	0.655932	1.415451
0.100197	0.665225	0.672729	1.421299
0.079991	0.667545	0.672320	1.451536
0.087476	0.670720	0.676401	1.441108
0.092119	0.659137	0.665543	1.431938
0.082992	0.665468	0.670623	1.446725
0.083766	0.671629	0.676833	1.446717
0.097746	0.659903	0.667103	1.423743
0.089572	0.660049	0.666099	1.435915
0.073484	0.668816	0.672841	1.461364
0.047874	0.679309	0.680994	1.500438
0.073367	0.669103	0.673114	1.461584
0.090523	0.661053	0.667222	1.434705
0.089734	0.666848	0.672859	1.437035
0.073742	0.670743	0.674784	1.461295
0.046147	0.681364	0.682925	1.503172
0.071920	0.671643	0.675482	1.464122
0.089767	0.666019	0.672041	1.436822
0.086407	0.673645	0.679164	1.443225
0.095309	0.657108	0.663984	1.426758
0.098163	0.642947	0.650398	1.419290
0.095254	0.641444	0.648478	1.423375
0.095105	0.644856	0.651831	1.424369
0.093991	0.651131	0.657880	1.427436
0.085405	0.661622	0.667111	1.442422
0.062843	0.673124	0.676051	1.477706
0.047539	0.676821	0.678488	1.500673
0.030829	0.679970	0.680669	1.525488
0.002202	0.680605	0.680608	1.567561
-0.018540	0.680194	0.680447	1.598046
-0.039042	0.677084	0.678209	1.628394
-0.047414	0.665955	0.667641	1.641874
-0.037947	0.667138	0.668216	1.627616
-0.040149	0.665267	0.666477	1.631073
-0.037156	0.666171	0.667206	1.626515
-0.041755	0.663716	0.665028	1.633625
-0.059619	0.649805	0.652534	1.662289
-0.074267	0.637024	0.641338	1.686857
-0.060282	0.649307	0.652099	1.663372
-0.043684	0.662750	0.664189	1.636614
-0.023644	0.677307	0.677719	1.605691
-0.037009	0.666375	0.667402	1.626277
-0.042379	0.664955	0.666304	1.634443
-0.045850	0.665399	0.666977	1.639593
-0.046862	0.669094	0.670733	1.640720
-0.038928	0.677156	0.678274	1.628220
-0.012152	0.680338	0.680447	1.588656
0.007739	0.680531	0.680575	1.559424
0.030882	0.679761	0.680463	1.525396
0.056580	0.674955	0.677323	1.487165
0.074858	0.667777	0.671960	1.459162
0.092441	0.655213	0.661702	1.430636
0.095518	0.647302	0.654312	1.424290
0.097332	0.644758	0.652063	1.420969
0.094285	0.636336	0.643283	1.423698
0.098042	0.641000	0.648454	1.419021
0.099628	0.654456	0.661996	1.419726
0.094248	0.664131	0.670786	1.429826
0.068333	0.675107	0.678556	1.469922
0.089711	0.669292	0.675277	1.437551
0.090321	0.661029	0.667172	1.435000
0.077382	0.667342	0.671813	1.455357
0.062707	0.674444	0.677353	1.478087
0.045634	0.679072	0.680604	1.503697
0.026365	0.682716	0.683225	1.532198
0.051136	0.678011	0.679937	1.495519
0.070413	0.670959	0.674644	1.466235
0.095254	0.660559	0.667392	1.427581
0.084778	0.670027	0.675369	1.444936
0.098618	0.658235	0.665581	1.422081
0.089961	0.659351	0.665460	1.435196
0.066843	0.672002	0.675318	1.471653
0.050536	0.677098	0.678981	1.496299
0.031028	0.681192	0.681898	1.525279
0.054441	0.676236	0.678424	1.490463
0.072079	0.669488	0.673357	1.463546
0.092141	0.657231	0.663658	1.431508
0.097432	0.653091	0.660318	1.422703
0.092206	0.671939	0.678235	1.434425
0.076411	0.669881	0.674225	1.457221
0.056671	0.678665	0.681027	1.487486
0.074471	0.671122	0.675241	1.460283
0.089676	0.666176	0.672185	1.436987
0.095462	0.669554	0.676325	1.429175
0.096838	0.660071	0.667136	1.425127
0.074529	0.668820	0.672960	1.459820
0.051412	0.678215	0.680161	1.495136
0.036527	0.680976	0.681955	1.517208
0.021546	0.683399	0.683738	1.539278
0.044123	0.679675	0.681105	1.505969
0.063535	0.674330	0.677316	1.476854
0.082541	0.664892	0.669995	1.447287
0.093686	0.660997	0.667604	1.429999
0.084576	0.669126	0.674450	1.445066
0.081455	0.676479	0.681365	1.450963
0.093614	0.662558	0.669138	1.430434
0.099712	0.649368	0.656979	1.418435
0.096265	0.635438	0.642688	1.420446
0.095950	0.637422	0.644604	1.421390
0.092948	0.634385	0.641158	1.425314
0.092556	0.635485	0.642190	1.426167
0.091982	0.636706	0.643316	1.427324
0.096859	0.648709	0.655901	1.422581
0.093649	0.648772	0.655497	1.427438
0.091240	0.652953	0.659297	1.431962
0.072664	0.669324	0.673257	1.462656
0.057900	0.674217	0.676699	1.485130
0.040107	0.678437	0.679622	1.511748
0.012608	0.680456	0.680573	1.552269
-0.002197	0.680394	0.680397	1.574026
-0.030895	0.679263	0.679965	1.616249
-0.047146	0.672122	0.673774	1.640826
-0.046657	0.665887	0.667519	1.640749
-0.035870	0.667307	0.668270	1.624498
-0.025953	0.671256	0.671757	1.609440
-0.034068	0.676514	0.677372	1.621111
-0.016050	0.675998	0.676189	1.594535
-0.015211	0.675875	0.676046	1.593298
-0.021278	0.678648	0.678982	1.602139
-0.009864	0.677434	0.677506	1.585356
-0.018079	0.673901	0.674144	1.597617
-0.042032	0.662750	0.664081	1.634133
-0.062777	0.646725	0.649764	1.667562
-0.074043	0.636394	0.640687	1.686623
-0.084820	0.625984	0.631704	1.705474
-0.098197	0.613824	0.621628	1.729428
-0.115980	0.599261	0.610381	1.761971
-0.096039	0.615363	0.622812	1.725616
-0.078655	0.630272	0.635161	1.694950
-0.062726	0.644869	0.647913	1.667761
-0.051341	0.654900	0.656909	1.649032
-0.039530	0.664663	0.665838	1.630200
-0.013468	0.676481	0.676615	1.590703
-0.013680	0.678061	0.678199	1.590968
-0.014787	0.676585	0.676747	1.592649
-0.017775	0.675434	0.675668	1.597107
-0.021141	0.674093	0.674425	1.602148
-0.040189	0.666081	0.667293	1.631059
-0.047082	0.666602	0.668263	1.641309
-0.046514	0.672708	0.674314	1.639830
-0.031617	0.678930	0.679666	1.617331
-0.008904	0.680402	0.680460	1.583882
0.010091	0.680350	0.680425	1.555965
0.025492	0.679882	0.680360	1.533318
0.049791	0.676620	0.678450	1.497340
0.068758	0.671056	0.674569	1.468690
0.093345	0.655962	0.662570	1.429443
0.091509	0.642231	0.648718	1.429263
0.092700	0.640486	0.647160	1.427060
0.093184	0.638854	0.645614	1.425956
0.096039	0.640573	0.647732	1.421978
0.094754	0.635077	0.642107	1.422688
0.094476	0.632468	0.639486	1.422516
0.095575	0.632943	0.640118	1.420928
0.100221	0.647094	0.654809	1.417139
0.099202	0.663828	0.671200	1.422455
0.083629	0.670330	0.675527	1.446679
0.066062	0.678913	0.682120	1.473796
0.087659	0.666621	0.672360	1.440049
0.099501	0.665576	0.672972	1.422399
0.095778	0.660939	0.667842	1.426886
0.079697	0.665729	0.670483	1.451649
0.062625	0.673437	0.676342	1.478070
0.042798	0.679553	0.680900	1.507900
0.023794	0.681765	0.682180	1.535911
0.005174	0.683151	0.683170	1.563223
0.028688	0.681319	0.681923	1.528714
0.054071	0.677598	0.679752	1.491168
0.080747	0.664695	0.669582	1.449908
0.091754	0.658814	0.665173	1.432414
0.100201	0.665754	0.673253	1.421410
0.074231	0.676063	0.680126	1.461436
0.088751	0.666528	0.672411	1.438420
0.072409	0.671245	0.675140	1.463340
0.048120	0.680479	0.682178	1.500199
0.066557	0.676064	0.679333	1.472664
0.088161	0.670284	0.676057	1.440019
0.088798	0.661298	0.667233	1.437317
0.073309	0.668967	0.672971	1.461647
0.052122	0.678318	0.680317	1.494108
0.029880	0.681588	0.682242	1.526986
0.008621	0.683537	0.683592	1.558185
0.027818	0.681755	0.682323	1.530015
0.047431	0.679050	0.680704	1.501060
0.065899	0.672250	0.675472	1.473082
0.082607	0.664335	0.669451	1.447086
0.093863	0.669305	0.675855	1.431465
0.087422	0.665184	0.670904	1.440120
0.099470	0.657152	0.664637	1.420571
0.101069	0.646562	0.654413	1.415734
0.095471	0.631793	0.638966	1.420820
0.094269	0.630818	0.637823	1.422454
0.094234	0.632491	0.639472	1.422896
0.095041	0.636318	0.643376	1.422531
0.092342	0.633797	0.640488	1.426117
0.096659	0.643307	0.650528	1.421659
0.094738	0.644202	0.651131	1.424780
0.093738	0.647924	0.654670	1.427119
0.091436	0.653954	0.660315	1.431877
0.084999	0.660978	0.666421	1.442902
0.071955	0.668451	0.672313	1.463565
0.054762	0.676426	0.678639	1.490015
0.035785	0.678835	0.679777	1.518130
0.017648	0.680189	0.680417	1.544856
-0.009261	0.680358	0.680421	1.584408
-0.024969	0.678963	0.679422	1.607555
-0.040394	0.676260	0.677465	1.630457
-0.048316	0.668839	0.670582	1.642909
-0.036799	0.667597	0.668610	1.625862
-0.028427	0.670310	0.670913	1.613180
-0.019531	0.675039	0.675322	1.599722
-0.039203	0.674637	0.675775	1.628841
-0.019280	0.678120	0.678394	1.599220
-0.019462	0.678521	0.678800	1.599471
-0.016111	0.678767	0.678959	1.594527
-0.038713	0.673414	0.674526	1.628221
-0.038191	0.668424	0.669514	1.627870
-0.039997	0.673081	0.674269	1.630150
-0.011424	0.678812	0.678908	1.587624
-0.038136	0.674947	0.676023	1.627239
-0.044079	0.668275	0.669728	1.636660
-0.036451	0.668495	0.669488	1.625269
-0.045081	0.672492	0.674001	1.637732
-0.029424	0.677827	0.678465	1.614179
-0.008921	0.678755	0.678814	1.583938
-0.002440	0.677241	0.677245	1.574399
-0.018253	0.673305	0.673552	1.597899
-0.043831	0.660959	0.662411	1.637013
-0.062293	0.643438	0.646446	1.667309
-0.074458	0.632854	0.637220	1.687913
-0.085630	0.622549	0.628410	1.707486
-0.099383	0.610303	0.618342	1.732221
-0.112935	0.599494	0.610038	1.756998
-0.126153	0.588847	0.602208	1.781843
-0.140822	0.578495	0.595388	1.809580
-0.154227	0.568190	0.588750	1.835846
-0.174315	0.553288	0.580097	1.876005
-0.194587	0.539139	0.573179	1.917168
-0.213099	0.525559	0.567119	1.956010
-0.200323	0.534999	0.571274	1.929072
-0.187131	0.544353	0.575620	1.901908
-0.170141	0.556485	0.581914	1.867513
-0.152100	0.569229	0.589200	1.831900
-0.137054	0.580301	0.596265	1.802724
-0.120845	0.591938	0.604148	1.772181
-0.106492	0.604207	0.613520	1.745255
-0.089086	0.618542	0.624924	1.713838
-0.076187	0.630409	0.634996	1.691066
-0.057228	0.647982	0.650504	1.658886
-0.045408	0.657469	0.659035	1.639752
-0.033095	0.666618	0.667439	1.620401
-0.011233	0.675209	0.675303	1.587431
-0.006058	0.677796	0.677823	1.579734
-0.016136	0.679238	0.679429	1.594548
-0.011638	0.678956	0.679056	1.587935
-0.040382	0.671611	0.672824	1.630850
-0.032108	0.669860	0.670629	1.618692
-0.023916	0.675767	0.676190	1.606172
-0.031378	0.670918	0.671651	1.617532
-0.042266	0.670781	0.672111	1.633724
-0.036199	0.677481	0.678447	1.624177
-0.020809	0.678596	0.678915	1.601452
-0.005365	0.679086	0.679107	1.578697
-0.001517	0.677813	0.677814	1.573034
-0.005624	0.676359	0.676383	1.579111
-0.028458	0.669347	0.669952	1.613287
-0.044730	0.659273	0.660789	1.638540
-0.058076	0.647328	0.649928	1.660274
-0.075827	0.630534	0.635077	1.690480
-0.097154	0.612744	0.620398	1.728043
-0.111396	0.600396	0.610643	1.754248
-0.099571	0.610545	0.618611	1.732459
-0.087543	0.620345	0.626492	1.710990
-0.073407	0.633246	0.637487	1.686202
-0.062474	0.644383	0.647404	1.667446
-0.050700	0.656226	0.658182	1.647903
-0.034551	0.665468	0.666364	1.622670
-0.018745	0.672660	0.672921	1.598657
-0.006748	0.676173	0.676206	1.580775
-0.008334	0.678076	0.678128	1.583086
0.008282	0.679005	0.679056	1.558599
-0.008596	0.679551	0.679606	1.583445
-0.030426	0.678288	0.678971	1.615623
-0.044791	0.672220	0.673711	1.637329
-0.043132	0.667326	0.668719	1.635341
-0.041438	0.672684	0.673959	1.632319
-0.029998	0.678967	0.679629	1.614949
-0.013913	0.679509	0.679652	1.591269
0.002075	0.679512	0.679515	1.567743
0.018921	0.678816	0.679080	1.542929
0.017779	0.678502	0.678735	1.544599
0.010431	0.678323	0.678403	1.555420
-0.003783	0.677362	0.677373	1.576381
-0.009314	0.675540	0.675604	1.584583
-0.034711	0.666585	0.667489	1.622823
-0.057396	0.648205	0.650741	1.659113
-0.073379	0.632928	0.637167	1.686216
-0.091436	0.617464	0.624197	1.717812
-0.103844	0.606046	0.614878	1.740495
-0.119985	0.591955	0.603992	1.770779
-0.141839	0.575450	0.592673	1.812463
-0.163525	0.560074	0.583458	1.854870
-0.184625	0.545294	0.575701	1.897261
-0.196986	0.536691	0.571700	1.922568
-0.209032	0.527817	0.567701	1.947876
-0.230372	0.511889	0.561339	1.993686
-0.252724	0.495277	0.556030	2.042625
-0.271821	0.479943	0.551573	2.086114
-0.259186	0.490153	0.554462	2.057207
-0.245940	0.500228	0.557418	2.027747
-0.231789	0.510914	0.561034	1.996702
-0.216994	0.521525	0.564867	1.965085
-0.202218	0.532452	0.569559	1.933757
-0.186354	0.543605	0.574660	1.901052
-0.166669	0.558068	0.582425	1.861018
-0.154052	0.567379	0.587921	1.835920
-0.141210	0.576502	0.593544	1.811009
-0.154618	0.566898	0.587605	1.837064
-0.167828	0.557134	0.581863	1.863385
-0.187093	0.542836	0.574173	1.902704
-0.201150	0.532945	0.569641	1.931697
-0.214559	0.523013	0.565312	1.960097
-0.226949	0.513973	0.561849	1.986608
-0.238963	0.504668	0.558384	2.013024
-0.262252	0.486945	0.553075	2.064818
-0.281417	0.470992	0.548661	2.109374
-0.301627	0.454066	0.545119	2.157145
-0.319278	0.438075	0.542078	2.200605
-0.305174	0.450712	0.544309	2.165982
-0.289995	0.463482	0.546729	2.129890
-0.302889	0.452557	0.544564	2.160608
-0.315249	0.441474	0.542477	2.190912
-0.335729	0.421852	0.539140	2.242999
-0.350104	0.407816	0.537482	2.280196
-0.363207	0.394074	0.535924	2.315457
-0.374509	0.381768	0.534793	2.346596
-0.385134	0.369418	0.533665	2.377021
-0.366731	0.389985	0.535331	2.325474
-0.356072	0.401169	0.536398	2.296710
-0.344974	0.412144	0.537466	2.267709
-0.356475	0.400518	0.536180	2.298078
-0.367352	0.388797	0.534892	2.327841
-0.385628	0.367759	0.532875	2.379909
-0.398163	0.352860	0.532019	2.416444
-0.409680	0.338165	0.531218	2.451532
-0.419283	0.325231	0.530635	2.481855
-0.428351	0.312185	0.530042	2.511794
-0.414708	0.330562	0.530334	2.468624
-0.427818	0.312274	0.529664	2.511065
-0.439298	0.294803	0.529048	2.550542
-0.452368	0.273876	0.528815	2.597192
-0.463514	0.254113	0.528601	2.640108
-0.467014	0.246036	0.527860	2.656715
-0.476225	0.227696	0.527859	2.695597
-0.484167	0.210122	0.527796	2.732135
-0.494837	0.184810	0.528221	2.784158
-0.503110	0.161894	0.528516	2.830271
-0.501458	0.164364	0.527708	2.824856
-0.507582	0.145737	0.528090	2.861995
-0.512664	0.127854	0.528367	2.897187
-0.519215	0.102172	0.529172	2.947294
-0.524071	0.078209	0.529874	2.993452
-0.521364	0.088302	0.528789	2.973818
-0.524871	0.069175	0.529410	3.010554
-0.527497	0.050727	0.529931	3.045722
-0.530480	0.024609	0.531051	3.095237
-0.531987	0.000664	0.531987	3.140345
-0.531100	0.003452	0.531111	3.135094
-0.531633	-0.013855	0.531813	3.167649
-0.531573	-0.030914	0.532471	3.199682
-0.530955	-0.053363	0.533630	3.241760
-0.529445	-0.074521	0.534664	3.281428
-0.529235	-0.068474	0.533646	3.270261
-0.526331	-0.095192	0.534870	3.320517
-0.523051	-0.118673	0.536345	3.364702
-0.518976	-0.140721	0.537716	3.406378
-0.519593	-0.134074	0.536612	3.394121
-0.516022	-0.151334	0.537755	3.426864
-0.511934	-0.168358	0.538907	3.459318
-0.507790	-0.183644	0.539978	3.488611
-0.503231	-0.198795	0.541074	3.517813
-0.503473	-0.195922	0.540250	3.512702
-0.498339	-0.212103	0.541600	3.543988
-0.492762	-0.228088	0.542991	3.575102
-0.487413	-0.242184	0.544265	3.602738
-0.481671	-0.256157	0.545549	3.630362
-0.482365	-0.252826	0.544607	3.624364
-0.476339	-0.267080	0.546105	3.652608
-0.469947	-0.281159	0.547632	3.680745
-0.457514	-0.306222	0.550537	3.731428
-0.454115	-0.311652	0.550770	3.743054
-0.441750	-0.334169	0.553906	3.789219
-0.429204	-0.355149	0.557088	3.832854
-0.425234	-0.360619	0.557558	3.844953
-0.412741	-0.379954	0.561000	3.885653
-0.400086	-0.398343	0.564576	3.924807
-0.389108	-0.413137	0.567527	3.956933
-0.379509	-0.426026	0.570548	3.984673
-0.369697	-0.438678	0.573685	4.012117
-0.364225	-0.444955	0.575017	4.026430
-0.351412	-0.460886	0.579574	4.060954
-0.338389	-0.476517	0.584445	4.094897
-0.325647	-0.491137	0.589289	4.126896
-0.314933	-0.503537	0.593912	4.153472
-0.304051	-0.515757	0.598709	4.179708
-0.293367	-0.527316	0.603429	4.204691
-0.274816	-0.547702	0.612782	4.247332
-0.256191	-0.568067	0.623165	4.288714
-0.237544	-0.588139	0.634298	4.328533
-0.221753	-0.605005	0.644364	4.361065
-0.205144	-0.622500	0.655431	4.394049
-0.193103	-0.635186	0.663890	4.417258
-0.180665	-0.647808	0.672529	4.440413
-0.166276	-0.661781	0.682350	4.466230
-0.149285	-0.675708	0.692002	4.494951
-0.133371	-0.686639	0.699471	4.520541
-0.115870	-0.696122	0.705699	4.547450
-0.094688	-0.703774	0.710115	4.578649
-0.073789	-0.709106	0.712935	4.608704
-0.058028	-0.711450	0.713812	4.631007
-0.041853	-0.714104	0.715329	4.653846
-0.027044	-0.714750	0.715261	4.674570
-0.011268	-0.715461	0.715549	4.696641
0.003887	-0.714532	0.714542	4.717829
0.020575	-0.713673	0.713969	4.741211
0.050121	-0.708545	0.710316	4.783010
0.071550	-0.701684	0.705323	4.814007
0.090038	-0.693269	0.699091	4.841541
0.105979	-0.684202	0.692361	4.866062
0.120134	-0.675573	0.686171	4.888375
0.127923	-0.669675	0.681784	4.901138
0.137927	-0.663452	0.677638	4.917362
0.152928	-0.652653	0.670331	4.942554
0.159846	-0.647336	0.666779	4.954476
0.168167	-0.641790	0.663457	4.968655
0.181737	-0.631761	0.657382	4.992493
0.191248	-0.624437	0.653068	5.009591
0.201411	-0.617258	0.649288	5.027796
0.210366	-0.610306	0.645544	5.044325
0.220113	-0.603342	0.642239	5.062207
0.233648	-0.593342	0.637688	5.087525
0.246132	-0.583942	0.633695	5.111293
0.259310	-0.574058	0.629908	5.136667
0.271374	-0.564728	0.626547	5.160347
0.279707	-0.557943	0.624128	5.177091
0.289279	-0.550763	0.622111	5.196019
0.296955	-0.544253	0.619994	5.211863
0.306137	-0.537163	0.618275	5.230393
0.319078	-0.526694	0.615806	5.257072
0.330889	-0.516775	0.613631	5.281912
0.343453	-0.506104	0.611639	5.308623
0.354921	-0.495982	0.609891	5.333503
0.361703	-0.489459	0.608604	5.348803
0.370781	-0.481629	0.607820	5.368472
0.376650	-0.475564	0.606651	5.382238
0.385169	-0.467886	0.606030	5.401124
0.397641	-0.455850	0.604911	5.429692
0.408688	-0.444604	0.603902	5.455721
0.420629	-0.432217	0.603109	5.484201
0.431243	-0.420600	0.602391	5.510281
0.436528	-0.414102	0.601695	5.524144
0.444901	-0.405117	0.601711	5.544557
0.448377	-0.399979	0.600854	5.554775
0.456921	-0.390539	0.601081	5.575958
0.467597	-0.377328	0.600853	5.604220
0.477112	-0.364901	0.600657	5.630272
0.487125	-0.351368	0.600625	5.658299
0.496045	-0.338614	0.600600	5.684215
0.499781	-0.332241	0.600138	5.696496
0.507527	-0.321415	0.600742	5.718642
0.510180	-0.316063	0.600150	5.728541
0.517477	-0.305272	0.600811	5.750208
0.526300	-0.290507	0.601154	5.778824
0.534039	-0.276651	0.601443	5.805214
0.542013	-0.261692	0.601881	5.833379
0.549076	-0.247511	0.602284	5.859685
0.551438	-0.241303	0.601923	5.870700
0.557790	-0.228824	0.602901	5.893889
0.559763	-0.222984	0.602541	5.904098
0.565138	-0.211396	0.603382	5.925238
0.570933	-0.196904	0.603934	5.951078
0.576227	-0.182760	0.604515	5.976054
0.581271	-0.168162	0.605107	6.001573
0.585849	-0.153913	0.605729	6.026273
0.588643	-0.143814	0.605957	6.043566
0.592432	-0.131043	0.606752	6.065496
0.594634	-0.121520	0.606924	6.081601
0.597765	-0.109250	0.607666	6.102416
0.600970	-0.094468	0.608349	6.127269
0.603806	-0.079926	0.609073	6.151580
0.606235	-0.065340	0.609746	6.175820
0.608395	-0.050694	0.610504	6.200052
0.609085	-0.042350	0.610556	6.213767
0.610981	-0.028277	0.611635	6.236936
0.611081	-0.021586	0.611462	6.247875
0.612554	-0.007387	0.612599	6.271127
0.613171	0.006041	0.613200	6.293037
0.613746	0.020840	0.614100	6.317128
0.613721	0.033639	0.614642	6.337942
0.613666	0.048388	0.615571	6.361874
0.613109	0.060569	0.616094	6.381656
0.612489	0.075464	0.617120	6.405777
0.611434	0.087050	0.617600	6.424606
0.610221	0.101460	0.618598	6.447946
0.608713	0.112974	0.619108	6.466692
0.606915	0.127576	0.620178	6.490374
0.605008	0.138315	0.620617	6.507940
0.602685	0.152429	0.621662	6.530908
0.600360	0.163290	0.622170	6.548748
0.597460	0.177584	0.623293	6.572101
0.594826	0.187690	0.623735	6.588835
0.591490	0.201276	0.624798	6.611180
0.588406	0.211643	0.625312	6.628464
0.584447	0.225544	0.626457	6.651487
0.581389	0.234058	0.626735	6.665917
0.576860	0.248149	0.627969	6.689428
0.572564	0.259497	0.628624	6.708712
0.567108	0.274098	0.629874	6.733405
0.562501	0.284783	0.630483	6.751843
0.556598	0.298707	0.631686	6.775733
0.551406	0.309564	0.632359	6.794745
0.544726	0.323658	0.633625	6.819305
0.539269	0.333867	0.634255	6.837538
0.532247	0.347147	0.635451	6.861126
0.527273	0.355381	0.635856	6.876247
0.519122	0.369752	0.637342	6.902095
0.514213	0.377086	0.637659	6.915930
0.505813	0.390611	0.639080	6.940771
0.500345	0.398243	0.639486	6.955443
0.491092	0.411961	0.641001	6.981181
0.485526	0.419104	0.641392	6.995290
0.476380	0.431505	0.642755	7.019196
0.468687	0.440975	0.643526	7.038129
0.458554	0.453475	0.644912	7.063014
0.451536	0.461218	0.645451	7.079190
0.440565	0.473746	0.646941	7.104859
0.432914	0.481576	0.647556	7.121746
0.421034	0.494065	0.649130	7.148221
0.413866	0.500694	0.649600	7.163239
0.401631	0.512555	0.651168	7.189329
0.393715	0.519445	0.651793	7.205410
0.381440	0.530387	0.653304	7.230503
0.373504	0.536740	0.653908	7.246029
0.361725	0.546370	0.655260	7.269182
0.353013	0.552864	0.655955	7.285721
0.340190	0.562553	0.657415	7.310095
0.319161	0.577021	0.659407	7.348747
0.309561	0.583005	0.660093	7.365862
0.293805	0.593064	0.661850	7.394020
0.284230	0.598446	0.662513	7.410577
0.268871	0.607279	0.664138	7.437175
0.258561	0.612525	0.664861	7.454551
0.241796	0.621214	0.666612	7.482793
0.231448	0.625909	0.667331	7.499796
0.215404	0.633294	0.668924	7.526124
0.189952	0.643734	0.671175	7.567046
0.165505	0.652590	0.673250	7.605606
0.139168	0.661028	0.675519	7.646480
0.113987	0.667954	0.677610	7.684959
0.101474	0.670907	0.678538	7.703870
0.083682	0.675022	0.680189	7.730642
0.054397	0.680439	0.682610	7.774208
0.038933	0.682796	0.683906	7.797023
0.023392	0.684800	0.685200	7.819837
-0.006327	0.687589	0.687618	7.863182
-0.035542	0.689111	0.690027	7.905512
-0.063503	0.689366	0.692285	7.945840
-0.093026	0.688447	0.694703	7.988292
-0.121193	0.686353	0.696971	8.028755
-0.137621	0.684627	0.698322	8.052355
-0.154042	0.682504	0.699672	8.075964
-0.169782	0.680075	0.700948	8.098632
-0.185487	0.677281	0.702222	8.121297
-0.201911	0.673979	0.703574	8.145053
-0.218277	0.670278	0.704924	8.168803
-0.233865	0.666350	0.706197	8.191516
-0.249383	0.662057	0.707469	8.214224
-0.277736	0.653239	0.709830	8.255995
-0.304732	0.643580	0.712079	8.296202
-0.332350	0.632411	0.714422	8.337843
-0.358695	0.620449	0.716672	8.378159
-0.373937	0.612950	0.718009	8.401767
-0.389028	0.605073	0.719344	8.425380
-0.403321	0.597166	0.720608	8.448000
-0.417454	0.588921	0.721870	8.470619
-0.432001	0.579988	0.723195	8.494175
-0.446359	0.570692	0.724517	8.517735
-0.459954	0.561415	0.725772	8.540366
-0.473353	0.551816	0.727024	8.562992
-0.486049	0.542292	0.728233	8.584741
-0.498552	0.532476	0.729442	8.606489
-0.510481	0.522675	0.730602	8.627578
-0.522221	0.512604	0.731763	8.648673
-0.534144	0.501921	0.732963	8.670471
-0.545851	0.490958	0.734162	8.692275
-0.557009	0.480032	0.735316	8.713471
-0.567949	0.468852	0.736470	8.734670
-0.580131	0.455827	0.737787	8.758798
-0.592010	0.442487	0.739101	8.782923
-0.603190	0.429292	0.740358	8.806241
-0.614076	0.415813	0.741613	8.829562
-0.625007	0.401603	0.742913	8.853653
-0.635607	0.387105	0.744209	8.877744
-0.645505	0.372846	0.745446	8.900989
-0.655080	0.358333	0.746681	8.924235
-0.663682	0.344630	0.747826	8.945834
-0.671995	0.330723	0.748969	8.967429
-0.679925	0.316775	0.750097	8.988783
-0.687565	0.302639	0.751223	9.010137
-0.694958	0.288206	0.752350	9.031655
-0.702048	0.273593	0.753475	9.053177
-0.708764	0.258949	0.754586	9.074492
-0.715174	0.244141	0.755697	9.095809
-0.721724	0.228025	0.756889	9.118758
-0.727908	0.211738	0.758079	9.141704
-0.733615	0.195586	0.759240	9.164233
-0.738962	0.179284	0.760400	9.186761
-0.744018	0.162567	0.761572	9.209660
-0.748693	0.145713	0.762741	9.232558
-0.752913	0.129005	0.763885	9.255085
-0.756756	0.112181	0.765026	9.277610
-0.760321	0.094714	0.766198	9.300846
-0.763479	0.077143	0.767367	9.324078
-0.766184	0.059751	0.768510	9.346950
-0.768489	0.042278	0.769651	9.369819
-0.770419	0.024395	0.770805	9.393124
-0.771928	0.006444	0.771955	9.416430
-0.773000	-0.011343	0.773083	9.439451
-0.773659	-0.029177	0.774209	9.462473
-0.773894	-0.046598	0.775296	9.484918
-0.773734	-0.064042	0.776380	9.507360
-0.773184	-0.081332	0.777450	9.529584
-0.772245	-0.098627	0.778518	9.551804
-0.770906	-0.115968	0.779579	9.574089
-0.769174	-0.133296	0.780639	9.596371
-0.767062	-0.150515	0.781689	9.618539
-0.764561	-0.167704	0.782738	9.640705
-0.761655	-0.184927	0.783783	9.662966
-0.758358	-0.202102	0.784827	9.685224
-0.754665	-0.219261	0.785872	9.707534
-0.750582	-0.236352	0.786915	9.729841
-0.746138	-0.253219	0.787936	9.751955
-0.741314	-0.270003	0.788954	9.774066
-0.736092	-0.286759	0.789976	9.796260
-0.730490	-0.303413	0.790996	9.818452
-0.724765	-0.319230	0.791955	9.839671
-0.718697	-0.334938	0.792911	9.860887
-0.712142	-0.350888	0.793894	9.882586
-0.705232	-0.366707	0.794875	9.904282
-0.698171	-0.381929	0.795809	9.925348
-0.690780	-0.397014	0.796741	9.946411
-0.682829	-0.412410	0.797707	9.968113
-0.674535	-0.427644	0.798671	9.989811
-0.665580	-0.443229	0.799655	10.012270
-0.656265	-0.458622	0.800636	10.034722
-0.646528	-0.473917	0.801621	10.057322
-0.636436	-0.488999	0.802603	10.079914
-0.626043	-0.503772	0.803565	10.102374
-0.615309	-0.518319	0.804525	10.124827
-0.604186	-0.532701	0.805488	10.147381
-0.592729	-0.546838	0.806448	10.169928
-0.581446	-0.560122	0.807351	10.191498
-0.569867	-0.573169	0.808252	10.213065
-0.557650	-0.586350	0.809184	10.235258
-0.545130	-0.599265	0.810114	10.257446
-0.532795	-0.611421	0.810990	10.278785
-0.520188	-0.623321	0.811865	10.300123
-0.506865	-0.635368	0.812776	10.322206
-0.493264	-0.647127	0.813685	10.344287
-0.480008	-0.658075	0.814537	10.365380
-0.466512	-0.668749	0.815388	10.386468
-0.452282	-0.679520	0.816276	10.408318
-0.437804	-0.689986	0.817162	10.430164
-0.423679	-0.699721	0.817993	10.451123
-0.409339	-0.709163	0.818823	10.472078
-0.394269	-0.718638	0.819688	10.493781
-0.378984	-0.727788	0.820551	10.515477
-0.364400	-0.736084	0.821345	10.535893
-0.349636	-0.744086	0.822137	10.556307
-0.334048	-0.752125	0.822970	10.577605
-0.318279	-0.759834	0.823802	10.598899
-0.303203	-0.766799	0.824568	10.619028
-0.287975	-0.773463	0.825333	10.639155
-0.271653	-0.780215	0.826155	10.660524
-0.255178	-0.786620	0.826975	10.681887
-0.238623	-0.792632	0.827772	10.703154
-0.221930	-0.798292	0.828567	10.724415
-0.204526	-0.803780	0.829394	10.746407
-0.186993	-0.808885	0.830218	10.768391
-0.170038	-0.813411	0.830994	10.789499
-0.152976	-0.817580	0.831768	10.810604
-0.135263	-0.821511	0.832572	10.832387
-0.117454	-0.825056	0.833374	10.854165
-0.100794	-0.827990	0.834102	10.874437
-0.084064	-0.830586	0.834829	10.894707
-0.066105	-0.832999	0.835618	10.916383
-0.048084	-0.835021	0.836404	10.938054
-0.031364	-0.836523	0.837111	10.958098
-0.014606	-0.837689	0.837816	10.978140
0.003408	-0.838577	0.838584	10.999638
0.021450	-0.839076	0.839350	11.021133
0.038039	-0.839175	0.840037	11.040872
0.054639	-0.838945	0.840722	11.060611
0.072320	-0.838348	0.841461	11.081626
0.089996	-0.837377	0.842199	11.102637
0.106404	-0.836123	0.842866	11.122153
0.122796	-0.834546	0.843532	11.141667
0.140327	-0.832511	0.844255	11.162563
0.157821	-0.830107	0.844977	11.183454
0.173650	-0.827588	0.845610	11.202401
0.189438	-0.824766	0.846242	11.221346
0.206821	-0.821315	0.846955	11.242263
0.224138	-0.817497	0.847667	11.263174
0.239704	-0.813715	0.848287	11.282051
0.255206	-0.809637	0.848906	11.300926
0.272219	-0.804810	0.849601	11.321734
0.289137	-0.799626	0.850295	11.342537
0.304940	-0.794410	0.850927	11.362087
0.320646	-0.788882	0.851557	11.381634
0.337587	-0.782541	0.852254	11.402852
0.354399	-0.775837	0.852948	11.424065
0.369567	-0.769406	0.853560	11.443361
0.384617	-0.762679	0.854172	11.462654
0.400901	-0.755016	0.854851	11.483700
0.417028	-0.747006	0.855529	11.504741
0.431506	-0.739428	0.856125	11.523824
0.445845	-0.731569	0.856721	11.542904
0.461176	-0.722777	0.857374	11.563511
0.476330	-0.713665	0.858026	11.584113
0.490021	-0.705039	0.858604	11.602955
0.503555	-0.696150	0.859181	11.621796
0.518086	-0.686204	0.859819	11.642270
0.532417	-0.675957	0.860457	11.662738
0.545711	-0.666035	0.861047	11.681999
0.558819	-0.655852	0.861638	11.701257
0.571697	-0.645438	0.862222	11.720460
0.584379	-0.634773	0.862807	11.739661
0.596775	-0.623931	0.863383	11.758730
0.608968	-0.612849	0.863959	11.777796
0.620922	-0.601554	0.864530	11.796815
0.632666	-0.590027	0.865100	11.815831
0.644153	-0.578309	0.865664	11.834782
0.655421	-0.566369	0.866227	11.853730
0.666438	-0.554236	0.866786	11.872633
0.677229	-0.541890	0.867343	11.891533
0.687770	-0.529353	0.867895	11.910402
0.698077	-0.516612	0.868446	11.929268
0.708111	-0.503713	0.868992	11.948069
0.717905	-0.490621	0.869538	11.966868
0.727609	-0.477119	0.870090	11.985974
0.737057	-0.463426	0.870642	12.005078
0.746214	-0.449592	0.871188	12.024117
0.755110	-0.435578	0.871733	12.043154
0.763674	-0.421496	0.872271	12.062045
0.771975	-0.407247	0.872809	12.080935
0.779981	-0.392880	0.873341	12.099763
0.787718	-0.378357	0.873873	12.118591
0.795113	-0.363820	0.874397	12.137240
0.802239	-0.349139	0.874920	12.155888
0.809071	-0.334361	0.875439	12.174481
0.815629	-0.319451	0.875957	12.193073
0.821869	-0.304512	0.876468	12.211541
0.827834	-0.289452	0.876979	12.230008
0.833505	-0.274316	0.877485	12.248425
0.838898	-0.259069	0.877991	12.266841
0.843934	-0.243956	0.878487	12.284971
0.848696	-0.228746	0.878982	12.303101
0.853171	-0.213477	0.879474	12.321188
0.857371	-0.198123	0.879964	12.339275
0.861268	-0.182777	0.880449	12.357255
0.864891	-0.167356	0.880934	12.375233
0.868228	-0.151895	0.881415	12.393175
0.871289	-0.136369	0.881896	12.411116
0.874077	-0.120721	0.882374	12.429126
0.876584	-0.105018	0.882852	12.447135
0.878800	-0.089311	0.883326	12.465089
0.880734	-0.073560	0.883801	12.483042
0.882377	-0.057834	0.884270	12.500920
0.883738	-0.042074	0.884739	12.518797
0.884813	-0.026330	0.885205	12.536622
0.885607	-0.010561	0.885670	12.554446
0.886119	0.005234	0.886134	12.572277
0.886348	0.021043	0.886598	12.590108
0.886294	0.036818	0.887059	12.607889
0.885959	0.052597	0.887519	12.625669
0.885347	0.068255	0.887974	12.643313
0.884458	0.083907	0.888429	12.660956
0.883293	0.099508	0.888881	12.678553
0.881853	0.115092	0.889332	12.696149
0.880151	0.130530	0.889778	12.713602
0.878179	0.145943	0.890224	12.731054
0.875941	0.161291	0.890666	12.748465
0.873433	0.176604	0.891109	12.765876
0.870677	0.191771	0.891546	12.783164
0.867657	0.206896	0.891983	12.800453
0.864378	0.221941	0.892417	12.817705
0.860839	0.236936	0.892851	12.834958
0.857060	0.251793	0.893282	12.852118
0.853025	0.266591	0.893712	12.869278
0.848738	0.281300	0.894140	12.886410
0.844198	0.295941	0.894568	12.903543
0.839420	0.310457	0.894991	12.920616
0.834392	0.324896	0.895415	12.937689
0.829128	0.339216	0.895835	12.954717
0.823618	0.353451	0.896256	12.971746
0.817826	0.367675	0.896674	12.988872
0.811787	0.381805	0.897092	13.005999
0.805519	0.395799	0.897506	13.023082
0.799009	0.409690	0.897921	13.040165
0.792303	0.423385	0.898331	13.057137
0.785362	0.436969	0.898741	13.074108
0.778203	0.450408	0.899148	13.091041
0.770814	0.463729	0.899555	13.107973
0.755661	0.489495	0.900349	13.141177
0.739679	0.514713	0.901140	13.174313
0.722962	0.539253	0.901925	13.207239
0.705466	0.563200	0.902705	13.240097
0.687293	0.586434	0.903480	13.272749
0.668387	0.609040	0.904251	13.305344
0.648846	0.630915	0.905016	13.337759
0.628616	0.652133	0.905779	13.370129
0.607579	0.672810	0.906546	13.402671
0.585903	0.692770	0.907311	13.435151
0.563543	0.712050	0.908072	13.467669
0.540594	0.730569	0.908831	13.500121
0.517043	0.748338	0.909584	13.532560
0.492952	0.765316	0.910335	13.564940
0.468421	0.781441	0.911081	13.597165
0.443399	0.796756	0.911824	13.629343
0.418687	0.810823	0.912542	13.660507
0.393569	0.824101	0.913257	13.691621
0.368140	0.836548	0.913969	13.722601
0.342352	0.848192	0.914677	13.753539
0.316395	0.858959	0.915378	13.784242
0.290125	0.868921	0.916076	13.814914
0.263608	0.878055	0.916772	13.845510
0.236824	0.886372	0.917464	13.876082
0.209505	0.893941	0.918163	13.906961
0.181988	0.900656	0.918859	13.937790
0.154079	0.906553	0.919554	13.968814
0.126019	0.911577	0.920246	13.999794
0.097967	0.915709	0.920935	14.030587
0.069812	0.918976	0.921624	14.061346
0.041674	0.921371	0.922313	14.091967
0.013479	0.922904	0.923002	14.122563
-0.013960	0.923568	0.923674	14.152281
-0.041389	0.923418	0.924345	14.181958
-0.068772	0.922457	0.925017	14.211582
-0.096106	0.920687	0.925689	14.241175
-0.123123	0.918137	0.926356	14.270473
-0.150059	0.914796	0.927022	14.299755
-0.176930	0.910662	0.927691	14.329064
-0.203666	0.905744	0.928360	14.358348
-0.230379	0.900014	0.929032	14.387759
-0.256905	0.893504	0.929704	14.417140
-0.283470	0.886145	0.930381	14.446771
-0.309809	0.878003	0.931059	14.476384
-0.335740	0.869140	0.931732	14.505798
-0.361414	0.859512	0.932407	14.535209
-0.386795	0.849136	0.933082	14.564598
-0.411869	0.838015	0.933758	14.593976
-0.436006	0.826462	0.934420	14.622617
-0.459798	0.814224	0.935080	14.651232
-0.483260	0.801297	0.935744	14.679861
-0.506346	0.787700	0.936407	14.708475
-0.528738	0.773640	0.937060	14.736693
-0.550740	0.758941	0.937713	14.764914
-0.572469	0.743519	0.938371	14.793311
-0.593754	0.727483	0.939029	14.821693
-0.614543	0.710872	0.939682	14.850015
-0.634859	0.693676	0.940336	14.878321
-0.654893	0.675720	0.941000	14.906914
-0.674422	0.657189	0.941670	14.935506
-0.693259	0.638275	0.942339	14.963836
-0.711584	0.618808	0.943014	14.992188
-0.729405	0.598776	0.943697	15.020602
-0.746663	0.578235	0.944385	15.049012
-0.763057	0.557578	0.945066	15.076918
-0.778868	0.536478	0.945750	15.104799
-0.794186	0.514807	0.946444	15.132841
-0.808897	0.492709	0.947141	15.160871
-0.822806	0.470512	0.947835	15.188509
-0.836115	0.447913	0.948533	15.216160
-0.848777	0.424991	0.949231	15.243748
-0.860813	0.401715	0.949933	15.271334
-0.872267	0.377980	0.950641	15.299058
-0.883073	0.353913	0.951353	15.326789
-0.893208	0.329564	0.952067	15.354493
-0.902685	0.304897	0.952787	15.382227
-0.911476	0.279990	0.953510	15.409930
-0.919602	0.254767	0.954240	15.437701
-0.927042	0.229286	0.954976	15.465498
-0.933789	0.203541	0.955714	15.493347
-0.939806	0.177686	0.956455	15.521102
-0.945099	0.151680	0.957193	15.548829
-0.949655	0.125613	0.957927	15.576455
-0.953487	0.099425	0.958657	15.604063
-0.956577	0.073327	0.959383	15.631457
-0.958949	0.047131	0.960106	15.658855
-0.960607	0.020891	0.960835	15.686219
-0.961560	-0.005424	0.961575	15.713604
-0.961803	-0.031743	0.962327	15.740955
-0.961340	-0.058063	0.963092	15.768288
-0.960175	-0.084333	0.963872	15.795569
-0.958306	-0.110610	0.964668	15.822878
-0.955738	-0.136818	0.965481	15.850151
-0.952456	-0.163073	0.966315	15.877532
-0.948451	-0.189373	0.967172	15.905037
-0.943692	-0.215785	0.968049	15.932759
-0.938191	-0.242171	0.968942	15.960575
-0.931963	-0.268369	0.969833	15.988338
-0.925028	-0.294318	0.970721	16.016007
-0.917367	-0.320092	0.971607	16.043680
-0.909027	-0.345554	0.972491	16.071229
-0.899964	-0.370833	0.973371	16.098817
-0.890187	-0.395891	0.974249	16.126424
-0.879657	-0.420800	0.975125	16.154157
-0.868480	-0.445317	0.975994	16.181762
-0.856642	-0.469493	0.976862	16.209317
-0.844180	-0.493261	0.977726	16.236765
-0.831083	-0.516657	0.978588	16.264162
-0.817413	-0.539586	0.979447	16.291416
-0.803138	-0.562117	0.980309	16.318623
-0.788291	-0.584321	0.981241	16.345841
-0.772581	-0.606627	0.982282	16.373612
-0.755890	-0.629049	0.983398	16.402031
-0.738579	-0.650974	0.984513	16.430400
-0.720698	-0.672352	0.985628	16.458670
-0.702231	-0.693203	0.986741	16.486892
-0.683264	-0.713446	0.987853	16.514967
-0.663748	-0.733137	0.988965	16.542995
-0.643735	-0.752232	0.990075	16.570927
-0.622985	-0.770932	0.991184	16.599103
