time = 9.9499	Re = 1	40	80
0.151190	0.136664	0.203803	0.734978
0.166335	0.124381	0.207696	0.642075
0.178543	0.113719	0.211683	0.567130
0.189992	0.102096	0.215686	0.493093
0.200442	0.089901	0.219680	0.421616
0.210076	0.076746	0.223655	0.350262
0.224135	0.056725	0.231201	0.247881
0.235883	0.037985	0.238922	0.159661
0.245156	0.025435	0.246472	0.103381
0.253739	0.012245	0.254034	0.048219
0.269087	-0.000476	0.269087	-0.001769
0.283878	0.000969	0.283880	0.003413
0.297933	0.014103	0.298266	0.047301
0.309971	0.037611	0.312244	0.120748
0.314394	0.054064	0.319009	0.170296
0.317934	0.070897	0.325742	0.219403
0.319371	0.091592	0.332245	0.279293
0.319340	0.112619	0.338617	0.339044
0.317015	0.135951	0.344937	0.405124
0.312595	0.159519	0.350944	0.471857
0.305593	0.184771	0.357110	0.543817
0.296668	0.209321	0.363080	0.614457
0.285092	0.234810	0.369341	0.688984
0.272009	0.259447	0.375901	0.761767
0.264544	0.272602	0.379862	0.800399
0.256506	0.285528	0.383825	0.838891
0.248595	0.298298	0.388306	0.876031
0.240052	0.310881	0.392775	0.913257
0.231060	0.325078	0.398829	0.952870
0.221959	0.338811	0.405042	0.990836
0.212429	0.353892	0.412754	1.030183
0.203241	0.369030	0.421296	1.067382
0.193496	0.386490	0.432222	1.106629
0.183703	0.404317	0.444093	1.144329
0.174456	0.426339	0.460652	1.182389
0.164398	0.448515	0.477695	1.219464
0.159644	0.464462	0.491132	1.239729
0.154854	0.480249	0.504598	1.258876
0.149419	0.497763	0.519705	1.279174
0.143599	0.515004	0.534649	1.298873
0.137396	0.537232	0.554523	1.320414
0.131958	0.561502	0.576799	1.339976
0.122371	0.589172	0.601746	1.366009
0.112049	0.614820	0.624947	1.390528
0.107334	0.632098	0.641146	1.402595
0.104822	0.643602	0.652082	1.409347
0.104881	0.663718	0.671954	1.414072
0.086068	0.671709	0.677200	1.443358
0.059984	0.681086	0.683723	1.482952
0.079446	0.668695	0.673398	1.452543
0.056982	0.678130	0.680520	1.486965
0.038335	0.681930	0.683007	1.514640
0.012443	0.684143	0.684256	1.552611
-0.012540	0.684604	0.684719	1.589112
0.016216	0.683354	0.683546	1.547070
0.000484	0.683435	0.683435	1.570088
-0.020344	0.682935	0.683238	1.600576
-0.045646	0.677824	0.679359	1.638037
-0.058761	0.669293	0.671867	1.658367
-0.044320	0.678023	0.679470	1.636070
-0.015957	0.682536	0.682722	1.594171
-0.042327	0.678149	0.679469	1.633131
-0.056778	0.667168	0.669579	1.655695
-0.063333	0.658728	0.661765	1.666646
-0.073096	0.650357	0.654452	1.682721
-0.066364	0.655039	0.658392	1.671765
-0.080969	0.641039	0.646132	1.696440
-0.100513	0.626060	0.634077	1.729986
-0.086465	0.635120	0.640979	1.706104
-0.103874	0.621036	0.629663	1.736522
-0.125428	0.604728	0.617599	1.775308
-0.119555	0.607860	0.619505	1.764999
-0.134451	0.596690	0.611650	1.792423
-0.151332	0.585154	0.604406	1.823870
-0.157243	0.579258	0.600221	1.835865
-0.173972	0.567388	0.593460	1.868314
-0.196522	0.552256	0.586181	1.912675
-0.197723	0.549774	0.584248	1.916037
-0.216049	0.537012	0.578843	1.953299
-0.228640	0.528613	0.575941	1.979026
-0.240923	0.519929	0.573036	2.004719
-0.238171	0.520351	0.572268	2.000045
-0.257817	0.506116	0.567999	2.041938
-0.270967	0.496765	0.565861	2.070150
-0.283612	0.487169	0.563711	2.097997
-0.284546	0.485009	0.562317	2.101365
-0.303151	0.470239	0.559487	2.143419
-0.326036	0.451532	0.556939	2.196179
-0.325007	0.451054	0.555948	2.195181
-0.339726	0.437962	0.554279	2.230542
-0.351699	0.427446	0.553536	2.259281
-0.363254	0.416700	0.552804	2.287777
-0.361766	0.416759	0.551872	2.285674
-0.379561	0.399446	0.551021	2.330674
-0.395562	0.382681	0.550376	2.372745
-0.395712	0.381269	0.549504	2.374781
-0.411914	0.363530	0.549388	2.418509
-0.426253	0.346491	0.549315	2.459049
-0.426117	0.345270	0.548441	2.460620
-0.440009	0.327940	0.548774	2.501105
-0.452401	0.311148	0.549072	2.539122
-0.456048	0.304883	0.548574	2.552300
-0.466608	0.289587	0.549166	2.586147
-0.476397	0.274301	0.549723	2.619171
-0.479750	0.267632	0.549351	2.632737
-0.488304	0.253252	0.550071	2.663147
-0.496319	0.238753	0.550759	2.693223
-0.502951	0.225278	0.551099	2.720476
-0.513236	0.203890	0.552252	2.763447
-0.516178	0.196009	0.552140	2.778681
-0.527534	0.168750	0.553867	2.831994
-0.532617	0.154250	0.554503	2.859698
-0.540148	0.131871	0.556013	2.902138
-0.543517	0.119449	0.556488	2.925262
-0.548670	0.100246	0.557752	2.960878
-0.553082	0.081694	0.559082	2.994946
-0.556743	0.063336	0.560334	3.028317
-0.559247	0.048019	0.561304	3.055938
-0.561322	0.032626	0.562270	3.083534
-0.563607	0.013605	0.563772	3.117458
-0.565184	-0.005226	0.565208	3.150839
-0.566193	-0.033553	0.567186	3.200785
-0.566389	-0.052159	0.568786	3.233425
-0.565955	-0.070701	0.570354	3.265873
-0.563861	-0.099491	0.572571	3.316241
-0.562030	-0.117872	0.574258	3.348321
-0.559626	-0.136130	0.575945	3.380209
-0.554821	-0.163123	0.578304	3.427545
-0.551236	-0.180825	0.580137	3.458568
-0.547130	-0.198407	0.581994	3.489477
-0.539888	-0.224154	0.584572	3.535121
-0.534572	-0.241602	0.586633	3.566070
-0.528763	-0.258900	0.588744	3.596912
-0.519783	-0.282325	0.591508	3.639169
-0.512704	-0.299829	0.593938	3.670760
-0.505083	-0.317268	0.596463	3.702454
-0.494224	-0.339421	0.599554	3.743388
-0.485556	-0.356456	0.602350	3.774853
-0.476439	-0.373298	0.605265	3.806202
-0.463819	-0.394669	0.609009	3.846616
-0.453638	-0.411384	0.612392	3.878182
-0.442997	-0.427955	0.615948	3.909721
-0.428570	-0.448783	0.620546	3.950025
-0.417645	-0.464132	0.624377	3.979662
-0.406317	-0.479376	0.628406	4.009293
-0.387843	-0.502866	0.635056	4.055417
-0.375705	-0.517756	0.639707	4.084661
-0.363172	-0.532568	0.644610	4.113896
-0.343256	-0.554909	0.652494	4.158418
-0.330217	-0.569130	0.657991	4.186645
-0.316740	-0.583312	0.663760	4.214934
-0.303269	-0.597129	0.669728	4.242459
-0.289297	-0.610896	0.675934	4.270114
-0.274806	-0.624784	0.682549	4.298015
-0.259543	-0.638657	0.689380	4.326388
-0.243609	-0.652616	0.696601	4.355127
-0.226529	-0.666595	0.704034	4.384802
-0.207753	-0.680817	0.711810	4.416211
-0.187279	-0.694749	0.719548	4.449084
-0.161631	-0.709747	0.727919	4.488478
-0.147355	-0.716714	0.731706	4.509617
-0.132833	-0.723291	0.735387	4.530763
-0.116728	-0.729109	0.738394	4.553640
-0.100530	-0.734185	0.741036	4.576307
-0.083686	-0.738161	0.742890	4.599501
-0.067013	-0.741465	0.744487	4.622255
-0.050668	-0.743583	0.745307	4.644354
-0.034321	-0.745395	0.746184	4.666377
-0.018219	-0.745972	0.746195	4.687970
-0.002104	-0.746293	0.746296	4.709570
0.013930	-0.745481	0.745611	4.731072
0.030005	-0.744411	0.745016	4.752675
0.045160	-0.742263	0.743636	4.773155
0.060422	-0.739784	0.742248	4.793883
0.076444	-0.736025	0.739984	4.815879
0.091780	-0.731828	0.737561	4.837150
0.105873	-0.726999	0.734668	4.857003
0.119729	-0.722202	0.732059	4.876678
0.132623	-0.716832	0.728997	4.895333
0.145453	-0.711529	0.726244	4.914034
0.156789	-0.705966	0.723167	4.930933
0.168414	-0.700628	0.720585	4.948289
0.178551	-0.695269	0.717830	4.963766
0.189081	-0.690058	0.715494	4.979832
0.198312	-0.684826	0.712962	4.994259
0.207947	-0.679722	0.710819	5.009277
0.216898	-0.674450	0.708468	5.023535
0.226375	-0.669272	0.706520	5.038549
0.243512	-0.659091	0.702637	5.066300
0.252357	-0.653393	0.700433	5.080965
0.262141	-0.647777	0.698808	5.096921
0.270442	-0.642239	0.696857	5.110945
0.279665	-0.636723	0.695434	5.126247
0.287911	-0.631076	0.693649	5.140405
0.297209	-0.625407	0.692435	5.156021
0.305000	-0.619909	0.690878	5.169622
0.313800	-0.614295	0.689804	5.184662
0.328783	-0.604072	0.687751	5.210829
0.342944	-0.594052	0.685937	5.235947
0.357305	-0.583714	0.684389	5.261675
0.370881	-0.573559	0.683025	5.286392
0.378047	-0.567886	0.682212	5.299728
0.386189	-0.561927	0.681839	5.314513
0.400744	-0.550398	0.680833	5.341725
0.415406	-0.538489	0.680097	5.369465
0.429286	-0.526726	0.679505	5.396214
0.442348	-0.515356	0.679163	5.421702
0.454723	-0.504126	0.678908	5.446309
0.467270	-0.492439	0.678850	5.471568
0.479131	-0.480897	0.678843	5.495948
0.492363	-0.467654	0.679059	5.523520
0.504855	-0.454541	0.679328	5.550183
0.517447	-0.440843	0.679775	5.577555
0.529313	-0.427275	0.680247	5.604054
0.539848	-0.414792	0.680799	5.628043
0.549805	-0.402451	0.681361	5.651311
0.559765	-0.389652	0.682030	5.675082
0.569189	-0.376989	0.682713	5.698194
0.579737	-0.362299	0.683634	5.724631
0.589585	-0.347808	0.684529	5.750211
0.599387	-0.332754	0.685558	5.776392
0.608519	-0.317901	0.686554	5.801764
0.616911	-0.303605	0.687572	5.825847
0.624766	-0.289485	0.688574	5.849286
0.632522	-0.274843	0.689654	5.873280
0.639751	-0.260381	0.690709	5.896656
0.647511	-0.244012	0.691963	5.922798
0.654649	-0.227869	0.693174	5.948224
0.661586	-0.211186	0.694475	5.974198
0.667908	-0.194765	0.695726	5.999448
0.673421	-0.179426	0.696915	6.022795
0.678530	-0.164185	0.698112	6.045777
0.683340	-0.148655	0.699322	6.068980
0.687759	-0.133226	0.700544	6.091845
0.692133	-0.116548	0.701877	6.116360
0.696039	-0.100056	0.703194	6.140412
0.699614	-0.083199	0.704543	6.164820
0.702738	-0.066527	0.705880	6.188799
0.705554	-0.049285	0.707273	6.213445
0.707919	-0.032239	0.708652	6.237676
0.709906	-0.014787	0.710059	6.262359
0.711449	0.002504	0.711453	6.286704
0.712542	0.019505	0.712809	6.310553
0.713242	0.036344	0.714168	6.334098
0.713538	0.053344	0.715530	6.357806
0.713461	0.070213	0.716907	6.381282
0.712987	0.087196	0.718300	6.404878
0.712160	0.104102	0.719728	6.428335
0.710905	0.121015	0.721131	6.451796
0.709299	0.137858	0.722572	6.475150
0.707317	0.154160	0.723922	6.497780
0.705005	0.170586	0.725350	6.520587
0.702292	0.186759	0.726700	6.543098
0.699237	0.203128	0.728144	6.565904
0.695608	0.220169	0.729620	6.589722
0.691592	0.237168	0.731128	6.613548
0.687105	0.254175	0.732610	6.637496
0.682245	0.271087	0.734130	6.661401
0.677082	0.287405	0.735555	6.684612
0.671511	0.303896	0.737075	6.708163
0.665607	0.319920	0.738500	6.731228
0.659270	0.336168	0.740031	6.754729
0.652704	0.351780	0.741466	6.777512
0.645696	0.367609	0.743007	6.800742
0.638415	0.382916	0.744445	6.823451
0.630682	0.398418	0.745987	6.846607
0.622843	0.413117	0.747395	6.868837
0.614516	0.428079	0.748920	6.891634
0.606050	0.442343	0.750309	6.913684
0.596973	0.457064	0.751854	6.936618
0.587309	0.471800	0.753344	6.959950
0.577093	0.486707	0.754931	6.983822
0.566714	0.501007	0.756421	7.007121
0.555821	0.515403	0.758009	7.030871
0.545061	0.528826	0.759439	7.053467
0.533539	0.542706	0.761047	7.077101
0.522196	0.555585	0.762472	7.099553
0.510044	0.568920	0.764078	7.123096
0.498287	0.581127	0.765506	7.145178
0.485765	0.593687	0.767094	7.168231
0.473501	0.605316	0.768512	7.190166
0.460400	0.617323	0.770101	7.213173
0.447811	0.628198	0.771471	7.234683
0.434073	0.639709	0.773076	7.257799
0.420922	0.650073	0.774449	7.279366
0.406545	0.661034	0.776044	7.302596
0.392317	0.671233	0.777475	7.325058
0.376987	0.681829	0.779108	7.348910
0.362348	0.691323	0.780528	7.371211
0.346533	0.701204	0.782159	7.394987
0.331542	0.709981	0.783577	7.417102
0.315459	0.719020	0.785178	7.440535
0.300131	0.727072	0.786582	7.462495
0.283629	0.735381	0.788182	7.485872
0.267730	0.742897	0.789668	7.508084
0.251639	0.750065	0.791151	7.530292
0.235426	0.756857	0.792628	7.552411
0.219018	0.763301	0.794101	7.574553
0.202424	0.769386	0.795569	7.596714
0.185650	0.775111	0.797034	7.618896
0.168668	0.780476	0.798494	7.641145
0.151550	0.785464	0.799951	7.663381
0.134001	0.790158	0.801440	7.685993
0.116329	0.794454	0.802925	7.708588
0.098635	0.798333	0.804403	7.731054
0.080837	0.801813	0.805877	7.753503
0.063081	0.804874	0.807342	7.775768
0.045240	0.807538	0.808804	7.798018
0.027401	0.809796	0.810259	7.820158
0.009483	0.811656	0.811711	7.842299
-0.008231	0.813108	0.813149	7.864104
-0.026016	0.814170	0.814585	7.885925
-0.043799	0.814837	0.816013	7.907682
-0.061639	0.815111	0.817438	7.929459
-0.079689	0.814973	0.818860	7.951453
-0.097750	0.814433	0.820278	7.973432
-0.115806	0.813488	0.821690	7.995389
-0.133855	0.812141	0.823098	8.017331
-0.151920	0.810397	0.824514	8.039295
-0.169960	0.808250	0.825927	8.061244
-0.187860	0.805722	0.827333	8.083047
-0.205718	0.802797	0.828736	8.104835
-0.223409	0.799504	0.830132	8.126465
-0.241051	0.795818	0.831524	8.148094
-0.258553	0.791762	0.832909	8.169619
-0.276001	0.787314	0.834290	8.191155
-0.293282	0.782518	0.835673	8.212571
-0.310500	0.777334	0.837053	8.234007
-0.327617	0.771769	0.838427	8.255430
-0.344626	0.765829	0.839798	8.276838
-0.361727	0.759415	0.841165	8.298508
-0.378699	0.752624	0.842529	8.320163
-0.395461	0.745491	0.843888	8.341707
-0.412080	0.737989	0.845244	8.363238
-0.428257	0.730266	0.846577	8.384371
-0.444283	0.722192	0.847908	8.405493
-0.460075	0.713812	0.849233	8.426504
-0.475702	0.705090	0.850555	8.447504
-0.491093	0.696067	0.851870	8.468406
-0.506319	0.686704	0.853183	8.489317
-0.521309	0.677044	0.854489	8.510146
-0.536124	0.667049	0.855794	8.530989
-0.550821	0.656687	0.857112	8.551930
-0.565314	0.646003	0.858429	8.572865
-0.579656	0.634945	0.859741	8.593891
-0.593771	0.623576	0.861052	8.614902
-0.607705	0.611845	0.862357	8.635985
-0.621398	0.599813	0.863661	8.657053
-0.634798	0.587531	0.864963	8.678030
-0.647949	0.574957	0.866264	8.698996
-0.660459	0.562490	0.867526	8.719318
-0.672722	0.549758	0.868786	8.739628
-0.684690	0.536819	0.870043	8.759849
-0.696407	0.523619	0.871298	8.780070
-0.707802	0.510244	0.872543	8.800172
-0.718945	0.496610	0.873787	8.820288
-0.729811	0.482753	0.875028	8.840377
-0.740415	0.468647	0.876268	8.860481
-0.750857	0.454154	0.877521	8.880802
-0.761008	0.439438	0.878771	8.901110
-0.770956	0.424342	0.880022	8.921620
-0.780598	0.409032	0.881272	8.942117
-0.789893	0.393577	0.882516	8.962518
-0.798879	0.377922	0.883760	8.982909
-0.807518	0.362145	0.885005	9.003200
-0.815843	0.346178	0.886250	9.023484
-0.823631	0.330485	0.887462	9.043191
-0.831112	0.314628	0.888672	9.062888
-0.838274	0.298649	0.889884	9.082531
-0.845126	0.282511	0.891095	9.102173
-0.851610	0.266359	0.892293	9.121646
-0.857787	0.250048	0.893489	9.141134
-0.863661	0.233571	0.894688	9.160653
-0.869217	0.216959	0.895884	9.180173
-0.874478	0.200116	0.897083	9.199811
-0.879409	0.183160	0.898280	9.219437
-0.884049	0.165906	0.899482	9.239270
-0.888349	0.148549	0.900683	9.259091
-0.892284	0.131192	0.901877	9.278794
-0.895882	0.113745	0.903074	9.298490
-0.899140	0.096236	0.904276	9.318153
-0.902057	0.078648	0.905479	9.337811
-0.904573	0.061453	0.906658	9.356947
-0.906759	0.044198	0.907835	9.376073
-0.908621	0.026910	0.909019	9.395170
-0.910151	0.009576	0.910202	9.414257
-0.911336	-0.007577	0.911368	9.433092
-0.912195	-0.024792	0.912532	9.451949
-0.912733	-0.042149	0.913706	9.470924
-0.912939	-0.059536	0.914878	9.489899
-0.912803	-0.076954	0.916041	9.508884
-0.912334	-0.094380	0.917203	9.527860
-0.911518	-0.111999	0.918373	9.547036
-0.910362	-0.129612	0.919543	9.566202
-0.908880	-0.147054	0.920700	9.585184
-0.907072	-0.164481	0.921864	9.604161
-0.904938	-0.181900	0.923038	9.623143
-0.902472	-0.199296	0.924216	9.642123
-0.899739	-0.216325	0.925379	9.660730
-0.896685	-0.233313	0.926541	9.679329
-0.893302	-0.250334	0.927715	9.698005
-0.889597	-0.267302	0.928888	9.716671
-0.885651	-0.283930	0.930051	9.735015
-0.881389	-0.300517	0.931213	9.753376
-0.876810	-0.317039	0.932368	9.771734
-0.871918	-0.333502	0.933523	9.790101
-0.866676	-0.349996	0.934679	9.808588
-0.861123	-0.366403	0.935834	9.827067
-0.855262	-0.382707	0.936983	9.845529
-0.849094	-0.398910	0.938131	9.863981
-0.842649	-0.414952	0.939277	9.882358
-0.835904	-0.430885	0.940424	9.900726
-0.828894	-0.446665	0.941581	9.919034
-0.821592	-0.462340	0.942747	9.937347
-0.814069	-0.477787	0.943922	9.955518
-0.806259	-0.493106	0.945097	9.973681
-0.798193	-0.508243	0.946268	9.991776
-0.789846	-0.523243	0.947439	10.009864
-0.781323	-0.537950	0.948607	10.027752
-0.772529	-0.552514	0.949776	10.045634
-0.763470	-0.566923	0.950940	10.063501
-0.754109	-0.581225	0.952104	10.081424
-0.744465	-0.595386	0.953264	10.099366
-0.734560	-0.609381	0.954423	10.117301
-0.724415	-0.623182	0.955579	10.135196
-0.714015	-0.636808	0.956735	10.153082
-0.703414	-0.650199	0.957888	10.170883
-0.692566	-0.663409	0.959041	10.188676
-0.681511	-0.676398	0.960193	10.206410
-0.670221	-0.689221	0.961365	10.224152
-0.658752	-0.701832	0.962560	10.241828
-0.647052	-0.714247	0.963756	10.259497
-0.635160	-0.726429	0.964949	10.277107
-0.623044	-0.738409	0.966143	10.294711
-0.610806	-0.750102	0.967335	10.312177
-0.598353	-0.761589	0.968527	10.329636
-0.585720	-0.772841	0.969717	10.347050
-0.572840	-0.783909	0.970906	10.364509
-0.559775	-0.794739	0.972089	10.381934
-0.546512	-0.805347	0.973272	10.399353
-0.533089	-0.815705	0.974453	10.416720
-0.519478	-0.825836	0.975634	10.434080
-0.505748	-0.835693	0.976813	10.451352
-0.491838	-0.845318	0.977992	10.468616
-0.477795	-0.854685	0.979170	10.485824
-0.463579	-0.863820	0.980353	10.503029
-0.449222	-0.872758	0.981584	10.520224
-0.434699	-0.881455	0.982816	10.537413
-0.420058	-0.889887	0.984047	10.554548
-0.405260	-0.898074	0.985278	10.571677
-0.390395	-0.905975	0.986508	10.588707
-0.375384	-0.913627	0.987739	10.605730
-0.360272	-0.921012	0.988969	10.622704
-0.345012	-0.928149	0.990199	10.639682
