time = 8.0001	Re = 0.1	40	80
0
0.208544	0.024683	0.000477	1
0.228406	0.027034	0.003930	2
0.248267	0.029384	0.009804	3
0.268128	0.031735	0.017396	4
0.287990	0.034086	0.026376	5
0.307851	0.036437	0.036444	6
0.327713	0.038787	0.047179	7
0.347574	0.041138	0.058020	8
0.367435	0.043489	0.068278	9
0.387297	0.045840	0.077146	10
0.407158	0.048190	0.083718	11
0.427019	0.050541	0.087038	12
0.446881	0.052892	0.086226	13
0.466742	0.055243	0.080737	14
0.486604	0.057593	0.070892	15
0.506465	0.059944	0.058883	16
0.526326	0.062295	0.050573	17
0.546188	0.064646	0.058512	18
0.566049	0.066996	0.106555	19
0.585910	0.069347	0.236009	20
0.605772	0.071698	0.512346	21
0.625633	0.074049	1.033365	22
0.645494	0.076399	1.968566	23
0.665356	0.078750	3.851929	24
0.685217	0.081101	5.571005	25
0.705079	0.083452	6.159670	26
0.724940	0.085802	6.262580	27
0.744801	0.088153	6.161270	28
0.764663	0.090504	5.979312	29
0.784524	0.092855	5.774443	30
0.804385	0.095206	5.572516	31
0.824247	0.097556	5.382683	32
0.844108	0.099907	5.205243	33
0.863970	0.102258	5.035974	34
0.883831	0.104609	4.868613	35
0.903692	0.106959	4.696379	36
0.923554	0.109310	4.513080	37
0.943415	0.111661	4.314117	38
0.963276	0.114012	4.097651	39
0.983138	0.116362	3.866157	40
1
0.205965	0.040969	0.001478	1
0.225581	0.044871	0.007451	2
0.245196	0.048772	0.014422	3
0.264812	0.052674	0.021163	4
0.284428	0.056576	0.027264	5
0.304043	0.060478	0.032509	6
0.323659	0.064380	0.036650	7
0.343275	0.068281	0.039364	8
0.362891	0.072183	0.040288	9
0.382506	0.076085	0.039101	10
0.402122	0.079987	0.035645	11
0.421738	0.083889	0.030116	12
0.441353	0.087790	0.023329	13
0.460969	0.091692	0.017113	14
0.480585	0.095594	0.014850	15
0.500201	0.099496	0.022184	16
0.519816	0.103398	0.047887	17
0.539432	0.107299	0.104895	18
0.559048	0.111201	0.211653	19
0.578663	0.115103	0.394410	20
0.598279	0.119005	0.692035	21
0.617895	0.122907	1.164899	22
0.637511	0.126808	1.899714	23
0.657126	0.130710	2.951947	24
0.676742	0.134612	4.025236	25
0.696358	0.138514	4.801847	26
0.715973	0.142416	5.274343	27
0.735589	0.146317	5.519369	28
0.755205	0.150219	5.614118	29
0.774820	0.154121	5.616863	30
0.794436	0.158023	5.567005	31
0.814052	0.161925	5.489485	32
0.833668	0.165826	5.399270	33
0.853283	0.169728	5.304954	34
0.872899	0.173630	5.211469	35
0.892515	0.177532	5.122126	36
0.912130	0.181434	5.040280	37
0.931746	0.185335	4.970844	38
0.951362	0.189237	4.921916	39
0.970978	0.193139	4.906760	40
2
0.202116	0.057002	0.002574	1
0.221365	0.062431	0.010275	2
0.240614	0.067860	0.017453	3
0.259863	0.073289	0.023016	4
0.279112	0.078718	0.026863	5
0.298361	0.084146	0.028989	6
0.317610	0.089575	0.029364	7
0.336859	0.095004	0.027945	8
0.356108	0.100433	0.024750	9
0.375358	0.105862	0.019971	10
0.394607	0.111290	0.014109	11
0.413856	0.116719	0.008153	12
0.433105	0.122148	0.003789	13
0.452354	0.127577	0.003661	14
0.471603	0.133006	0.011680	15
0.490852	0.138434	0.033404	16
0.510101	0.143863	0.076564	17
0.529350	0.149292	0.151853	18
0.548600	0.154721	0.274168	19
0.567849	0.160150	0.464321	20
0.587098	0.165578	0.750373	21
0.606347	0.171007	1.165260	22
0.625596	0.176436	1.733065	23
0.644845	0.181865	2.435243	24
0.664094	0.187294	3.171953	25
0.683343	0.192722	3.828252	26
0.702592	0.198151	4.349731	27
0.721842	0.203580	4.731383	28
0.741091	0.209009	4.993074	29
0.760340	0.214438	5.162377	30
0.779589	0.219866	5.265933	31
0.798838	0.225295	5.326249	32
0.818087	0.230724	5.361281	33
0.837336	0.236153	5.385255	34
0.856585	0.241582	5.409919	35
0.875834	0.247010	5.445927	36
0.895083	0.252439	5.504247	37
0.914333	0.257868	5.597673	38
0.933582	0.263297	5.742528	39
0.952831	0.268726	5.960792	40
3
0.197020	0.072685	0.003423	1
0.215784	0.079607	0.011384	2
0.234548	0.086529	0.018077	3
0.253312	0.093452	0.022631	4
0.272076	0.100374	0.025211	5
0.290839	0.107296	0.025964	6
0.309603	0.114219	0.024962	7
0.328367	0.121141	0.022286	8
0.347131	0.128063	0.018122	9
0.365895	0.134986	0.012873	10
0.384658	0.141908	0.007285	11
0.403422	0.148830	0.002592	12
0.422186	0.155753	0.000688	13
0.440950	0.162675	0.004340	14
0.459714	0.169597	0.017450	15
0.478478	0.176520	0.045412	16
0.497241	0.183442	0.095569	17
0.516005	0.190364	0.177768	18
0.534769	0.197287	0.304834	19
0.553533	0.204209	0.492506	20
0.572297	0.211131	0.757824	21
0.591061	0.218054	1.114579	22
0.609824	0.224976	1.564898	23
0.628588	0.231898	2.089292	24
0.647352	0.238821	2.644191	25
0.666116	0.245743	3.179276	26
0.684880	0.252665	3.658108	27
0.703644	0.259588	4.063683	28
0.722407	0.266510	4.394845	29
0.741171	0.273432	4.660295	30
0.759935	0.280355	4.873535	31
0.778699	0.287277	5.049609	32
0.797463	0.294199	5.203456	33
0.816227	0.301122	5.349368	34
0.834990	0.308044	5.501163	35
0.853754	0.314966	5.672791	36
0.872518	0.321889	5.879212	37
0.891282	0.328811	6.137522	38
0.910046	0.335733	6.468320	39
0.928809	0.342656	6.897406	40
4
0.190710	0.087919	0.003943	1
0.208873	0.096292	0.010685	2
0.227036	0.104665	0.016424	3
0.245199	0.113038	0.020391	4
0.263362	0.121411	0.022739	5
0.281524	0.129785	0.023540	6
0.299687	0.138158	0.022774	7
0.317850	0.146531	0.020439	8
0.336013	0.154904	0.016663	9
0.354176	0.163277	0.011827	10
0.372339	0.171650	0.006694	11
0.390502	0.180024	0.002570	12
0.408664	0.188397	0.001481	13
0.426827	0.196770	0.006391	14
0.444990	0.205143	0.021445	15
0.463153	0.213516	0.052221	16
0.481316	0.221890	0.105951	17
0.499479	0.230263	0.191569	18
0.517642	0.238636	0.319411	19
0.535804	0.247009	0.500228	20
0.553967	0.255382	0.743226	21
0.572130	0.263756	1.053020	22
0.590293	0.272129	1.426105	23
0.608456	0.280502	1.848551	24
0.626619	0.288875	2.297385	25
0.644782	0.297248	2.746692	26
0.662945	0.305622	3.174696	27
0.681107	0.313995	3.567619	28
0.699270	0.322368	3.920136	29
0.717433	0.330741	4.233878	30
0.735596	0.339114	4.515366	31
0.753759	0.347488	4.774194	32
0.771922	0.355861	5.021756	33
0.790085	0.364234	5.270554	34
0.808247	0.372607	5.533993	35
0.826410	0.380980	5.826551	36
0.844573	0.389354	6.164229	37
0.862736	0.397727	6.565238	38
0.880899	0.406100	7.050862	39
0.899062	0.414473	7.646507	40
5
0.183224	0.102610	0.004205	1
0.200674	0.112383	0.008873	2
0.218124	0.122155	0.013488	3
0.235574	0.131928	0.017294	4
0.253024	0.141700	0.020160	5
0.270474	0.151472	0.021873	6
0.287924	0.161245	0.022157	7
0.305374	0.171017	0.020792	8
0.322824	0.180790	0.017739	9
0.340274	0.190562	0.013281	10
0.357724	0.200334	0.008176	11
0.375173	0.210107	0.003841	12
0.392623	0.219879	0.002535	13
0.410073	0.229652	0.007557	14
0.427523	0.239424	0.023394	15
0.444973	0.249196	0.055801	16
0.462423	0.258969	0.111723	17
0.479873	0.268741	0.198972	18
0.497323	0.278514	0.325559	19
0.514773	0.288286	0.498601	20
0.532223	0.298059	0.722856	21
0.549673	0.307831	0.999116	22
0.567123	0.317603	1.322943	23
0.584573	0.327376	1.684460	24
0.602023	0.337148	2.069732	25
0.619472	0.346921	2.463561	26
0.636922	0.356693	2.852557	27
0.654372	0.366465	3.227272	28
0.671822	0.376238	3.583038	29
0.689272	0.386010	3.919782	30
0.706722	0.395783	4.241293	31
0.724172	0.405555	4.554355	32
0.741622	0.415327	4.868005	33
0.759072	0.425100	5.193030	34
0.776522	0.434872	5.541721	35
0.793972	0.444645	5.927865	36
0.811422	0.454417	6.366943	37
0.828872	0.464190	6.876464	38
0.846322	0.473962	7.476406	39
0.863771	0.483734	8.189688	40
6
0.174609	0.116670	0.004315	1
0.191238	0.127781	0.006947	2
0.207867	0.138892	0.010624	3
0.224497	0.150004	0.014572	4
0.241126	0.161115	0.018280	5
0.257756	0.172227	0.021175	6
0.274385	0.183338	0.022681	7
0.291014	0.194449	0.022334	8
0.307644	0.205561	0.019923	9
0.324273	0.216672	0.015646	10
0.340903	0.227784	0.010292	11
0.357532	0.238895	0.005424	12
0.374161	0.250006	0.003565	13
0.390791	0.261118	0.008330	14
0.407420	0.272229	0.024478	15
0.424050	0.283341	0.057825	16
0.440679	0.294452	0.114964	17
0.457308	0.305563	0.202757	18
0.473938	0.316675	0.327579	19
0.490567	0.327786	0.494380	20
0.507197	0.338898	0.705689	21
0.523826	0.350009	0.960805	22
0.540455	0.361120	1.255435	23
0.557085	0.372232	1.582041	24
0.573714	0.383343	1.930948	25
0.590344	0.394454	2.291980	26
0.606973	0.405566	2.656150	27
0.623602	0.416677	3.016951	28
0.640232	0.427789	3.371038	29
0.656861	0.438900	3.718356	30
0.673491	0.450011	4.061890	31
0.690120	0.461123	4.407249	32
0.706749	0.472234	4.762234	33
0.723379	0.483346	5.136509	34
0.740008	0.494457	5.541389	35
0.756638	0.505568	5.989781	36
0.773267	0.516680	6.496231	37
0.789896	0.527791	7.077056	38
0.806526	0.538903	7.750492	39
0.823155	0.550014	8.536819	40
7
0.164917	0.130010	0.004354	1
0.180623	0.142392	0.005780	2
0.196329	0.154773	0.009010	3
0.212036	0.167155	0.013253	4
0.227742	0.179537	0.017730	5
0.243448	0.191919	0.021601	6
0.259155	0.204301	0.024069	7
0.274861	0.216683	0.024494	8
0.290567	0.229065	0.022543	9
0.306274	0.241447	0.018358	10
0.321980	0.253828	0.012752	11
0.337686	0.266210	0.007399	12
0.353393	0.278592	0.004999	13
0.369099	0.290974	0.009371	14
0.384805	0.303356	0.025437	15
0.400512	0.315738	0.059039	16
0.416218	0.328120	0.116564	17
0.431924	0.340501	0.204364	18
0.447631	0.352883	0.328007	19
0.463337	0.365265	0.491453	20
0.479043	0.377647	0.696308	21
0.494750	0.390029	0.941342	22
0.510456	0.402411	1.222449	23
0.526163	0.414793	1.533126	24
0.541869	0.427175	1.865443	25
0.557575	0.439556	2.211275	26
0.573282	0.451938	2.563534	27
0.588988	0.464320	2.917126	28
0.604694	0.476702	3.269519	29
0.620401	0.489084	3.620921	30
0.636107	0.501466	3.974178	31
0.651813	0.513848	4.334516	32
0.667520	0.526230	4.709246	33
0.683226	0.538611	5.107503	34
0.698932	0.550993	5.540078	35
0.714639	0.563375	6.019324	36
0.730345	0.575757	6.559155	37
0.746051	0.588139	7.175072	38
0.761758	0.600521	7.884185	39
0.777464	0.612903	8.705168	40
8
0.154208	0.142548	0.004361	1
0.168894	0.156124	0.005856	2
0.183581	0.169700	0.009279	3
0.198267	0.183276	0.013844	4
0.212954	0.196852	0.018743	5
0.227640	0.210428	0.023089	6
0.242326	0.224004	0.026027	7
0.257013	0.237580	0.026859	8
0.271699	0.251156	0.025199	9
0.286386	0.264732	0.021149	10
0.301072	0.278308	0.015499	11
0.315759	0.291884	0.009925	12
0.330445	0.305460	0.007150	13
0.345132	0.319036	0.011045	14
0.359818	0.332612	0.026598	15
0.374505	0.346188	0.059724	16
0.389191	0.359764	0.116877	17
0.403877	0.373340	0.204457	18
0.418564	0.386916	0.328047	19
0.433250	0.400492	0.491592	20
0.447937	0.414068	0.696653	21
0.462623	0.427644	0.941945	22
0.477310	0.441220	1.223300	23
0.491996	0.454796	1.534168	24
0.506683	0.468372	1.866587	25
0.521369	0.481948	2.212421	26
0.536056	0.495524	2.564587	27
0.550742	0.509100	2.918011	28
0.565428	0.522676	3.270186	29
0.580115	0.536252	3.621354	30
0.594801	0.549828	3.974395	31
0.609488	0.563404	4.334566	32
0.624174	0.576980	4.709198	33
0.638861	0.590556	5.107444	34
0.653547	0.604132	5.540094	35
0.668234	0.617709	6.019498	36
0.682920	0.631285	6.559552	37
0.697607	0.644861	7.175732	38
0.712293	0.658437	7.885113	39
0.726979	0.672013	8.706328	40
9
0.142548	0.154208	0.004334	1
0.156124	0.168894	0.007150	2
0.169700	0.183580	0.011345	3
0.183276	0.198267	0.016168	4
0.196852	0.212953	0.021038	5
0.210428	0.227640	0.025259	6
0.224005	0.242326	0.028103	7
0.237581	0.257013	0.028952	8
0.251157	0.271699	0.027442	9
0.264733	0.286385	0.023648	10
0.278309	0.301072	0.018275	11
0.291885	0.315758	0.012870	12
0.305461	0.330445	0.010007	13
0.319037	0.345131	0.013427	14
0.332613	0.359818	0.028075	15
0.346189	0.374504	0.059988	16
0.359765	0.389191	0.115974	17
0.373341	0.403877	0.203061	18
0.386917	0.418563	0.327703	19
0.400493	0.433250	0.494824	20
0.414069	0.447936	0.706828	21
0.427645	0.462623	0.962827	22
0.441221	0.477309	1.258327	23
0.454797	0.491996	1.585625	24
0.468373	0.506682	1.934936	25
0.481949	0.521368	2.296036	26
0.495525	0.536055	2.659947	27
0.509101	0.550741	3.020217	28
0.522677	0.565428	3.373590	29
0.536253	0.580114	3.720119	30
0.549829	0.594801	4.062905	31
0.563405	0.609487	4.407659	32
0.576981	0.624174	4.762263	33
0.590557	0.638860	5.136428	34
0.604133	0.653546	5.541484	35
0.617709	0.668233	5.990319	36
0.631285	0.682919	6.497427	37
0.644861	0.697606	7.079043	38
0.658437	0.712292	7.753302	39
0.672014	0.726979	8.540354	40
10
0.130010	0.164916	0.004229	1
0.142392	0.180623	0.009134	2
0.154774	0.196329	0.014421	3
0.167156	0.212035	0.019387	4
0.179537	0.227742	0.023837	5
0.191919	0.243448	0.027417	6
0.204301	0.259154	0.029672	7
0.216683	0.274861	0.030171	8
0.229065	0.290567	0.028660	9
0.241447	0.306273	0.025216	10
0.253829	0.321980	0.020435	11
0.266211	0.337686	0.015638	12
0.278593	0.353392	0.013092	13
0.290974	0.369099	0.016218	14
0.303356	0.384805	0.029748	15
0.315738	0.400511	0.059786	16
0.328120	0.416218	0.113672	17
0.340502	0.431924	0.199583	18
0.352884	0.447630	0.325770	19
0.365266	0.463337	0.499396	20
0.377648	0.479043	0.725048	21
0.390030	0.494749	1.003171	22
0.402412	0.510456	1.328914	23
0.414793	0.526162	1.692037	24
0.427175	0.541868	2.078356	25
0.439557	0.557575	2.472548	26
0.451939	0.573281	2.861206	27
0.464321	0.588987	3.234967	28
0.476703	0.604694	3.589330	29
0.489085	0.620400	3.924444	30
0.501467	0.636106	4.244339	31
0.513849	0.651813	4.556022	32
0.526230	0.667519	4.868704	33
0.538612	0.683225	5.193279	34
0.550994	0.698932	5.542069	35
0.563376	0.714638	5.928831	36
0.575758	0.730344	6.368950	37
0.588140	0.746051	6.879790	38
0.600522	0.761757	7.481146	39
0.612904	0.777463	8.195718	40
11
0.116670	0.174609	0.003962	1
0.127781	0.191238	0.010899	2
0.138893	0.207867	0.017210	3
0.150004	0.224497	0.022215	4
0.161116	0.241126	0.026057	5
0.172227	0.257755	0.028731	6
0.183338	0.274385	0.030088	7
0.194450	0.291014	0.029949	8
0.205561	0.307644	0.028233	9
0.216673	0.324273	0.025080	10
0.227784	0.340902	0.021013	11
0.238895	0.357532	0.017120	12
0.250007	0.374161	0.015283	13
0.261118	0.390791	0.018446	14
0.272230	0.407420	0.030911	15
0.283341	0.424049	0.058621	16
0.294453	0.440679	0.109360	17
0.305564	0.457308	0.192724	18
0.316675	0.473937	0.319655	19
0.327787	0.490567	0.501255	20
0.338898	0.507196	0.746656	21
0.350010	0.523826	1.059955	22
0.361121	0.540455	1.436859	23
0.372232	0.557084	1.862691	24
0.383344	0.573714	2.313964	25
0.394455	0.590343	2.764463	26
0.405567	0.606973	3.192295	27
0.416678	0.623602	3.583760	28
0.427790	0.640231	3.933816	29
0.438901	0.656861	4.244518	30
0.450012	0.673490	4.522866	31
0.461124	0.690119	4.778892	32
0.472235	0.706749	5.024321	33
0.483347	0.723378	5.271860	34
0.494458	0.740008	5.534978	35
0.505569	0.756637	5.828096	36
0.516681	0.773266	6.167066	37
0.527792	0.789896	6.569868	38
0.538904	0.806525	7.057511	39
0.550015	0.823155	7.655081	40
12
0.102610	0.183224	0.003427	1
0.112382	0.200674	0.011440	2
0.122155	0.218124	0.018338	3
0.131927	0.235574	0.023348	4
0.141700	0.253024	0.026708	5
0.151472	0.270474	0.028597	6
0.161244	0.287924	0.029090	7
0.171017	0.305374	0.028227	8
0.180789	0.322824	0.026103	9
0.190561	0.340274	0.022967	10
0.200334	0.357724	0.019337	11
0.210106	0.375174	0.016154	12
0.219879	0.392624	0.014978	13
0.229651	0.410074	0.018263	14
0.239423	0.427524	0.029728	15
0.249196	0.444974	0.054832	16
0.258968	0.462424	0.101372	17
0.268740	0.479873	0.180083	18
0.278513	0.497323	0.305004	19
0.288285	0.514773	0.493048	20
0.298058	0.532223	0.761846	21
0.307830	0.549673	1.124721	22
0.317602	0.567123	1.582328	23
0.327375	0.584573	2.113519	24
0.337147	0.602023	2.673716	25
0.346920	0.619473	3.211918	26
0.356692	0.636923	3.691219	27
0.366464	0.654373	4.094618	28
0.376237	0.671823	4.421500	29
0.386009	0.689273	4.681453	30
0.395781	0.706723	4.888927	31
0.405554	0.724173	5.059782	32
0.415326	0.741623	5.209519	33
0.425099	0.759073	5.352737	34
0.434871	0.776523	5.503328	35
0.444643	0.793972	5.675133	36
0.454416	0.811422	5.882870	37
0.464188	0.828872	6.143302	38
0.473961	0.846322	6.476644	39
0.483733	0.863772	6.908278	40
13
0.087918	0.190710	0.002555	1
0.096291	0.208873	0.010110	2
0.104664	0.227036	0.016952	3
0.113037	0.245199	0.022050	4
0.121411	0.263362	0.025407	5
0.129784	0.281525	0.027153	6
0.138157	0.299688	0.027400	7
0.146530	0.317851	0.026259	8
0.154903	0.336013	0.023884	9
0.163276	0.354176	0.020554	10
0.171650	0.372339	0.016774	11
0.180023	0.390502	0.013396	12
0.188396	0.408665	0.011791	13
0.196769	0.426828	0.014089	14
0.205142	0.444991	0.023524	15
0.213515	0.463154	0.044971	16
0.221888	0.481316	0.085761	17
0.230262	0.499479	0.156899	18
0.238635	0.517642	0.274720	19
0.247008	0.535805	0.462633	20
0.255381	0.553968	0.751602	21
0.263754	0.572131	1.175850	22
0.272127	0.590294	1.757269	23
0.280500	0.608457	2.472775	24
0.288874	0.626620	3.220400	25
0.297247	0.644782	3.883554	26
0.305620	0.662945	4.406315	27
0.313993	0.681108	4.783787	28
0.322366	0.699271	5.037433	29
0.330739	0.717434	5.196925	30
0.339112	0.735597	5.290729	31
0.347486	0.753760	5.342594	32
0.355859	0.771923	5.371147	33
0.364232	0.790086	5.390836	34
0.372605	0.808248	5.413338	35
0.380978	0.826411	5.449043	36
0.389351	0.844574	5.508555	37
0.397724	0.862737	5.604233	38
0.406098	0.880900	5.751939	39
0.414471	0.899063	5.973176	40
14
0.072684	0.197020	0.001441	1
0.079606	0.215784	0.007115	2
0.086529	0.234548	0.013281	3
0.093451	0.253312	0.018637	4
0.100373	0.272076	0.022811	5
0.107295	0.290840	0.025716	6
0.114218	0.309603	0.027302	7
0.121140	0.328367	0.027512	8
0.128062	0.347131	0.026310	9
0.134985	0.365895	0.023746	10
0.141907	0.384659	0.020057	11
0.148829	0.403423	0.015794	12
0.155751	0.422187	0.012001	13
0.162674	0.440950	0.010464	14
0.169596	0.459714	0.014068	15
0.176518	0.478478	0.027326	16
0.183441	0.497242	0.057203	17
0.190363	0.516006	0.114508	18
0.197285	0.534770	0.216339	19
0.204207	0.553533	0.390391	20
0.211130	0.572297	0.681862	21
0.218052	0.591061	1.161349	22
0.224974	0.609825	1.920557	23
0.231897	0.628589	3.001545	24
0.238819	0.647353	4.096284	25
0.245741	0.666117	4.883571	26
0.252664	0.684880	5.353431	27
0.259586	0.703644	5.586380	28
0.266508	0.722408	5.665312	29
0.273430	0.741172	5.652718	30
0.280353	0.759936	5.590159	31
0.287275	0.778700	5.503239	32
0.294197	0.797463	5.406782	33
0.301120	0.816227	5.308910	34
0.308042	0.834991	5.214019	35
0.314964	0.853755	5.124931	36
0.321886	0.872519	5.044575	37
0.328809	0.891283	4.977492	38
0.335731	0.910047	4.931414	39
0.342653	0.928810	4.919233	40
15
0.057002	0.202116	0.000453	1
0.062431	0.221365	0.003643	2
0.067859	0.240614	0.008628	3
0.073288	0.259863	0.014434	4
0.078717	0.279112	0.020611	5
0.084146	0.298361	0.026851	6
0.089574	0.317610	0.032808	7
0.095003	0.336860	0.038069	8
0.100432	0.356109	0.042179	9
0.105861	0.375358	0.044670	10
0.111289	0.394607	0.045122	11
0.116718	0.413856	0.043255	12
0.122147	0.433105	0.039080	13
0.127576	0.452354	0.033162	14
0.133004	0.471603	0.027041	15
0.138433	0.490853	0.023904	16
0.143862	0.510102	0.029645	17
0.149291	0.529351	0.054568	18
0.154719	0.548600	0.116267	19
0.160148	0.567849	0.245008	20
0.165577	0.587098	0.495030	21
0.171006	0.606347	0.971281	22
0.176434	0.625596	1.902725	23
0.181863	0.644846	3.893472	24
0.187292	0.664095	5.637652	25
0.192721	0.683344	6.213599	26
0.198149	0.702593	6.289037	27
0.203578	0.721842	6.163607	28
0.209007	0.741091	5.966763	29
0.214436	0.760340	5.755539	30
0.219864	0.779589	5.553127	31
0.225293	0.798839	5.366096	32
0.230722	0.818088	5.192865	33
0.236151	0.837337	5.028057	34
0.241579	0.856586	4.864823	35
0.247008	0.875835	4.696191	36
0.252437	0.895084	4.516013	37
0.257866	0.914333	4.319838	38
0.263294	0.933582	4.105974	39
0.268723	0.952831	3.876939	40
16
0.040968	0.205965	0.000042	1
0.044870	0.225581	0.001049	2
0.048772	0.245196	0.004527	3
0.052674	0.264812	0.011255	4
0.056575	0.284428	0.021274	5
0.060477	0.304044	0.034143	6
0.064379	0.323659	0.049231	7
0.068281	0.343275	0.065844	8
0.072182	0.362891	0.083247	9
0.076084	0.382507	0.100625	10
0.079986	0.402122	0.117040	11
0.083887	0.421738	0.131388	12
0.087789	0.441354	0.142367	13
0.091691	0.460969	0.148497	14
0.095593	0.480585	0.148237	15
0.099494	0.500201	0.140308	16
0.103396	0.519817	0.124424	17
0.107298	0.539432	0.102795	18
0.111200	0.559048	0.083130	19
0.115101	0.578664	0.084941	20
0.119003	0.598279	0.155262	21
0.122905	0.617895	0.418056	22
0.126807	0.637511	1.258994	23
0.130708	0.657127	5.965328	24
0.134610	0.676742	7.523748	25
0.138512	0.696358	6.643678	26
0.142414	0.715974	6.187330	27
0.146315	0.735589	5.823117	28
0.150217	0.755205	5.518003	29
0.154119	0.774821	5.266491	30
0.158021	0.794437	5.059602	31
0.161922	0.814052	4.884711	32
0.165824	0.833668	4.727688	33
0.169726	0.853284	4.574156	34
0.173628	0.872899	4.410081	35
0.177529	0.892515	4.222058	36
0.181431	0.912131	3.997624	37
0.185333	0.931747	3.725795	38
0.189235	0.951362	3.398050	39
0.193136	0.970978	3.010068	40
17
0.081098	0.685218	15.113393	25
0.083449	0.705079	9.645025	26
0.085800	0.724940	7.175131	27
0.088151	0.744802	5.946680	28
0.090501	0.764663	5.273737	29
0.092852	0.784524	4.874961	30
0.095203	0.804386	4.622111	31
0.097553	0.824247	4.447652	32
0.099904	0.844109	4.310045	33
0.102255	0.863970	4.179877	34
0.104605	0.883831	4.033843	35
0.106956	0.903693	3.851980	36
0.109307	0.923554	3.616524	37
0.111657	0.943415	3.311897	38
0.114008	0.963277	2.925873	39
0.116359	0.983138	2.452387	40
18
0.027087	0.689468	19.580602	25
0.027872	0.709453	12.283138	26
0.028657	0.729437	8.580203	27
0.029442	0.749422	6.633223	28
0.030227	0.769406	5.562317	29
0.031012	0.789391	4.949070	30
0.031798	0.809376	4.584054	31
0.032583	0.829360	4.353860	32
0.033368	0.849345	4.191093	33
0.034153	0.869329	4.051452	34
0.034938	0.889314	3.902702	35
0.035723	0.909299	3.719183	36
0.036508	0.929283	3.479221	37
0.037293	0.949268	3.164443	38
0.038079	0.969252	2.760862	39
0.038864	0.989237	2.262250	40
19
-0.027085	0.689468	14.665092	25
-0.027870	0.709453	9.541180	26
-0.028655	0.729437	7.246059	27
-0.029440	0.749422	6.079164	28
-0.030225	0.769407	5.409650	29
-0.031010	0.789391	4.990084	30
-0.031795	0.809376	4.709817	31
-0.032580	0.829360	4.509351	32
-0.033366	0.849345	4.350202	33
-0.034151	0.869329	4.203624	34
-0.034936	0.889314	4.045922	35
-0.035721	0.909299	3.856343	36
-0.036506	0.929283	3.616220	37
-0.037291	0.949268	3.309092	38
-0.038076	0.969252	2.921944	39
-0.038861	0.989237	2.448105	40
20
-0.024682	0.208545	0.000014	1
-0.027032	0.228406	0.000685	2
-0.029383	0.248267	0.003287	3
-0.031733	0.268129	0.008706	4
-0.034084	0.287990	0.017347	5
-0.036435	0.307851	0.029306	6
-0.038785	0.327713	0.044548	7
-0.041136	0.347574	0.062980	8
-0.043487	0.367436	0.084434	9
-0.045837	0.387297	0.108627	10
-0.048188	0.407158	0.135093	11
-0.050538	0.427020	0.163100	12
-0.052889	0.446881	0.191537	13
-0.055240	0.466743	0.218759	14
-0.057590	0.486604	0.242355	15
-0.059941	0.506465	0.258831	16
-0.062292	0.526327	0.263280	17
-0.064642	0.546188	0.249448	18
-0.066993	0.566049	0.211876	19
-0.069344	0.585911	0.156102	20
-0.071694	0.605772	0.137238	21
-0.074045	0.625634	0.394382	22
-0.076395	0.645495	1.805227	23
-0.078746	0.665356	6.846199	24
-0.081097	0.685218	8.231623	25
-0.083447	0.705079	7.175833	26
-0.085798	0.724940	6.584149	27
-0.088149	0.744802	6.118623	28
-0.090499	0.764663	5.736124	29
-0.092850	0.784525	5.424533	30
-0.095200	0.804386	5.170848	31
-0.097551	0.824247	4.959821	32
-0.099902	0.844109	4.775393	33
-0.102252	0.863970	4.601629	34
-0.104603	0.883832	4.423143	35
-0.106954	0.903693	4.225334	36
-0.109304	0.923554	3.994658	37
-0.111655	0.943416	3.719161	38
-0.114005	0.963277	3.389491	39
-0.116356	0.983138	3.000705	40
21
-0.040968	0.205965	0.000322	1
-0.044869	0.225581	0.002578	2
-0.048771	0.245197	0.006456	3
-0.052673	0.264812	0.011641	4
-0.056575	0.284428	0.018044	5
-0.060476	0.304044	0.025564	6
-0.064378	0.323660	0.033976	7
-0.068280	0.343275	0.042902	8
-0.072181	0.362891	0.051804	9
-0.076083	0.382507	0.059975	10
-0.079985	0.402122	0.066552	11
-0.083886	0.421738	0.070558	12
-0.087788	0.441354	0.071015	13
-0.091690	0.460970	0.067212	14
-0.095591	0.480585	0.059225	15
-0.099493	0.500201	0.048936	16
-0.103395	0.519817	0.041842	17
-0.107297	0.539433	0.050124	18
-0.111198	0.559048	0.097347	19
-0.115100	0.578664	0.224758	20
-0.119002	0.598280	0.498253	21
-0.122903	0.617895	1.016905	22
-0.126805	0.637511	1.952778	23
-0.130707	0.657127	3.843997	24
-0.134608	0.676743	5.578637	25
-0.138510	0.696358	6.177833	26
-0.142412	0.715974	6.285643	27
-0.146313	0.735590	6.185268	28
-0.150215	0.755206	6.001763	29
-0.154117	0.774821	5.793870	30
-0.158018	0.794437	5.588099	31
-0.161920	0.814053	5.394048	32
-0.165822	0.833668	5.212349	33
-0.169724	0.853284	5.039056	34
-0.173625	0.872900	4.868145	35
-0.177527	0.892516	4.693049	36
-0.181429	0.912131	4.507750	37
-0.185330	0.931747	4.307783	38
-0.189232	0.951363	4.091381	39
-0.193134	0.970979	3.861021	40
22
-0.057001	0.202116	0.000957	1
-0.062430	0.221365	0.004720	2
-0.067859	0.240614	0.009198	3
-0.073287	0.259863	0.013766	4
-0.078716	0.279112	0.018216	5
-0.084145	0.298362	0.022381	6
-0.089574	0.317611	0.026012	7
-0.095002	0.336860	0.028762	8
-0.100431	0.356109	0.030214	9
-0.105860	0.375358	0.029950	10
-0.111288	0.394607	0.027669	11
-0.116717	0.413856	0.023364	12
-0.122146	0.433106	0.017602	13
-0.127574	0.452355	0.011932	14
-0.133003	0.471604	0.009454	15
-0.138432	0.490853	0.015586	16
-0.143861	0.510102	0.039003	17
-0.149289	0.529351	0.092787	18
-0.154718	0.548600	0.195899	19
-0.160147	0.567849	0.375587	20
-0.165575	0.587099	0.672241	21
-0.171004	0.606348	1.148124	22
-0.176433	0.625597	1.891619	23
-0.181861	0.644846	2.958340	24
-0.187290	0.664095	4.047993	25
-0.192719	0.683344	4.836787	26
-0.198148	0.702593	5.315642	27
-0.203576	0.721843	5.561866	28
-0.209005	0.741092	5.653981	29
-0.214434	0.760341	5.651533	30
-0.219862	0.779590	5.594955	31
-0.225291	0.798839	5.509974	32
-0.230720	0.818088	5.412160	33
-0.236148	0.837337	5.310588	34
-0.241577	0.856587	5.210583	35
-0.247006	0.875836	5.115792	36
-0.252435	0.895085	5.029844	37
-0.257863	0.914334	4.957877	38
-0.263292	0.933583	4.908153	39
-0.268721	0.952832	4.894040	40
23
-0.072683	0.197021	0.001588	1
-0.079606	0.215784	0.006187	2
-0.086528	0.234548	0.010643	3
-0.093450	0.253312	0.014457	4
-0.100372	0.272076	0.017552	5
-0.107295	0.290840	0.019812	6
-0.114217	0.309604	0.021044	7
-0.121139	0.328368	0.021012	8
-0.128061	0.347131	0.019508	9
-0.134984	0.365895	0.016457	10
-0.141906	0.384659	0.012059	11
-0.148828	0.403423	0.006977	12
-0.155750	0.422187	0.002584	13
-0.162673	0.440951	0.001272	14
-0.169595	0.459715	0.006827	15
-0.176517	0.478479	0.024901	16
-0.183439	0.497242	0.063625	17
-0.190362	0.516006	0.134476	18
-0.197284	0.534770	0.253547	19
-0.204206	0.553534	0.443173	20
-0.211128	0.572298	0.733002	21
-0.218050	0.591062	1.157137	22
-0.224973	0.609826	1.739696	23
-0.231895	0.628589	2.460301	24
-0.238817	0.647353	3.215265	25
-0.245739	0.666117	3.885665	26
-0.252662	0.684881	4.415157	27
-0.259584	0.703645	4.798638	28
-0.266506	0.722409	5.056893	29
-0.273428	0.741173	5.218781	30
-0.280351	0.759937	5.312227	31
-0.287273	0.778700	5.360875	32
-0.294195	0.797464	5.383635	33
-0.301117	0.816228	5.395523	34
-0.308040	0.834992	5.408940	35
-0.314962	0.853756	5.435088	36
-0.321884	0.872520	5.485409	37
-0.328806	0.891284	5.573105	38
-0.335729	0.910047	5.714871	39
-0.342651	0.928811	5.933035	40
24
-0.087918	0.190711	0.001986	1
-0.096291	0.208873	0.006384	2
-0.104664	0.227036	0.010412	3
-0.113037	0.245199	0.013724	4
-0.121410	0.263362	0.016341	5
-0.129783	0.281525	0.018160	6
-0.138156	0.299688	0.018975	7
-0.146529	0.317851	0.018552	8
-0.154902	0.336014	0.016719	9
-0.163275	0.354177	0.013482	10
-0.171649	0.372340	0.009170	11
-0.180022	0.390503	0.004625	12
-0.188395	0.408665	0.001440	13
-0.196768	0.426828	0.002246	14
-0.205141	0.444991	0.011077	15
-0.213514	0.463154	0.033811	16
-0.221887	0.481317	0.078685	17
-0.230260	0.499480	0.156844	18
-0.238633	0.517643	0.282703	19
-0.247006	0.535806	0.473618	20
-0.255379	0.553969	0.747872	21
-0.263753	0.572132	1.119602	22
-0.272126	0.590295	1.589919	23
-0.280499	0.608457	2.136804	24
-0.288872	0.626620	2.713110	25
-0.297245	0.644783	3.265115	26
-0.305618	0.662946	3.754238	27
-0.313991	0.681109	4.162803	28
-0.322364	0.699272	4.490116	29
-0.330737	0.717435	4.745995	30
-0.339110	0.735598	4.945327	31
-0.347484	0.753761	5.104573	32
-0.355857	0.771924	5.239980	33
-0.364230	0.790086	5.366999	34
-0.372603	0.808249	5.500460	35
-0.380976	0.826412	5.655197	36
-0.389349	0.844575	5.846971	37
-0.397722	0.862738	6.093629	38
-0.406095	0.880901	6.416529	39
-0.414468	0.899064	6.842293	40
25
-0.102610	0.183225	0.002135	1
-0.112382	0.200675	0.005478	2
-0.122154	0.218125	0.008898	3
-0.131927	0.235575	0.012109	4
-0.141699	0.253025	0.015049	5
-0.151471	0.270475	0.017495	6
-0.161244	0.287925	0.019102	7
-0.171016	0.305374	0.019486	8
-0.180788	0.322824	0.018332	9
-0.190561	0.340274	0.015524	10
-0.200333	0.357724	0.011325	11
-0.210105	0.375174	0.006606	12
-0.219878	0.392624	0.003118	13
-0.229650	0.410074	0.003829	14
-0.239422	0.427524	0.013267	15
-0.249195	0.444974	0.037860	16
-0.258967	0.462424	0.086160	17
-0.268739	0.479874	0.168803	18
-0.278512	0.497324	0.297972	19
-0.288284	0.514774	0.486042	20
-0.298056	0.532224	0.743148	21
-0.307829	0.549674	1.073688	22
-0.317601	0.567124	1.472530	23
-0.327373	0.584574	1.922822	24
-0.337146	0.602024	2.397940	25
-0.346918	0.619474	2.868504	26
-0.356690	0.636924	3.310232	27
-0.366463	0.654374	3.708127	28
-0.376235	0.671824	4.056838	29
-0.386007	0.689274	4.358847	30
-0.395780	0.706724	4.622048	31
-0.405552	0.724174	4.857640	32
-0.415324	0.741624	5.078649	33
-0.425097	0.759074	5.299136	34
-0.434869	0.776524	5.533946	35
-0.444641	0.793974	5.798892	36
-0.454414	0.811424	6.111256	37
-0.464186	0.828874	6.490537	38
-0.473958	0.846324	6.959409	39
-0.483731	0.863774	7.544874	40
26
-0.116669	0.174609	0.002136	1
-0.127780	0.191239	0.004191	2
-0.138892	0.207868	0.007074	3
-0.150003	0.224498	0.010497	4
-0.161114	0.241127	0.014195	5
-0.172225	0.257756	0.017733	6
-0.183337	0.274386	0.020552	7
-0.194448	0.291015	0.022050	8
-0.205559	0.307645	0.021704	9
-0.216671	0.324274	0.019227	10
-0.227782	0.340904	0.014800	11
-0.238893	0.357533	0.009342	12
-0.250005	0.374163	0.004837	13
-0.261116	0.390792	0.004666	14
-0.272227	0.407421	0.013895	15
-0.283339	0.424051	0.039428	16
-0.294450	0.440680	0.089913	17
-0.305561	0.457310	0.175255	18
-0.316673	0.473939	0.305628	19
-0.327784	0.490569	0.489914	20
-0.338895	0.507198	0.733721	21
-0.350007	0.523828	1.037326	22
-0.361118	0.540457	1.394233	23
-0.372229	0.557086	1.791182	24
-0.383341	0.573716	2.210127	25
-0.394452	0.590345	2.631869	26
-0.405563	0.606975	3.039859	27
-0.416675	0.623604	3.422753	28
-0.427786	0.640234	3.775304	29
-0.438897	0.656863	4.097958	30
-0.450009	0.673493	4.395802	31
-0.461120	0.690122	4.677368	32
-0.472231	0.706752	4.953635	33
-0.483343	0.723381	5.237359	34
-0.494454	0.740010	5.542756	35
-0.505565	0.756640	5.885497	36
-0.516676	0.773269	6.282957	37
-0.527788	0.789899	6.754668	38
-0.538899	0.806528	7.322892	39
-0.550010	0.823158	8.013266	40
27
-0.130009	0.164917	0.002104	1
-0.142391	0.180624	0.003331	2
-0.154773	0.196330	0.005974	3
-0.167154	0.212036	0.009734	4
-0.179536	0.227743	0.014176	5
-0.191918	0.243449	0.018689	6
-0.204300	0.259156	0.022540	7
-0.216682	0.274862	0.024952	8
-0.229063	0.290568	0.025234	9
-0.241445	0.306275	0.022973	10
-0.253827	0.321981	0.018291	11
-0.266209	0.337688	0.012157	12
-0.278591	0.353394	0.006735	13
-0.290972	0.369100	0.005703	14
-0.303354	0.384807	0.014478	15
-0.315736	0.400513	0.040244	16
-0.328118	0.416220	0.091657	17
-0.340500	0.431926	0.178151	18
-0.352881	0.447632	0.308788	19
-0.365263	0.463339	0.490746	20
-0.377645	0.479045	0.727676	21
-0.390027	0.494752	1.018345	22
-0.402409	0.510458	1.356036	23
-0.414790	0.526164	1.729121	24
-0.427172	0.541871	2.122846	25
-0.439554	0.557577	2.521913	26
-0.451936	0.573284	2.913062	27
-0.464318	0.588990	3.286939	28
-0.476699	0.604696	3.638946	29
-0.489081	0.620403	3.969203	30
-0.501463	0.636109	4.281947	31
-0.513845	0.651816	4.584728	32
-0.526227	0.667522	4.887647	33
-0.538608	0.683228	5.202790	34
-0.550990	0.698935	5.543926	35
-0.563372	0.714641	5.926434	36
-0.575754	0.730347	6.367451	37
-0.588136	0.746054	6.886170	38
-0.600518	0.761760	7.504211	39
-0.612899	0.777467	8.246005	40
28
-0.142547	0.154208	0.002110	1
-0.156123	0.168895	0.003394	2
-0.169699	0.183581	0.006198	3
-0.183275	0.198268	0.010236	4
-0.196851	0.212954	0.015063	5
-0.210427	0.227641	0.020038	6
-0.224003	0.242327	0.024386	7
-0.237579	0.257014	0.027275	8
-0.251155	0.271700	0.027955	9
-0.264731	0.286387	0.025953	10
-0.278307	0.301074	0.021341	11
-0.291883	0.315760	0.015062	12
-0.305459	0.330447	0.009283	13
-0.319035	0.345133	0.007723	14
-0.332611	0.359820	0.015881	15
-0.346187	0.374506	0.041043	16
-0.359763	0.389193	0.091981	17
-0.373339	0.403879	0.178222	18
-0.386915	0.418566	0.308881	19
-0.400490	0.433252	0.491125	20
-0.414066	0.447939	0.728541	21
-0.427642	0.462625	1.019791	22
-0.441218	0.477312	1.358046	23
-0.454794	0.491998	1.731586	24
-0.468370	0.506685	2.125600	25
-0.481946	0.521371	2.524760	26
-0.495522	0.536058	2.915804	27
-0.509098	0.550744	3.289399	28
-0.522674	0.565431	3.640990	29
-0.536250	0.580117	3.970756	30
-0.549826	0.594804	4.283004	31
-0.563402	0.609490	4.585347	32
-0.576978	0.624177	4.887939	33
-0.590554	0.638863	5.202905	34
-0.604130	0.653550	5.544023	35
-0.617706	0.668236	5.926667	36
-0.631282	0.682923	6.367947	37
-0.644858	0.697609	6.887015	38
-0.658433	0.712296	7.505443	39
-0.672009	0.726982	8.247603	40
29
-0.154207	0.142549	0.002151	1
-0.168893	0.156125	0.004351	2
-0.183580	0.169701	0.007645	3
-0.198266	0.183277	0.011789	4
-0.212953	0.196853	0.016499	5
-0.227639	0.210429	0.021274	6
-0.242325	0.224005	0.025453	7
-0.257012	0.237581	0.028300	8
-0.271698	0.251157	0.029130	9
-0.286385	0.264734	0.027494	10
-0.301071	0.278310	0.023418	11
-0.315757	0.291886	0.017720	12
-0.330444	0.305462	0.012359	13
-0.345130	0.319038	0.010794	14
-0.359817	0.332614	0.018285	15
-0.374503	0.346190	0.042030	16
-0.389189	0.359766	0.091027	17
-0.403876	0.373342	0.175507	18
-0.418562	0.386918	0.305857	19
-0.433249	0.400494	0.490995	20
-0.447935	0.414070	0.736356	21
-0.462621	0.427647	1.041888	22
-0.477308	0.441223	1.400722	23
-0.491994	0.454799	1.799273	24
-0.506680	0.468375	2.219287	25
-0.521367	0.481951	2.641454	26
-0.536053	0.495527	3.049199	27
-0.550740	0.509103	3.431234	28
-0.565426	0.522679	3.782449	29
-0.580112	0.536255	4.103489	30
-0.594799	0.549831	4.399670	31
-0.609485	0.563407	4.679745	32
-0.624172	0.576983	4.954874	33
-0.638858	0.590559	5.237929	34
-0.653544	0.604136	5.543171	35
-0.668231	0.617712	5.886244	36
-0.682917	0.631288	6.284445	37
-0.697604	0.644864	6.757179	38
-0.712290	0.658440	7.326558	39
-0.726976	0.672016	8.018041	40
30
-0.164916	0.130010	0.002152	1
-0.180622	0.142392	0.005656	2
-0.196329	0.154774	0.009545	3
-0.212035	0.167156	0.013605	4
-0.227741	0.179538	0.017780	5
-0.243447	0.191920	0.021798	6
-0.259154	0.204302	0.025219	7
-0.274860	0.216684	0.027515	8
-0.290566	0.229066	0.028183	9
-0.306273	0.241448	0.026885	10
-0.321979	0.253830	0.023647	11
-0.337685	0.266212	0.019126	12
-0.353391	0.278594	0.014933	13
-0.369098	0.290976	0.014015	14
-0.384804	0.303358	0.021066	15
-0.400510	0.315740	0.042881	16
-0.416217	0.328122	0.088565	17
-0.431923	0.340503	0.169405	18
-0.447629	0.352885	0.298159	19
-0.463335	0.365267	0.487509	20
-0.479042	0.377649	0.747461	21
-0.494748	0.390031	1.081853	22
-0.510454	0.402413	1.484753	23
-0.526161	0.414795	1.938581	24
-0.541867	0.427177	2.416243	25
-0.557573	0.439559	2.888080	26
-0.573279	0.451941	3.329682	27
-0.588986	0.464323	3.726107	28
-0.604692	0.476705	4.072267	29
-0.620398	0.489087	4.371062	30
-0.636105	0.501469	4.630879	31
-0.651811	0.513851	4.863375	32
-0.667517	0.526233	5.081939	33
-0.683223	0.538615	5.300857	34
-0.698930	0.550997	5.535058	35
-0.714636	0.563379	5.800307	36
-0.730342	0.575760	6.113737	37
-0.746049	0.588142	6.494625	38
-0.761755	0.600524	6.965379	39
-0.777461	0.612906	7.552709	40
31
-0.174608	0.116670	0.001994	1
-0.191237	0.127782	0.006478	2
-0.207867	0.138893	0.010786	3
-0.224496	0.150005	0.014654	4
-0.241126	0.161116	0.018151	5
-0.257755	0.172228	0.021191	6
-0.274384	0.183339	0.023553	7
-0.291014	0.194451	0.024946	8
-0.307643	0.205562	0.025095	9
-0.324272	0.216674	0.023839	10
-0.340902	0.227785	0.021281	11
-0.357531	0.238897	0.017980	12
-0.374160	0.250008	0.015221	13
-0.390790	0.261120	0.015367	14
-0.407419	0.272231	0.022321	15
-0.424048	0.283343	0.042091	16
-0.440678	0.294454	0.083419	17
-0.457307	0.305565	0.158368	18
-0.473936	0.316677	0.282557	19
-0.490566	0.327788	0.474460	20
-0.507195	0.338900	0.752851	21
-0.523824	0.350011	1.131285	22
-0.540454	0.361123	1.609324	23
-0.557083	0.372234	2.163284	24
-0.573712	0.383346	2.745072	25
-0.590342	0.394457	3.300307	26
-0.606971	0.405569	3.789931	27
-0.623601	0.416680	4.196248	28
-0.640230	0.427792	4.519089	29
-0.656859	0.438903	4.769172	30
-0.673489	0.450015	4.962369	31
-0.690118	0.461126	5.115992	32
-0.706747	0.472238	5.246892	33
-0.723377	0.483349	5.370859	34
-0.740006	0.494460	5.502816	35
-0.756635	0.505572	5.657495	36
-0.773265	0.516683	5.850412	37
-0.789894	0.527795	6.099078	38
-0.806523	0.538906	6.424463	39
-0.823153	0.550018	6.852783	40
32
-0.183224	0.102611	0.001580	1
-0.200674	0.112384	0.006124	2
-0.218124	0.122156	0.010479	3
-0.235573	0.131929	0.014192	4
-0.253023	0.141701	0.017252	5
-0.270473	0.151474	0.019617	6
-0.287923	0.161246	0.021180	7
-0.305373	0.171019	0.021796	8
-0.322823	0.180791	0.021339	9
-0.340273	0.190564	0.019783	10
-0.357723	0.200336	0.017305	11
-0.375172	0.210109	0.014435	12
-0.392622	0.219881	0.012260	13
-0.410072	0.229654	0.012714	14
-0.427522	0.239426	0.018993	15
-0.444972	0.249199	0.036171	16
-0.462422	0.258971	0.072089	17
-0.479872	0.268744	0.138637	18
-0.497322	0.278516	0.253399	19
-0.514772	0.288289	0.441293	20
-0.532221	0.298061	0.734772	21
-0.549671	0.307833	1.169050	22
-0.567121	0.317606	1.765861	23
-0.584571	0.327378	2.500201	24
-0.602021	0.337151	3.266365	25
-0.619471	0.346923	3.943810	26
-0.636921	0.356696	4.474649	27
-0.654371	0.366468	4.853855	28
-0.671820	0.376241	5.103817	29
-0.689270	0.386013	5.255525	30
-0.706720	0.395786	5.338783	31
-0.724170	0.405558	5.378529	32
-0.741620	0.415331	5.394388	33
-0.759070	0.425103	5.401627	34
-0.776520	0.434876	5.412593	35
-0.793970	0.444648	5.438231	36
-0.811420	0.454421	5.489609	37
-0.828869	0.464193	5.579488	38
-0.846319	0.473966	5.724088	39
-0.863769	0.483738	5.945262	40
33
-0.190710	0.087919	0.000934	1
-0.208873	0.096293	0.004516	2
-0.227035	0.104666	0.008510	3
-0.245198	0.113039	0.012238	4
-0.263361	0.121412	0.015491	5
-0.281524	0.129786	0.018157	6
-0.299687	0.138159	0.020099	7
-0.317850	0.146532	0.021142	8
-0.336012	0.154905	0.021108	9
-0.354175	0.163279	0.019878	10
-0.372338	0.171652	0.017485	11
-0.390501	0.180025	0.014250	12
-0.408664	0.188398	0.010965	13
-0.426827	0.196772	0.009170	14
-0.444989	0.205145	0.011540	15
-0.463152	0.213518	0.022467	16
-0.481315	0.221891	0.048967	17
-0.499478	0.230265	0.102157	18
-0.517641	0.238638	0.199812	19
-0.535804	0.247011	0.370747	20
-0.553966	0.255384	0.661705	21
-0.572129	0.263758	1.145033	22
-0.590292	0.272131	1.913797	23
-0.608455	0.280504	3.009843	24
-0.626618	0.288878	4.121399	25
-0.644781	0.297251	4.921203	26
-0.662943	0.305624	5.397560	27
-0.681106	0.313997	5.631620	28
-0.699269	0.322371	5.707640	29
-0.717432	0.330744	5.689457	30
-0.735595	0.339117	5.619732	31
-0.753758	0.347490	5.524914	32
-0.771920	0.355864	5.420468	33
-0.790083	0.364237	5.315020	34
-0.808246	0.372610	5.213367	35
-0.826409	0.380983	5.118662	36
-0.844572	0.389357	5.034107	37
-0.862735	0.397730	4.964451	38
-0.880897	0.406103	4.917580	39
-0.899060	0.414476	4.906484	40
34
-0.197020	0.072685	0.000305	1
-0.215784	0.079608	0.002383	2
-0.234548	0.086530	0.005664	3
-0.253311	0.093452	0.009628	4
-0.272075	0.100375	0.014059	5
-0.290839	0.107297	0.018789	6
-0.309603	0.114220	0.023580	7
-0.328367	0.121142	0.028103	8
-0.347130	0.128065	0.031950	9
-0.365894	0.134987	0.034664	10
-0.384658	0.141909	0.035782	11
-0.403422	0.148832	0.034932	12
-0.422186	0.155754	0.031982	13
-0.440949	0.162677	0.027299	14
-0.459713	0.169599	0.022181	15
-0.478477	0.176521	0.019539	16
-0.497241	0.183444	0.024988	17
-0.516005	0.190366	0.048602	18
-0.534768	0.197289	0.107893	19
-0.553532	0.204211	0.233344	20
-0.572296	0.211133	0.479920	21
-0.591060	0.218056	0.954051	22
-0.609824	0.224978	1.887142	23
-0.628587	0.231901	3.886586	24
-0.647351	0.238823	5.647104	25
-0.666115	0.245745	6.234135	26
-0.684879	0.252668	6.314659	27
-0.703643	0.259590	6.190028	28
-0.722406	0.266513	5.991303	29
-0.741170	0.273435	5.776639	30
-0.759934	0.280357	5.569965	31
-0.778698	0.287280	5.378344	32
-0.797462	0.294202	5.200549	33
-0.816225	0.301125	5.031483	34
-0.834989	0.308047	4.864531	35
-0.853753	0.314969	4.692927	36
-0.872517	0.321892	4.510690	37
-0.891281	0.328814	4.313493	38
-0.910044	0.335737	4.099705	39
-0.928808	0.342659	3.871837	40
35
-0.202115	0.057003	0.000029	1
-0.221364	0.062432	0.000703	2
-0.240614	0.067861	0.003031	3
-0.259863	0.073290	0.007619	4
-0.279112	0.078719	0.014656	5
-0.298361	0.084148	0.024047	6
-0.317610	0.089576	0.035546	7
-0.336859	0.095005	0.048814	8
-0.356108	0.100434	0.063401	9
-0.375357	0.105863	0.078709	10
-0.394606	0.111292	0.093946	11
-0.413855	0.116721	0.108083	12
-0.433104	0.122150	0.119830	13
-0.452354	0.127579	0.127648	14
-0.471603	0.133007	0.129869	15
-0.490852	0.138436	0.125014	16
-0.510101	0.143865	0.112518	17
-0.529350	0.149294	0.094230	18
-0.548599	0.154723	0.077412	19
-0.567848	0.160152	0.081065	20
-0.587097	0.165581	0.151700	21
-0.606346	0.171009	0.412848	22
-0.625595	0.176438	1.249997	23
-0.644844	0.181867	5.951321	24
-0.664093	0.187296	7.526433	25
-0.683343	0.192725	6.654706	26
-0.702592	0.198154	6.201185	27
-0.721841	0.203583	5.837234	28
-0.741090	0.209012	5.531026	29
-0.760339	0.214440	5.277683	30
-0.779588	0.219869	5.068580	31
-0.798837	0.225298	4.891317	32
-0.818086	0.230727	4.731932	33
-0.837335	0.236156	4.576194	34
-0.856584	0.241585	4.410202	35
-0.875833	0.247014	4.220677	36
-0.895083	0.252443	3.995264	37
-0.914332	0.257871	3.723049	38
-0.933581	0.263300	3.395542	39
-0.952830	0.268729	3.008383	40
36
-0.676741	0.134614	15.108128	25
-0.696357	0.138516	9.647262	26
-0.715973	0.142418	7.180338	27
-0.735589	0.146320	5.952632	28
-0.755204	0.150222	5.279410	29
-0.774820	0.154124	4.879900	30
-0.794436	0.158026	4.626116	31
-0.814051	0.161928	4.450649	32
-0.833667	0.165829	4.312034	33
-0.853283	0.169731	4.180922	34
-0.872898	0.173633	4.034067	35
-0.892514	0.177535	3.851566	36
-0.912130	0.181437	3.615708	37
-0.931745	0.185339	3.310949	38
-0.951361	0.189241	2.925072	39
-0.970977	0.193142	2.451986	40
37
-0.685217	0.081103	19.580509	25
-0.705078	0.083454	12.282831	26
-0.724940	0.085804	8.579819	27
-0.744801	0.088155	6.632859	28
-0.764662	0.090506	5.562014	29
-0.784524	0.092857	4.948836	30
-0.804385	0.095208	4.583881	31
-0.824247	0.097558	4.353735	32
-0.844108	0.099909	4.191003	33
-0.863969	0.102260	4.051388	34
-0.883831	0.104611	3.902660	35
-0.903692	0.106962	3.719159	36
-0.923553	0.109312	3.479213	37
-0.943415	0.111663	3.164450	38
-0.963276	0.114014	2.760884	39
-0.983137	0.116365	2.262286	40
38
-0.689468	0.027091	14.668076	25
-0.709453	0.027876	9.537539	26
-0.729437	0.028662	7.240076	27
-0.749422	0.029447	6.072803	28
-0.769406	0.030232	5.403761	29
-0.789391	0.031017	4.985023	30
-0.809375	0.031803	4.705732	31
-0.829360	0.032588	4.506290	32
-0.849345	0.033373	4.348155	33
-0.869329	0.034158	4.202525	34
-0.889314	0.034944	4.045653	35
-0.909298	0.035729	3.856726	36
-0.929283	0.036514	3.617025	37
-0.949267	0.037299	3.310054	38
-0.969252	0.038085	2.922787	39
-0.989237	0.038870	2.448577	40
39
-0.209838	-0.008244	0.000020	1
-0.229823	-0.009029	0.001013	2
-0.249807	-0.009814	0.004882	3
-0.269792	-0.010599	0.012801	4
-0.289776	-0.011385	0.025058	5
-0.309761	-0.012170	0.041383	6
-0.329746	-0.012955	0.061305	7
-0.349730	-0.013740	0.084314	8
-0.369715	-0.014525	0.109889	9
-0.389699	-0.015310	0.137458	10
-0.409684	-0.016095	0.166333	11
-0.429669	-0.016881	0.195631	12
-0.449653	-0.017666	0.224157	13
-0.469638	-0.018451	0.250251	14
-0.489622	-0.019236	0.271555	15
-0.509607	-0.020021	0.284702	16
-0.529591	-0.020806	0.284994	17
-0.549576	-0.021591	0.266476	18
-0.569561	-0.022377	0.224118	19
-0.589545	-0.023162	0.164076	20
-0.609530	-0.023947	0.142395	21
-0.629514	-0.024732	0.399684	22
-0.649499	-0.025517	1.816268	23
-0.669484	-0.026302	6.863767	24
-0.689468	-0.027088	8.232791	25
-0.709453	-0.027873	7.168116	26
-0.729437	-0.028658	6.572922	27
-0.749422	-0.029443	6.106510	28
-0.769406	-0.030228	5.724580	29
-0.789391	-0.031013	5.414393	30
-0.809376	-0.031798	5.162584	31
-0.829360	-0.032584	4.953668	32
-0.849345	-0.033369	4.771412	33
-0.869329	-0.034154	4.599723	34
-0.889314	-0.034939	4.423074	35
-0.909299	-0.035724	4.226726	36
-0.929283	-0.036509	3.997018	37
-0.949268	-0.037294	3.721915	38
-0.969252	-0.038080	3.392032	39
-0.989237	-0.038865	3.002455	40
40
-0.208544	-0.024682	0.000477	1
-0.228406	-0.027033	0.003930	2
-0.248267	-0.029384	0.009804	3
-0.268129	-0.031734	0.017396	4
-0.287990	-0.034085	0.026376	5
-0.307851	-0.036436	0.036444	6
-0.327713	-0.038787	0.047179	7
-0.347574	-0.041137	0.058020	8
-0.367435	-0.043488	0.068278	9
-0.387297	-0.045839	0.077146	10
-0.407158	-0.048189	0.083717	11
-0.427020	-0.050540	0.087038	12
-0.446881	-0.052891	0.086226	13
-0.466742	-0.055241	0.080737	14
-0.486604	-0.057592	0.070892	15
-0.506465	-0.059943	0.058882	16
-0.526326	-0.062294	0.050571	17
-0.546188	-0.064644	0.058508	18
-0.566049	-0.066995	0.106550	19
-0.585911	-0.069346	0.236007	20
-0.605772	-0.071696	0.512351	21
-0.625633	-0.074047	1.033382	22
-0.645495	-0.076398	1.968591	23
-0.665356	-0.078748	3.851953	24
-0.685217	-0.081099	5.571026	25
-0.705079	-0.083450	6.159703	26
-0.724940	-0.085801	6.262628	27
-0.744802	-0.088151	6.161325	28
-0.764663	-0.090502	5.979364	29
-0.784524	-0.092853	5.774478	30
-0.804386	-0.095203	5.572529	31
-0.824247	-0.097554	5.382673	32
-0.844108	-0.099905	5.205217	33
-0.863970	-0.102255	5.035942	34
-0.883831	-0.104606	4.868583	35
-0.903693	-0.106957	4.696359	36
-0.923554	-0.109308	4.513071	37
-0.943415	-0.111658	4.314117	38
-0.963277	-0.114009	4.097656	39
-0.983138	-0.116360	3.866163	40
41
-0.205965	-0.040969	0.001478	1
-0.225581	-0.044870	0.007451	2
-0.245196	-0.048772	0.014422	3
-0.264812	-0.052674	0.021164	4
-0.284428	-0.056576	0.027265	5
-0.304044	-0.060477	0.032509	6
-0.323659	-0.064379	0.036650	7
-0.343275	-0.068281	0.039364	8
-0.362891	-0.072183	0.040288	9
-0.382506	-0.076084	0.039100	10
-0.402122	-0.079986	0.035645	11
-0.421738	-0.083888	0.030116	12
-0.441354	-0.087790	0.023329	13
-0.460969	-0.091691	0.017113	14
-0.480585	-0.095593	0.014851	15
-0.500201	-0.099495	0.022184	16
-0.519816	-0.103397	0.047885	17
-0.539432	-0.107298	0.104892	18
-0.559048	-0.111200	0.211650	19
-0.578664	-0.115102	0.394410	20
-0.598279	-0.119004	0.692038	21
-0.617895	-0.122906	1.164906	22
-0.637511	-0.126807	1.899726	23
-0.657126	-0.130709	2.951967	24
-0.676742	-0.134611	4.025267	25
-0.696358	-0.138513	4.801891	26
-0.715974	-0.142414	5.274393	27
-0.735589	-0.146316	5.519413	28
-0.755205	-0.150218	5.614144	29
-0.774821	-0.154120	5.616865	30
-0.794436	-0.158021	5.566984	31
-0.814052	-0.161923	5.489448	32
-0.833668	-0.165825	5.399228	33
-0.853284	-0.169727	5.304919	34
-0.872899	-0.173628	5.211446	35
-0.892515	-0.177530	5.122118	36
-0.912131	-0.181432	5.040284	37
-0.931746	-0.185334	4.970855	38
-0.951362	-0.189236	4.921928	39
-0.970978	-0.193137	4.906764	40
42
-0.202116	-0.057002	0.002574	1
-0.221365	-0.062431	0.010275	2
-0.240614	-0.067860	0.017453	3
-0.259863	-0.073288	0.023017	4
-0.279112	-0.078717	0.026863	5
-0.298361	-0.084146	0.028989	6
-0.317610	-0.089575	0.029364	7
-0.336860	-0.095003	0.027945	8
-0.356109	-0.100432	0.024750	9
-0.375358	-0.105861	0.019970	10
-0.394607	-0.111290	0.014109	11
-0.413856	-0.116719	0.008153	12
-0.433105	-0.122147	0.003789	13
-0.452354	-0.127576	0.003661	14
-0.471603	-0.133005	0.011679	15
-0.490852	-0.138434	0.033403	16
-0.510102	-0.143862	0.076563	17
-0.529351	-0.149291	0.151852	18
-0.548600	-0.154720	0.274167	19
-0.567849	-0.160149	0.464321	20
-0.587098	-0.165577	0.750374	21
-0.606347	-0.171006	1.165263	22
-0.625596	-0.176435	1.733075	23
-0.644845	-0.181864	2.435263	24
-0.664094	-0.187293	3.171984	25
-0.683344	-0.192721	3.828288	26
-0.702593	-0.198150	4.349761	27
-0.721842	-0.203579	4.731397	28
-0.741091	-0.209008	4.993066	29
-0.760340	-0.214436	5.162348	30
-0.779589	-0.219865	5.265891	31
-0.798838	-0.225294	5.326204	32
-0.818087	-0.230723	5.361245	33
-0.837337	-0.236152	5.385235	34
-0.856586	-0.241580	5.409916	35
-0.875835	-0.247009	5.445936	36
-0.895084	-0.252438	5.504263	37
-0.914333	-0.257867	5.597689	38
-0.933582	-0.263295	5.742541	39
-0.952831	-0.268724	5.960791	40
43
-0.197020	-0.072684	0.003423	1
-0.215784	-0.079607	0.011383	2
-0.234548	-0.086529	0.018077	3
-0.253312	-0.093451	0.022631	4
-0.272076	-0.100373	0.025211	5
-0.290840	-0.107296	0.025964	6
-0.309603	-0.114218	0.024962	7
-0.328367	-0.121140	0.022286	8
-0.347131	-0.128063	0.018122	9
-0.365895	-0.134985	0.012873	10
-0.384659	-0.141907	0.007285	11
-0.403423	-0.148830	0.002592	12
-0.422186	-0.155752	0.000688	13
-0.440950	-0.162674	0.004340	14
-0.459714	-0.169597	0.017450	15
-0.478478	-0.176519	0.045412	16
-0.497242	-0.183441	0.095570	17
-0.516006	-0.190363	0.177769	18
-0.534769	-0.197286	0.304835	19
-0.553533	-0.204208	0.492506	20
-0.572297	-0.211130	0.757825	21
-0.591061	-0.218053	1.114584	22
-0.609825	-0.224975	1.564908	23
-0.628589	-0.231897	2.089310	24
-0.647352	-0.238820	2.644211	25
-0.666116	-0.245742	3.179292	26
-0.684880	-0.252664	3.658111	27
-0.703644	-0.259587	4.063667	28
-0.722408	-0.266509	4.394812	29
-0.741172	-0.273431	4.660253	30
-0.759935	-0.280353	4.873493	31
-0.778699	-0.287276	5.049579	32
-0.797463	-0.294198	5.203443	33
-0.816227	-0.301120	5.349372	34
-0.834991	-0.308043	5.501180	35
-0.853755	-0.314965	5.672813	36
-0.872519	-0.321887	5.879232	37
-0.891282	-0.328810	6.137537	38
-0.910046	-0.335732	6.468327	39
-0.928810	-0.342654	6.897400	40
44
-0.190710	-0.087918	0.003943	1
-0.208873	-0.096291	0.010685	2
-0.227036	-0.104665	0.016424	3
-0.245199	-0.113038	0.020391	4
-0.263362	-0.121411	0.022739	5
-0.281525	-0.129784	0.023540	6
-0.299687	-0.138157	0.022774	7
-0.317850	-0.146530	0.020439	8
-0.336013	-0.154904	0.016663	9
-0.354176	-0.163277	0.011827	10
-0.372339	-0.171650	0.006695	11
-0.390502	-0.180023	0.002570	12
-0.408665	-0.188396	0.001481	13
-0.426828	-0.196769	0.006391	14
-0.444990	-0.205143	0.021445	15
-0.463153	-0.213516	0.052222	16
-0.481316	-0.221889	0.105953	17
-0.499479	-0.230262	0.191571	18
-0.517642	-0.238635	0.319413	19
-0.535805	-0.247008	0.500231	20
-0.553968	-0.255382	0.743231	21
-0.572131	-0.263755	1.053027	22
-0.590294	-0.272128	1.426114	23
-0.608456	-0.280501	1.848560	24
-0.626619	-0.288874	2.297389	25
-0.644782	-0.297247	2.746684	26
-0.662945	-0.305621	3.174674	27
-0.681108	-0.313994	3.567585	28
-0.699271	-0.322367	3.920097	29
-0.717434	-0.330740	4.233843	30
-0.735597	-0.339113	4.515344	31
-0.753759	-0.347486	4.774191	32
-0.771922	-0.355860	5.021769	33
-0.790085	-0.364233	5.270579	34
-0.808248	-0.372606	5.534021	35
-0.826411	-0.380979	5.826574	36
-0.844574	-0.389352	6.164245	37
-0.862737	-0.397725	6.565244	38
-0.880900	-0.406098	7.050860	39
-0.899062	-0.414472	7.646498	40
45
-0.183224	-0.102610	0.004205	1
-0.200674	-0.112383	0.008873	2
-0.218124	-0.122155	0.013488	3
-0.235574	-0.131927	0.017294	4
-0.253024	-0.141700	0.020160	5
-0.270474	-0.151472	0.021873	6
-0.287924	-0.161245	0.022156	7
-0.305374	-0.171017	0.020792	8
-0.322824	-0.180789	0.017739	9
-0.340274	-0.190562	0.013281	10
-0.357724	-0.200334	0.008176	11
-0.375174	-0.210107	0.003840	12
-0.392624	-0.219879	0.002535	13
-0.410073	-0.229651	0.007557	14
-0.427523	-0.239424	0.023394	15
-0.444973	-0.249196	0.055802	16
-0.462423	-0.258969	0.111724	17
-0.479873	-0.268741	0.198975	18
-0.497323	-0.278513	0.325563	19
-0.514773	-0.288286	0.498606	20
-0.532223	-0.298058	0.722862	21
-0.549673	-0.307831	0.999123	22
-0.567123	-0.317603	1.322947	23
-0.584573	-0.327375	1.684457	24
-0.602023	-0.337148	2.069719	25
-0.619473	-0.346920	2.463537	26
-0.636923	-0.356693	2.852525	27
-0.654373	-0.366465	3.227238	28
-0.671822	-0.376237	3.583011	29
-0.689272	-0.386010	3.919770	30
-0.706722	-0.395782	4.241298	31
-0.724172	-0.405555	4.554376	32
-0.741622	-0.415327	4.868037	33
-0.759072	-0.425099	5.193063	34
-0.776522	-0.434872	5.541746	35
-0.793972	-0.444644	5.927879	36
-0.811422	-0.454417	6.366946	37
-0.828872	-0.464189	6.876458	38
-0.846322	-0.473961	7.476394	39
-0.863772	-0.483734	8.189681	40
46
-0.174609	-0.116670	0.004315	1
-0.191238	-0.127781	0.006947	2
-0.207868	-0.138892	0.010624	3
-0.224497	-0.150004	0.014572	4
-0.241126	-0.161115	0.018280	5
-0.257756	-0.172226	0.021175	6
-0.274385	-0.183338	0.022681	7
-0.291015	-0.194449	0.022334	8
-0.307644	-0.205561	0.019923	9
-0.324273	-0.216672	0.015646	10
-0.340903	-0.227783	0.010292	11
-0.357532	-0.238895	0.005424	12
-0.374162	-0.250006	0.003565	13
-0.390791	-0.261118	0.008330	14
-0.407420	-0.272229	0.024478	15
-0.424050	-0.283340	0.057825	16
-0.440679	-0.294452	0.114965	17
-0.457309	-0.305563	0.202760	18
-0.473938	-0.316674	0.327584	19
-0.490567	-0.327786	0.494386	20
-0.507197	-0.338897	0.705695	21
-0.523826	-0.350009	0.960808	22
-0.540456	-0.361120	1.255431	23
-0.557085	-0.372231	1.582027	24
-0.573715	-0.383343	1.930925	25
-0.590344	-0.394454	2.291951	26
-0.606973	-0.405565	2.656122	27
-0.623603	-0.416677	3.016931	28
-0.640232	-0.427788	3.371033	29
-0.656862	-0.438900	3.718368	30
-0.673491	-0.450011	4.061918	31
-0.690120	-0.461122	4.407284	32
-0.706750	-0.472234	4.762268	33
-0.723379	-0.483345	5.136534	34
-0.740009	-0.494457	5.541401	35
-0.756638	-0.505568	5.989780	36
-0.773267	-0.516679	6.496221	37
-0.789897	-0.527791	7.077040	38
-0.806526	-0.538902	7.750477	39
-0.823156	-0.550013	8.536817	40
47
-0.164917	-0.130010	0.004354	1
-0.180623	-0.142391	0.005780	2
-0.196329	-0.154773	0.009010	3
-0.212036	-0.167155	0.013253	4
-0.227742	-0.179537	0.017730	5
-0.243448	-0.191919	0.021601	6
-0.259155	-0.204301	0.024069	7
-0.274861	-0.216683	0.024494	8
-0.290568	-0.229064	0.022542	9
-0.306274	-0.241446	0.018358	10
-0.321980	-0.253828	0.012752	11
-0.337687	-0.266210	0.007400	12
-0.353393	-0.278592	0.004999	13
-0.369099	-0.290974	0.009371	14
-0.384806	-0.303356	0.025437	15
-0.400512	-0.315737	0.059039	16
-0.416218	-0.328119	0.116565	17
-0.431925	-0.340501	0.204367	18
-0.447631	-0.352883	0.328012	19
-0.463337	-0.365265	0.491458	20
-0.479044	-0.377647	0.696310	21
-0.494750	-0.390029	0.941338	22
-0.510456	-0.402411	1.222437	23
-0.526163	-0.414792	1.533107	24
-0.541869	-0.427174	1.865419	25
-0.557576	-0.439556	2.211253	26
-0.573282	-0.451938	2.563521	27
-0.588988	-0.464320	2.917128	28
-0.604695	-0.476702	3.269537	29
-0.620401	-0.489084	3.620951	30
-0.636107	-0.501465	3.974213	31
-0.651814	-0.513847	4.334547	32
-0.667520	-0.526229	4.709266	33
-0.683226	-0.538611	5.107510	34
-0.698933	-0.550993	5.540071	35
-0.714639	-0.563375	6.019308	36
-0.730345	-0.575757	6.559136	37
-0.746052	-0.588138	7.175054	38
-0.761758	-0.600520	7.884173	39
-0.777464	-0.612902	8.705173	40
48
-0.154208	-0.142548	0.004361	1
-0.168894	-0.156124	0.005856	2
-0.183581	-0.169700	0.009279	3
-0.198267	-0.183276	0.013844	4
-0.212954	-0.196852	0.018743	5
-0.227640	-0.210428	0.023089	6
-0.242327	-0.224004	0.026026	7
-0.257013	-0.237580	0.026858	8
-0.271700	-0.251156	0.025198	9
-0.286386	-0.264732	0.021149	10
-0.301072	-0.278308	0.015500	11
-0.315759	-0.291884	0.009925	12
-0.330445	-0.305460	0.007150	13
-0.345132	-0.319036	0.011045	14
-0.359818	-0.332612	0.026597	15
-0.374505	-0.346188	0.059724	16
-0.389191	-0.359764	0.116879	17
-0.403878	-0.373340	0.204460	18
-0.418564	-0.386916	0.328051	19
-0.433251	-0.400492	0.491593	20
-0.447937	-0.414068	0.696650	21
-0.462624	-0.427644	0.941935	22
-0.477310	-0.441220	1.223284	23
-0.491996	-0.454796	1.534150	24
-0.506683	-0.468372	1.866572	25
-0.521369	-0.481948	2.212416	26
-0.536056	-0.495524	2.564595	27
-0.550742	-0.509100	2.918033	28
-0.565429	-0.522676	3.270217	29
-0.580115	-0.536252	3.621387	30
-0.594802	-0.549828	3.974422	31
-0.609488	-0.563404	4.334579	32
-0.624175	-0.576980	4.709197	33
-0.638861	-0.590556	5.107429	34
-0.653548	-0.604132	5.540072	35
-0.668234	-0.617708	6.019476	36
-0.682921	-0.631284	6.559534	37
-0.697607	-0.644860	7.175720	38
-0.712293	-0.658436	7.885110	39
-0.726980	-0.672012	8.706337	40
49
-0.142548	-0.154208	0.004334	1
-0.156124	-0.168894	0.007150	2
-0.169700	-0.183581	0.011345	3
-0.183276	-0.198267	0.016168	4
-0.196852	-0.212953	0.021038	5
-0.210428	-0.227640	0.025259	6
-0.224004	-0.242326	0.028103	7
-0.237580	-0.257013	0.028952	8
-0.251156	-0.271699	0.027442	9
-0.264732	-0.286386	0.023648	10
-0.278309	-0.301072	0.018275	11
-0.291885	-0.315758	0.012870	12
-0.305461	-0.330445	0.010007	13
-0.319037	-0.345131	0.013427	14
-0.332613	-0.359818	0.028076	15
-0.346189	-0.374504	0.059989	16
-0.359765	-0.389191	0.115976	17
-0.373341	-0.403877	0.203063	18
-0.386917	-0.418564	0.327705	19
-0.400493	-0.433250	0.494821	20
-0.414069	-0.447936	0.706820	21
-0.427645	-0.462623	0.962814	22
-0.441221	-0.477309	1.258314	23
-0.454797	-0.491996	1.585616	24
-0.468373	-0.506682	1.934936	25
-0.481949	-0.521369	2.296049	26
-0.495525	-0.536055	2.659972	27
-0.509101	-0.550742	3.020248	28
-0.522677	-0.565428	3.373620	29
-0.536253	-0.580114	3.720140	30
-0.549829	-0.594801	4.062911	31
-0.563405	-0.609487	4.407649	32
-0.576981	-0.624174	4.762241	33
-0.590557	-0.638860	5.136400	34
-0.604133	-0.653547	5.541458	35
-0.617709	-0.668233	5.990300	36
-0.631285	-0.682919	6.497418	37
-0.644861	-0.697606	7.079044	38
-0.658437	-0.712292	7.753309	39
-0.672013	-0.726979	8.540363	40
50
-0.130010	-0.164916	0.004229	1
-0.142392	-0.180623	0.009134	2
-0.154774	-0.196329	0.014421	3
-0.167155	-0.212035	0.019387	4
-0.179537	-0.227742	0.023837	5
-0.191919	-0.243448	0.027417	6
-0.204301	-0.259154	0.029672	7
-0.216683	-0.274861	0.030171	8
-0.229065	-0.290567	0.028660	9
-0.241447	-0.306273	0.025216	10
-0.253829	-0.321980	0.020435	11
-0.266211	-0.337686	0.015638	12
-0.278592	-0.353392	0.013092	13
-0.290974	-0.369099	0.016218	14
-0.303356	-0.384805	0.029749	15
-0.315738	-0.400511	0.059788	16
-0.328120	-0.416218	0.113674	17
-0.340502	-0.431924	0.199584	18
-0.352884	-0.447630	0.325768	19
-0.365266	-0.463337	0.499390	20
-0.377648	-0.479043	0.725038	21
-0.390029	-0.494749	1.003160	22
-0.402411	-0.510456	1.328908	23
-0.414793	-0.526162	1.692040	24
-0.427175	-0.541868	2.078371	25
-0.439557	-0.557575	2.472574	26
-0.451939	-0.573281	2.861237	27
-0.464321	-0.588987	3.234994	28
-0.476703	-0.604694	3.589345	29
-0.489085	-0.620400	3.924443	30
-0.501466	-0.636106	4.244322	31
-0.513848	-0.651813	4.555994	32
-0.526230	-0.667519	4.868673	33
-0.538612	-0.683225	5.193251	34
-0.550994	-0.698932	5.542051	35
-0.563376	-0.714638	5.928825	36
-0.575758	-0.730344	6.368954	37
-0.588140	-0.746051	6.879802	38
-0.600522	-0.761757	7.481160	39
-0.612903	-0.777463	8.195723	40
51
-0.116670	-0.174609	0.003962	1
-0.127781	-0.191238	0.010899	2
-0.138893	-0.207867	0.017210	3
-0.150004	-0.224497	0.022215	4
-0.161115	-0.241126	0.026058	5
-0.172227	-0.257756	0.028731	6
-0.183338	-0.274385	0.030088	7
-0.194450	-0.291014	0.029949	8
-0.205561	-0.307644	0.028233	9
-0.216673	-0.324273	0.025080	10
-0.227784	-0.340902	0.021014	11
-0.238895	-0.357532	0.017120	12
-0.250007	-0.374161	0.015283	13
-0.261118	-0.390791	0.018446	14
-0.272230	-0.407420	0.030912	15
-0.283341	-0.424049	0.058623	16
-0.294452	-0.440679	0.109362	17
-0.305564	-0.457308	0.192724	18
-0.316675	-0.473938	0.319651	19
-0.327787	-0.490567	0.501247	20
-0.338898	-0.507196	0.746647	21
-0.350009	-0.523826	1.059950	22
-0.361121	-0.540455	1.436864	23
-0.372232	-0.557085	1.862707	24
-0.383344	-0.573714	2.313990	25
-0.394455	-0.590343	2.764492	26
-0.405566	-0.606973	3.192317	27
-0.416678	-0.623602	3.583769	28
-0.427789	-0.640231	3.933808	29
-0.438901	-0.656861	4.244495	30
-0.450012	-0.673490	4.522834	31
-0.461124	-0.690120	4.778859	32
-0.472235	-0.706749	5.024295	33
-0.483346	-0.723378	5.271845	34
-0.494458	-0.740008	5.534976	35
-0.505569	-0.756637	5.828105	36
-0.516681	-0.773267	6.167081	37
-0.527792	-0.789896	6.569885	38
-0.538903	-0.806525	7.057524	39
-0.550015	-0.823155	7.655079	40
52
-0.102610	-0.183224	0.003427	1
-0.112383	-0.200674	0.011440	2
-0.122155	-0.218124	0.018338	3
-0.131928	-0.235574	0.023348	4
-0.141700	-0.253024	0.026708	5
-0.151473	-0.270474	0.028597	6
-0.161245	-0.287924	0.029090	7
-0.171017	-0.305374	0.028227	8
-0.180790	-0.322823	0.026103	9
-0.190562	-0.340273	0.022967	10
-0.200335	-0.357723	0.019337	11
-0.210107	-0.375173	0.016154	12
-0.219880	-0.392623	0.014978	13
-0.229652	-0.410073	0.018264	14
-0.239424	-0.427523	0.029728	15
-0.249197	-0.444973	0.054833	16
-0.258969	-0.462423	0.101373	17
-0.268742	-0.479873	0.180081	18
-0.278514	-0.497323	0.304998	19
-0.288287	-0.514773	0.493040	20
-0.298059	-0.532223	0.761841	21
-0.307831	-0.549672	1.124724	22
-0.317604	-0.567122	1.582342	23
-0.327376	-0.584572	2.113543	24
-0.337149	-0.602022	2.673743	25
-0.346921	-0.619472	3.211937	26
-0.356694	-0.636922	3.691223	27
-0.366466	-0.654372	4.094604	28
-0.376238	-0.671822	4.421472	29
-0.386011	-0.689272	4.681418	30
-0.395783	-0.706722	4.888895	31
-0.405556	-0.724172	5.059760	32
-0.415328	-0.741622	5.209511	33
-0.425101	-0.759071	5.352742	34
-0.434873	-0.776521	5.503342	35
-0.444645	-0.793971	5.675151	36
-0.454418	-0.811421	5.882887	37
-0.464190	-0.828871	6.143316	38
-0.473963	-0.846321	6.476651	39
-0.483735	-0.863771	6.908271	40
53
-0.087919	-0.190710	0.002555	1
-0.096292	-0.208873	0.010110	2
-0.104665	-0.227036	0.016952	3
-0.113038	-0.245199	0.022050	4
-0.121411	-0.263362	0.025407	5
-0.129785	-0.281524	0.027152	6
-0.138158	-0.299687	0.027400	7
-0.146531	-0.317850	0.026259	8
-0.154904	-0.336013	0.023884	9
-0.163277	-0.354176	0.020554	10
-0.171650	-0.372339	0.016774	11
-0.180024	-0.390502	0.013396	12
-0.188397	-0.408664	0.011791	13
-0.196770	-0.426827	0.014089	14
-0.205143	-0.444990	0.023524	15
-0.213516	-0.463153	0.044971	16
-0.221890	-0.481316	0.085760	17
-0.230263	-0.499479	0.156897	18
-0.238636	-0.517642	0.274715	19
-0.247009	-0.535804	0.462628	20
-0.255382	-0.553967	0.751602	21
-0.263756	-0.572130	1.175859	22
-0.272129	-0.590293	1.757289	23
-0.280502	-0.608456	2.472799	24
-0.288875	-0.626619	3.220417	25
-0.297248	-0.644782	3.883554	26
-0.305622	-0.662945	4.406296	27
-0.313995	-0.681107	4.783755	28
-0.322368	-0.699270	5.037398	29
-0.330741	-0.717433	5.196896	30
-0.339114	-0.735596	5.290713	31
-0.347488	-0.753759	5.342593	32
-0.355861	-0.771922	5.371159	33
-0.364234	-0.790085	5.390857	34
-0.372607	-0.808247	5.413360	35
-0.380980	-0.826410	5.449061	36
-0.389354	-0.844573	5.508566	37
-0.397727	-0.862736	5.604238	38
-0.406100	-0.880899	5.751937	39
-0.414473	-0.899062	5.973169	40
54
-0.072685	-0.197020	0.001441	1
-0.079607	-0.215784	0.007115	2
-0.086529	-0.234548	0.013281	3
-0.093452	-0.253312	0.018637	4
-0.100374	-0.272076	0.022811	5
-0.107296	-0.290839	0.025716	6
-0.114219	-0.309603	0.027302	7
-0.121141	-0.328367	0.027512	8
-0.128063	-0.347131	0.026310	9
-0.134986	-0.365895	0.023746	10
-0.141908	-0.384658	0.020057	11
-0.148830	-0.403422	0.015794	12
-0.155753	-0.422186	0.012001	13
-0.162675	-0.440950	0.010464	14
-0.169597	-0.459714	0.014068	15
-0.176520	-0.478478	0.027326	16
-0.183442	-0.497241	0.057202	17
-0.190364	-0.516005	0.114506	18
-0.197287	-0.534769	0.216335	19
-0.204209	-0.553533	0.390389	20
-0.211131	-0.572297	0.681867	21
-0.218054	-0.591061	1.161363	22
-0.224976	-0.609824	1.920578	23
-0.231898	-0.628588	3.001562	24
-0.238821	-0.647352	4.096283	25
-0.245743	-0.666116	4.883548	26
-0.252665	-0.684880	5.353396	27
-0.259588	-0.703644	5.586345	28
-0.266510	-0.722407	5.665287	29
-0.273432	-0.741171	5.652709	30
-0.280355	-0.759935	5.590166	31
-0.287277	-0.778699	5.503260	32
-0.294199	-0.797463	5.406808	33
-0.301122	-0.816227	5.308935	34
-0.308044	-0.834990	5.214038	35
-0.314966	-0.853754	5.124941	36
-0.321889	-0.872518	5.044577	37
-0.328811	-0.891282	4.977486	38
-0.335733	-0.910046	4.931405	39
-0.342656	-0.928809	4.919228	40
55
-0.057002	-0.202116	0.000453	1
-0.062431	-0.221365	0.003643	2
-0.067860	-0.240614	0.008628	3
-0.073289	-0.259863	0.014434	4
-0.078718	-0.279112	0.020611	5
-0.084146	-0.298361	0.026851	6
-0.089575	-0.317610	0.032807	7
-0.095004	-0.336859	0.038069	8
-0.100433	-0.356108	0.042179	9
-0.105862	-0.375358	0.044670	10
-0.111290	-0.394607	0.045122	11
-0.116719	-0.413856	0.043255	12
-0.122148	-0.433105	0.039080	13
-0.127577	-0.452354	0.033162	14
-0.133006	-0.471603	0.027041	15
-0.138434	-0.490852	0.023903	16
-0.143863	-0.510101	0.029644	17
-0.149292	-0.529350	0.054567	18
-0.154721	-0.548600	0.116266	19
-0.160150	-0.567849	0.245008	20
-0.165578	-0.587098	0.495036	21
-0.171007	-0.606347	0.971295	22
-0.176436	-0.625596	1.902742	23
-0.181865	-0.644845	3.893474	24
-0.187294	-0.664094	5.637626	25
-0.192722	-0.683343	6.213561	26
-0.198151	-0.702592	6.289004	27
-0.203580	-0.721842	6.163588	28
-0.209009	-0.741091	5.966762	29
-0.214438	-0.760340	5.755555	30
-0.219866	-0.779589	5.553153	31
-0.225295	-0.798838	5.366125	32
-0.230724	-0.818087	5.192891	33
-0.236153	-0.837336	5.028074	34
-0.241582	-0.856585	4.864830	35
-0.247010	-0.875834	4.696189	36
-0.252439	-0.895083	4.516005	37
-0.257868	-0.914333	4.319827	38
-0.263297	-0.933582	4.105964	39
-0.268726	-0.952831	3.876938	40
56
-0.040969	-0.205965	0.000042	1
-0.044871	-0.225581	0.001049	2
-0.048772	-0.245196	0.004527	3
-0.052674	-0.264812	0.011255	4
-0.056576	-0.284428	0.021274	5
-0.060478	-0.304043	0.034143	6
-0.064380	-0.323659	0.049231	7
-0.068281	-0.343275	0.065844	8
-0.072183	-0.362891	0.083247	9
-0.076085	-0.382506	0.100625	10
-0.079987	-0.402122	0.117041	11
-0.083889	-0.421738	0.131388	12
-0.087790	-0.441353	0.142367	13
-0.091692	-0.460969	0.148497	14
-0.095594	-0.480585	0.148237	15
-0.099496	-0.500201	0.140308	16
-0.103398	-0.519816	0.124424	17
-0.107299	-0.539432	0.102796	18
-0.111201	-0.559048	0.083131	19
-0.115103	-0.578663	0.084942	20
-0.119005	-0.598279	0.155264	21
-0.122907	-0.617895	0.418062	22
-0.126808	-0.637511	1.259003	23
-0.130710	-0.657126	5.965310	24
-0.134612	-0.676742	7.523694	25
-0.138514	-0.696358	6.643647	26
-0.142416	-0.715973	6.187319	27
-0.146317	-0.735589	5.823125	28
-0.150219	-0.755205	5.518025	29
-0.154121	-0.774820	5.266521	30
-0.158023	-0.794436	5.059632	31
-0.161925	-0.814052	4.884735	32
-0.165826	-0.833668	4.727701	33
-0.169728	-0.853283	4.574159	34
-0.173630	-0.872899	4.410074	35
-0.177532	-0.892515	4.222046	36
-0.181433	-0.912130	3.997611	37
-0.185335	-0.931746	3.725783	38
-0.189237	-0.951362	3.398043	39
-0.193139	-0.970978	3.010071	40
57
-0.081100	-0.685217	15.113308	25
-0.083451	-0.705079	9.645000	26
-0.085802	-0.724940	7.175144	27
-0.088152	-0.744801	5.946714	28
-0.090503	-0.764663	5.273775	29
-0.092854	-0.784524	4.874995	30
-0.095205	-0.804386	4.622134	31
-0.097555	-0.824247	4.447660	32
-0.099906	-0.844108	4.310040	33
-0.102257	-0.863970	4.179863	34
-0.104608	-0.883831	4.033825	35
-0.106958	-0.903692	3.851963	36
-0.109309	-0.923554	3.616512	37
-0.111660	-0.943415	3.311890	38
-0.114011	-0.963276	2.925872	39
-0.116361	-0.983138	2.452392	40
58
-0.027089	-0.689468	19.580571	25
-0.027874	-0.709453	12.283145	26
-0.028659	-0.729437	8.580244	27
-0.029444	-0.749422	6.633270	28
-0.030229	-0.769406	5.562355	29
-0.031015	-0.789391	4.949092	30
-0.031800	-0.809376	4.584057	31
-0.032585	-0.829360	4.353847	32
-0.033370	-0.849345	4.191069	33
-0.034155	-0.869329	4.051426	34
-0.034940	-0.889314	3.902680	35
-0.035726	-0.909298	3.719170	36
-0.036511	-0.929283	3.479216	37
-0.037296	-0.949268	3.164445	38
-0.038081	-0.969252	2.760867	39
-0.038866	-0.989237	2.262255	40
59
0.027083	-0.689468	14.665131	25
0.027868	-0.709453	9.541209	26
0.028653	-0.729437	7.246096	27
0.029438	-0.749422	6.079194	28
0.030223	-0.769407	5.409663	29
0.031008	-0.789391	4.990076	30
0.031793	-0.809376	4.709793	31
0.032578	-0.829360	4.509317	32
0.033363	-0.849345	4.350169	33
0.034148	-0.869330	4.203597	34
0.034933	-0.889314	4.045908	35
0.035718	-0.909299	3.856341	36
0.036503	-0.929283	3.616225	37
0.037288	-0.949268	3.309101	38
0.038073	-0.969253	2.921953	39
0.038858	-0.989237	2.448107	40
60
0.024681	-0.208545	0.000014	1
0.027032	-0.228406	0.000685	2
0.029382	-0.248267	0.003287	3
0.031733	-0.268129	0.008706	4
0.034083	-0.287990	0.017348	5
0.036434	-0.307852	0.029306	6
0.038784	-0.327713	0.044548	7
0.041135	-0.347574	0.062979	8
0.043486	-0.367436	0.084432	9
0.045836	-0.387297	0.108625	10
0.048187	-0.407158	0.135092	11
0.050537	-0.427020	0.163100	12
0.052888	-0.446881	0.191541	13
0.055239	-0.466743	0.218766	14
0.057589	-0.486604	0.242364	15
0.059940	-0.506465	0.258839	16
0.062290	-0.526327	0.263285	17
0.064641	-0.546188	0.249448	18
0.066991	-0.566050	0.211870	19
0.069342	-0.585911	0.156095	20
0.071693	-0.605772	0.137234	21
0.074043	-0.625634	0.394382	22
0.076394	-0.645495	1.805220	23
0.078744	-0.665357	6.846156	24
0.081095	-0.685218	8.231632	25
0.083445	-0.705079	7.175855	26
0.085796	-0.724941	6.584166	27
0.088147	-0.744802	6.118623	28
0.090497	-0.764663	5.736102	29
0.092848	-0.784525	5.424494	30
0.095198	-0.804386	5.170803	31
0.097549	-0.824248	4.959780	32
0.099899	-0.844109	4.775365	33
0.102250	-0.863970	4.601616	34
0.104601	-0.883832	4.423146	35
0.106951	-0.903693	4.225346	36
0.109302	-0.923555	3.994673	37
0.111652	-0.943416	3.719175	38
0.114003	-0.963277	3.389500	39
0.116353	-0.983139	3.000703	40
61
0.040967	-0.205965	0.000322	1
0.044869	-0.225581	0.002578	2
0.048770	-0.245197	0.006456	3
0.052672	-0.264812	0.011641	4
0.056574	-0.284428	0.018044	5
0.060475	-0.304044	0.025564	6
0.064377	-0.323660	0.033975	7
0.068279	-0.343275	0.042902	8
0.072180	-0.362891	0.051803	9
0.076082	-0.382507	0.059975	10
0.079984	-0.402123	0.066552	11
0.083885	-0.421738	0.070558	12
0.087787	-0.441354	0.071016	13
0.091689	-0.460970	0.067212	14
0.095590	-0.480586	0.059225	15
0.099492	-0.500201	0.048935	16
0.103393	-0.519817	0.041843	17
0.107295	-0.539433	0.050128	18
0.111197	-0.559049	0.097354	19
0.115098	-0.578664	0.224768	20
0.119000	-0.598280	0.498261	21
0.122902	-0.617896	1.016904	22
0.126803	-0.637512	1.952767	23
0.130705	-0.657127	3.843984	24
0.134607	-0.676743	5.578634	25
0.138508	-0.696359	6.177829	26
0.142410	-0.715974	6.285626	27
0.146311	-0.735590	6.185233	28
0.150213	-0.755206	6.001714	29
0.154115	-0.774822	5.793818	30
0.158016	-0.794437	5.588055	31
0.161918	-0.814053	5.394021	32
0.165820	-0.833669	5.212342	33
0.169721	-0.853285	5.039067	34
0.173623	-0.872900	4.868166	35
0.177525	-0.892516	4.693071	36
0.181426	-0.912132	4.507768	37
0.185328	-0.931748	4.307794	38
0.189230	-0.951363	4.091385	39
0.193131	-0.970979	3.861016	40
62
0.057001	-0.202116	0.000957	1
0.062429	-0.221365	0.004720	2
0.067858	-0.240614	0.009198	3
0.073287	-0.259864	0.013766	4
0.078715	-0.279113	0.018216	5
0.084144	-0.298362	0.022381	6
0.089573	-0.317611	0.026011	7
0.095001	-0.336860	0.028761	8
0.100430	-0.356109	0.030213	9
0.105859	-0.375358	0.029950	10
0.111287	-0.394608	0.027669	11
0.116716	-0.413857	0.023365	12
0.122145	-0.433106	0.017602	13
0.127573	-0.452355	0.011931	14
0.133002	-0.471604	0.009454	15
0.138431	-0.490853	0.015585	16
0.143859	-0.510102	0.039004	17
0.149288	-0.529352	0.092791	18
0.154716	-0.548601	0.195905	19
0.160145	-0.567850	0.375594	20
0.165574	-0.587099	0.672247	21
0.171002	-0.606348	1.148127	22
0.176431	-0.625597	1.891620	23
0.181860	-0.644847	2.958337	24
0.187288	-0.664096	4.047982	25
0.192717	-0.683345	4.836763	26
0.198146	-0.702594	5.315602	27
0.203574	-0.721843	5.561815	28
0.209003	-0.741092	5.653929	29
0.214432	-0.760341	5.651494	30
0.219860	-0.779591	5.594936	31
0.225289	-0.798840	5.509976	32
0.230718	-0.818089	5.412181	33
0.236146	-0.837338	5.310618	34
0.241575	-0.856587	5.210614	35
0.247004	-0.875836	5.115814	36
0.252432	-0.895085	5.029856	37
0.257861	-0.914335	4.957880	38
0.263289	-0.933584	4.908149	39
0.268718	-0.952833	4.894033	40
63
0.072683	-0.197021	0.001588	1
0.079605	-0.215785	0.006187	2
0.086527	-0.234549	0.010643	3
0.093450	-0.253312	0.014457	4
0.100372	-0.272076	0.017552	5
0.107294	-0.290840	0.019812	6
0.114216	-0.309604	0.021044	7
0.121138	-0.328368	0.021012	8
0.128060	-0.347132	0.019508	9
0.134983	-0.365896	0.016458	10
0.141905	-0.384660	0.012059	11
0.148827	-0.403423	0.006977	12
0.155749	-0.422187	0.002584	13
0.162671	-0.440951	0.001272	14
0.169594	-0.459715	0.006827	15
0.176516	-0.478479	0.024902	16
0.183438	-0.497243	0.063626	17
0.190360	-0.516007	0.134478	18
0.197282	-0.534771	0.253550	19
0.204205	-0.553535	0.443177	20
0.211127	-0.572298	0.733007	21
0.218049	-0.591062	1.157142	22
0.224971	-0.609826	1.739698	23
0.231893	-0.628590	2.460295	24
0.238815	-0.647354	3.215246	25
0.245738	-0.666118	3.885632	26
0.252660	-0.684882	4.415114	27
0.259582	-0.703646	4.798595	28
0.266504	-0.722410	5.056863	29
0.273426	-0.741173	5.218771	30
0.280349	-0.759937	5.312240	31
0.287271	-0.778701	5.360905	32
0.294193	-0.797465	5.383674	33
0.301115	-0.816229	5.395559	34
0.308037	-0.834993	5.408965	35
0.314960	-0.853757	5.435100	36
0.321882	-0.872521	5.485408	37
0.328804	-0.891284	5.573096	38
0.335726	-0.910048	5.714859	39
0.342648	-0.928812	5.933029	40
64
0.087917	-0.190711	0.001986	1
0.096290	-0.208874	0.006384	2
0.104663	-0.227037	0.010412	3
0.113036	-0.245200	0.013724	4
0.121409	-0.263362	0.016341	5
0.129782	-0.281525	0.018160	6
0.138155	-0.299688	0.018975	7
0.146528	-0.317851	0.018552	8
0.154901	-0.336014	0.016719	9
0.163274	-0.354177	0.013482	10
0.171648	-0.372340	0.009170	11
0.180021	-0.390503	0.004625	12
0.188394	-0.408666	0.001440	13
0.196767	-0.426829	0.002246	14
0.205140	-0.444992	0.011078	15
0.213513	-0.463155	0.033811	16
0.221886	-0.481318	0.078685	17
0.230259	-0.499481	0.156843	18
0.238632	-0.517644	0.282703	19
0.247005	-0.535806	0.473620	20
0.255378	-0.553969	0.747874	21
0.263751	-0.572132	1.119604	22
0.272124	-0.590295	1.589915	23
0.280497	-0.608458	2.136791	24
0.288870	-0.626621	2.713088	25
0.297243	-0.644784	3.265085	26
0.305616	-0.662947	3.754209	27
0.313989	-0.681110	4.162785	28
0.322362	-0.699273	4.490117	29
0.330735	-0.717436	4.746015	30
0.339109	-0.735599	4.945363	31
0.347482	-0.753762	5.104615	32
0.355855	-0.771925	5.240017	33
0.364228	-0.790087	5.367023	34
0.372601	-0.808250	5.500468	35
0.380974	-0.826413	5.655192	36
0.389347	-0.844576	5.846957	37
0.397720	-0.862739	6.093612	38
0.406093	-0.880902	6.416515	39
0.414466	-0.899065	6.842293	40
65
0.102609	-0.183225	0.002135	1
0.112381	-0.200675	0.005478	2
0.122154	-0.218125	0.008898	3
0.131926	-0.235575	0.012109	4
0.141698	-0.253025	0.015049	5
0.151470	-0.270475	0.017495	6
0.161243	-0.287925	0.019102	7
0.171015	-0.305375	0.019486	8
0.180787	-0.322825	0.018332	9
0.190560	-0.340275	0.015524	10
0.200332	-0.357725	0.011325	11
0.210104	-0.375175	0.006606	12
0.219877	-0.392625	0.003119	13
0.229649	-0.410075	0.003829	14
0.239421	-0.427525	0.013267	15
0.249193	-0.444975	0.037860	16
0.258966	-0.462425	0.086160	17
0.268738	-0.479875	0.168802	18
0.278510	-0.497325	0.297971	19
0.288283	-0.514775	0.486041	20
0.298055	-0.532225	0.743146	21
0.307827	-0.549675	1.073683	22
0.317599	-0.567125	1.472520	23
0.327372	-0.584575	1.922806	24
0.337144	-0.602025	2.397921	25
0.346916	-0.619475	2.868488	26
0.356689	-0.636925	3.310226	27
0.366461	-0.654375	3.708137	28
0.376233	-0.671825	4.056865	29
0.386005	-0.689275	4.358885	30
0.395778	-0.706725	4.622089	31
0.405550	-0.724175	4.857673	32
0.415322	-0.741625	5.078668	33
0.425095	-0.759075	5.299138	34
0.434867	-0.776525	5.533934	35
0.444639	-0.793975	5.798873	36
0.454411	-0.811425	6.111236	37
0.464184	-0.828875	6.490520	38
0.473956	-0.846325	6.959399	39
0.483728	-0.863775	7.544879	40
66
0.116668	-0.174610	0.002136	1
0.127780	-0.191239	0.004191	2
0.138891	-0.207868	0.007074	3
0.150002	-0.224498	0.010497	4
0.161114	-0.241127	0.014195	5
0.172225	-0.257757	0.017733	6
0.183336	-0.274386	0.020552	7
0.194447	-0.291016	0.022050	8
0.205559	-0.307645	0.021703	9
0.216670	-0.324275	0.019227	10
0.227781	-0.340904	0.014800	11
0.238892	-0.357534	0.009342	12
0.250004	-0.374163	0.004838	13
0.261115	-0.390793	0.004667	14
0.272226	-0.407422	0.013895	15
0.283338	-0.424052	0.039428	16
0.294449	-0.440681	0.089913	17
0.305560	-0.457311	0.175255	18
0.316671	-0.473940	0.305626	19
0.327783	-0.490570	0.489911	20
0.338894	-0.507199	0.733715	21
0.350005	-0.523829	1.037315	22
0.361117	-0.540458	1.394220	23
0.372228	-0.557087	1.791168	24
0.383339	-0.573717	2.210119	25
0.394450	-0.590346	2.631872	26
0.405562	-0.606976	3.039876	27
0.416673	-0.623605	3.422783	28
0.427784	-0.640235	3.775341	29
0.438895	-0.656864	4.097994	30
0.450007	-0.673494	4.395828	31
0.461118	-0.690123	4.677378	32
0.472229	-0.706753	4.953628	33
0.483341	-0.723382	5.237340	34
0.494452	-0.740012	5.542731	35
0.505563	-0.756641	5.885473	36
0.516674	-0.773271	6.282940	37
0.527786	-0.789900	6.754658	38
0.538897	-0.806530	7.322891	39
0.550008	-0.823159	8.013274	40
67
0.130009	-0.164918	0.002104	1
0.142390	-0.180624	0.003331	2
0.154772	-0.196330	0.005974	3
0.167154	-0.212037	0.009734	4
0.179536	-0.227743	0.014176	5
0.191917	-0.243450	0.018689	6
0.204299	-0.259156	0.022540	7
0.216681	-0.274863	0.024952	8
0.229063	-0.290569	0.025234	9
0.241444	-0.306275	0.022973	10
0.253826	-0.321982	0.018291	11
0.266208	-0.337688	0.012157	12
0.278590	-0.353395	0.006735	13
0.290971	-0.369101	0.005703	14
0.303353	-0.384808	0.014478	15
0.315735	-0.400514	0.040244	16
0.328117	-0.416220	0.091657	17
0.340498	-0.431927	0.178151	18
0.352880	-0.447633	0.308786	19
0.365262	-0.463340	0.490740	20
0.377644	-0.479046	0.727667	21
0.390026	-0.494753	1.018333	22
0.402407	-0.510459	1.356025	23
0.414789	-0.526165	1.729117	24
0.427171	-0.541872	2.122852	25
0.439553	-0.557578	2.521932	26
0.451934	-0.573285	2.913093	27
0.464316	-0.588991	3.286974	28
0.476698	-0.604698	3.638977	29
0.489080	-0.620404	3.969222	30
0.501461	-0.636110	4.281949	31
0.513843	-0.651817	4.584714	32
0.526225	-0.667523	4.887620	33
0.538607	-0.683230	5.202760	34
0.550988	-0.698936	5.543899	35
0.563370	-0.714643	5.926417	36
0.575752	-0.730349	6.367445	37
0.588134	-0.746055	6.886173	38
0.600515	-0.761762	7.504220	39
0.612897	-0.777468	8.246013	40
68
0.142547	-0.154209	0.002110	1
0.156123	-0.168895	0.003394	2
0.169699	-0.183582	0.006198	3
0.183275	-0.198268	0.010236	4
0.196851	-0.212955	0.015063	5
0.210427	-0.227642	0.020038	6
0.224002	-0.242328	0.024386	7
0.237578	-0.257015	0.027275	8
0.251154	-0.271701	0.027955	9
0.264730	-0.286388	0.025953	10
0.278306	-0.301074	0.021341	11
0.291882	-0.315761	0.015062	12
0.305458	-0.330447	0.009283	13
0.319034	-0.345134	0.007723	14
0.332610	-0.359820	0.015881	15
0.346186	-0.374507	0.041043	16
0.359762	-0.389194	0.091981	17
0.373337	-0.403880	0.178221	18
0.386913	-0.418567	0.308877	19
0.400489	-0.433253	0.491118	20
0.414065	-0.447940	0.728532	21
0.427641	-0.462626	1.019782	22
0.441217	-0.477313	1.358043	23
0.454793	-0.491999	1.731594	24
0.468369	-0.506686	2.125619	25
0.481945	-0.521372	2.524788	26
0.495521	-0.536059	2.915835	27
0.509097	-0.550746	3.289424	28
0.522672	-0.565432	3.641002	29
0.536248	-0.580119	3.970751	30
0.549824	-0.594805	4.282983	31
0.563400	-0.609492	4.585316	32
0.576976	-0.624178	4.887906	33
0.590552	-0.638865	5.202878	34
0.604128	-0.653551	5.544008	35
0.617704	-0.668238	5.926664	36
0.631280	-0.682925	6.367954	37
0.644856	-0.697611	6.887028	38
0.658432	-0.712298	7.505457	39
0.672007	-0.726984	8.247606	40
69
0.154207	-0.142549	0.002151	1
0.168893	-0.156125	0.004351	2
0.183579	-0.169701	0.007645	3
0.198266	-0.183278	0.011790	4
0.212952	-0.196854	0.016499	5
0.227638	-0.210430	0.021274	6
0.242325	-0.224006	0.025453	7
0.257011	-0.237582	0.028300	8
0.271698	-0.251158	0.029130	9
0.286384	-0.264734	0.027494	10
0.301070	-0.278310	0.023418	11
0.315757	-0.291887	0.017720	12
0.330443	-0.305463	0.012359	13
0.345129	-0.319039	0.010794	14
0.359816	-0.332615	0.018285	15
0.374502	-0.346191	0.042031	16
0.389188	-0.359767	0.091027	17
0.403875	-0.373343	0.175505	18
0.418561	-0.386919	0.305852	19
0.433247	-0.400495	0.490988	20
0.447934	-0.414072	0.736349	21
0.462620	-0.427648	1.041886	22
0.477307	-0.441224	1.400729	23
0.491993	-0.454800	1.799290	24
0.506679	-0.468376	2.219312	25
0.521366	-0.481952	2.641480	26
0.536052	-0.495528	3.049217	27
0.550738	-0.509104	3.431239	28
0.565425	-0.522681	3.782436	29
0.580111	-0.536257	4.103463	30
0.594797	-0.549833	4.399636	31
0.609484	-0.563409	4.679713	32
0.624170	-0.576985	4.954850	33
0.638856	-0.590561	5.237918	34
0.653543	-0.604137	5.543173	35
0.668229	-0.617713	5.886256	36
0.682915	-0.631290	6.284461	37
0.697602	-0.644866	6.757196	38
0.712288	-0.658442	7.326570	39
0.726975	-0.672018	8.018038	40
70
0.164916	-0.130011	0.002152	1
0.180622	-0.142393	0.005656	2
0.196328	-0.154775	0.009545	3
0.212034	-0.167157	0.013605	4
0.227741	-0.179539	0.017780	5
0.243447	-0.191921	0.021798	6
0.259153	-0.204303	0.025219	7
0.274859	-0.216685	0.027515	8
0.290566	-0.229067	0.028184	9
0.306272	-0.241449	0.026885	10
0.321978	-0.253831	0.023648	11
0.337684	-0.266213	0.019126	12
0.353391	-0.278595	0.014932	13
0.369097	-0.290977	0.014015	14
0.384803	-0.303359	0.021066	15
0.400509	-0.315741	0.042881	16
0.416216	-0.328123	0.088565	17
0.431922	-0.340505	0.169402	18
0.447628	-0.352887	0.298154	19
0.463334	-0.365269	0.487503	20
0.479041	-0.377651	0.747460	21
0.494747	-0.390033	1.081859	22
0.510453	-0.402415	1.484768	23
0.526159	-0.414797	1.938602	24
0.541866	-0.427179	2.416264	25
0.557572	-0.439561	2.888092	26
0.573278	-0.451943	3.329679	27
0.588985	-0.464325	3.726089	28
0.604691	-0.476706	4.072237	29
0.620397	-0.489088	4.371028	30
0.636103	-0.501470	4.630850	31
0.651810	-0.513852	4.863357	32
0.667516	-0.526234	5.081935	33
0.683222	-0.538616	5.300866	34
0.698928	-0.550998	5.535075	35
0.714635	-0.563380	5.800327	36
0.730341	-0.575762	6.113755	37
0.746047	-0.588144	6.494637	38
0.761753	-0.600526	6.965384	39
0.777460	-0.612908	7.552701	40
71
0.174608	-0.116671	0.001994	1
0.191237	-0.127782	0.006478	2
0.207866	-0.138894	0.010786	3
0.224496	-0.150005	0.014654	4
0.241125	-0.161117	0.018151	5
0.257754	-0.172228	0.021191	6
0.274384	-0.183340	0.023553	7
0.291013	-0.194452	0.024946	8
0.307642	-0.205563	0.025095	9
0.324272	-0.216675	0.023839	10
0.340901	-0.227786	0.021281	11
0.357530	-0.238898	0.017980	12
0.374160	-0.250009	0.015221	13
0.390789	-0.261121	0.015367	14
0.407418	-0.272232	0.022322	15
0.424048	-0.283344	0.042091	16
0.440677	-0.294455	0.083417	17
0.457306	-0.305567	0.158365	18
0.473936	-0.316678	0.282553	19
0.490565	-0.327790	0.474458	20
0.507194	-0.338901	0.752855	21
0.523824	-0.350013	1.131298	22
0.540453	-0.361124	1.609343	23
0.557082	-0.372236	2.163302	24
0.573711	-0.383347	2.745080	25
0.590341	-0.394459	3.300299	26
0.606970	-0.405570	3.789908	27
0.623599	-0.416682	4.196214	28
0.640229	-0.427793	4.519055	29
0.656858	-0.438905	4.769146	30
0.673487	-0.450016	4.962358	31
0.690117	-0.461128	5.115996	32
0.706746	-0.472239	5.246909	33
0.723375	-0.483351	5.370883	34
0.740005	-0.494462	5.502839	35
0.756634	-0.505574	5.657513	36
0.773263	-0.516685	5.850422	37
0.789893	-0.527797	6.099080	38
0.806522	-0.538909	6.424459	39
0.823151	-0.550020	6.852774	40
72
0.183223	-0.102612	0.001580	1
0.200673	-0.112384	0.006124	2
0.218123	-0.122157	0.010479	3
0.235573	-0.131929	0.014192	4
0.253023	-0.141702	0.017252	5
0.270473	-0.151474	0.019617	6
0.287923	-0.161247	0.021180	7
0.305372	-0.171019	0.021796	8
0.322822	-0.180792	0.021339	9
0.340272	-0.190564	0.019783	10
0.357722	-0.200337	0.017305	11
0.375172	-0.210110	0.014435	12
0.392622	-0.219882	0.012260	13
0.410072	-0.229655	0.012714	14
0.427521	-0.239427	0.018993	15
0.444971	-0.249200	0.036170	16
0.462421	-0.258972	0.072088	17
0.479871	-0.268745	0.138634	18
0.497321	-0.278517	0.253397	19
0.514771	-0.288290	0.441294	20
0.532221	-0.298062	0.734781	21
0.549670	-0.307835	1.169065	22
0.567120	-0.317607	1.765877	23
0.584570	-0.327380	2.500208	24
0.602020	-0.337153	3.266354	25
0.619470	-0.346925	3.943783	26
0.636920	-0.356698	4.474612	27
0.654370	-0.366470	4.853821	28
0.671819	-0.376243	5.103795	29
0.689269	-0.386015	5.255521	30
0.706719	-0.395788	5.338795	31
0.724169	-0.405560	5.378553	32
0.741619	-0.415333	5.394416	33
0.759069	-0.425105	5.401653	34
0.776519	-0.434878	5.412611	35
0.793968	-0.444650	5.438239	36
0.811418	-0.454423	5.489608	37
0.828868	-0.464196	5.579480	38
0.846318	-0.473968	5.724077	39
0.863768	-0.483741	5.945257	40
73
0.190710	-0.087920	0.000934	1
0.208872	-0.096293	0.004516	2
0.227035	-0.104666	0.008510	3
0.245198	-0.113040	0.012238	4
0.263361	-0.121413	0.015491	5
0.281524	-0.129786	0.018157	6
0.299686	-0.138160	0.020099	7
0.317849	-0.146533	0.021142	8
0.336012	-0.154906	0.021108	9
0.354175	-0.163280	0.019878	10
0.372338	-0.171653	0.017485	11
0.390500	-0.180026	0.014250	12
0.408663	-0.188399	0.010965	13
0.426826	-0.196773	0.009170	14
0.444989	-0.205146	0.011540	15
0.463152	-0.213519	0.022467	16
0.481314	-0.221893	0.048965	17
0.499477	-0.230266	0.102155	18
0.517640	-0.238639	0.199812	19
0.535803	-0.247013	0.370750	20
0.553966	-0.255386	0.661714	21
0.572129	-0.263759	1.145047	22
0.590291	-0.272133	1.913805	23
0.608454	-0.280506	3.009835	24
0.626617	-0.288879	4.121370	25
0.644780	-0.297252	4.921165	26
0.662943	-0.305626	5.397527	27
0.681105	-0.313999	5.631604	28
0.699268	-0.322372	5.707643	29
0.717431	-0.330746	5.689476	30
0.735594	-0.339119	5.619761	31
0.753757	-0.347492	5.524945	32
0.771919	-0.355866	5.420494	33
0.790082	-0.364239	5.315036	34
0.808245	-0.372612	5.213372	35
0.826408	-0.380986	5.118658	36
0.844571	-0.389359	5.034097	37
0.862734	-0.397732	4.964438	38
0.880896	-0.406106	4.917569	39
0.899059	-0.414479	4.906484	40
74
0.197020	-0.072686	0.000305	1
0.215784	-0.079608	0.002383	2
0.234547	-0.086531	0.005664	3
0.253311	-0.093453	0.009628	4
0.272075	-0.100376	0.014059	5
0.290839	-0.107298	0.018789	6
0.309602	-0.114221	0.023580	7
0.328366	-0.121143	0.028103	8
0.347130	-0.128065	0.031951	9
0.365894	-0.134988	0.034664	10
0.384658	-0.141910	0.035782	11
0.403421	-0.148833	0.034932	12
0.422185	-0.155755	0.031981	13
0.440949	-0.162678	0.027298	14
0.459713	-0.169600	0.022181	15
0.478476	-0.176523	0.019539	16
0.497240	-0.183445	0.024988	17
0.516004	-0.190368	0.048602	18
0.534768	-0.197290	0.107894	19
0.553532	-0.204212	0.233347	20
0.572295	-0.211135	0.479927	21
0.591059	-0.218057	0.954060	22
0.609823	-0.224980	1.887141	23
0.628587	-0.231902	3.886558	24
0.647351	-0.238825	5.647060	25
0.666114	-0.245747	6.234101	26
0.684878	-0.252670	6.314648	27
0.703642	-0.259592	6.190039	28
0.722406	-0.266515	5.991329	29
0.741169	-0.273437	5.776672	30
0.759933	-0.280359	5.569996	31
0.778697	-0.287282	5.378366	32
0.797461	-0.294204	5.200560	33
0.816225	-0.301127	5.031482	34
0.834988	-0.308049	4.864522	35
0.853752	-0.314972	4.692914	36
0.872516	-0.321894	4.510676	37
0.891280	-0.328817	4.313481	38
0.910044	-0.335739	4.099698	39
0.928807	-0.342662	3.871841	40
75
0.202115	-0.057004	0.000029	1
0.221364	-0.062433	0.000703	2
0.240613	-0.067862	0.003031	3
0.259862	-0.073290	0.007619	4
0.279112	-0.078719	0.014656	5
0.298361	-0.084148	0.024047	6
0.317610	-0.089577	0.035546	7
0.336859	-0.095006	0.048814	8
0.356108	-0.100435	0.063401	9
0.375357	-0.105864	0.078709	10
0.394606	-0.111293	0.093946	11
0.413855	-0.116722	0.108083	12
0.433104	-0.122151	0.119829	13
0.452353	-0.127580	0.127647	14
0.471602	-0.133009	0.129868	15
0.490851	-0.138438	0.125014	16
0.510100	-0.143866	0.112518	17
0.529349	-0.149295	0.094231	18
0.548599	-0.154724	0.077413	19
0.567848	-0.160153	0.081066	20
0.587097	-0.165582	0.151702	21
0.606346	-0.171011	0.412849	22
0.625595	-0.176440	1.249990	23
0.644844	-0.181869	5.951276	24
0.664093	-0.187298	7.526392	25
0.683342	-0.192727	6.654698	26
0.702591	-0.198156	6.201202	27
0.721840	-0.203585	5.837265	28
0.741089	-0.209014	5.531059	29
0.760338	-0.214442	5.277711	30
0.779587	-0.219871	5.068597	31
0.798837	-0.225300	4.891322	32
0.818086	-0.230729	4.731924	33
0.837335	-0.236158	4.576179	34
0.856584	-0.241587	4.410184	35
0.875833	-0.247016	4.220662	36
0.895082	-0.252445	3.995253	37
0.914331	-0.257874	3.723044	38
0.933580	-0.263303	3.395542	39
0.952829	-0.268732	3.008388	40
76
0.676741	-0.134616	15.108096	25
0.696357	-0.138518	9.647275	26
0.715972	-0.142420	7.180379	27
0.735588	-0.146322	5.952674	28
0.755204	-0.150224	5.279440	29
0.774819	-0.154126	4.879914	30
0.794435	-0.158028	4.626113	31
0.814051	-0.161930	4.450633	32
0.833667	-0.165832	4.312011	33
0.853282	-0.169734	4.180898	34
0.872898	-0.173635	4.034048	35
0.892514	-0.177537	3.851555	36
0.912129	-0.181439	3.615704	37
0.931745	-0.185341	3.310951	38
0.951361	-0.189243	2.925078	39
0.970976	-0.193145	2.451990	40
77
0.685217	-0.081105	19.580571	25
0.705078	-0.083455	12.282868	26
0.724939	-0.085806	8.579860	27
0.744801	-0.088157	6.632887	28
0.764662	-0.090508	5.562022	29
0.784524	-0.092859	4.948825	30
0.804385	-0.095210	4.583855	31
0.824246	-0.097561	4.353703	32
0.844108	-0.099912	4.190973	33
0.863969	-0.102262	4.051367	34
0.883830	-0.104613	3.902650	35
0.903692	-0.106964	3.719159	36
0.923553	-0.109315	3.479220	37
0.943414	-0.111666	3.164460	38
0.963276	-0.114017	2.760892	39
0.983137	-0.116368	2.262287	40
78
0.689468	-0.027093	14.668147	25
0.709452	-0.027878	9.537564	26
0.729437	-0.028664	7.240087	27
0.749422	-0.029449	6.072796	28
0.769406	-0.030234	5.403736	29
0.789391	-0.031020	4.984986	30
0.809375	-0.031805	4.705692	31
0.829360	-0.032590	4.506256	32
0.849345	-0.033375	4.348133	33
0.869329	-0.034161	4.202518	34
0.889314	-0.034946	4.045659	35
0.909298	-0.035731	3.856739	36
0.929283	-0.036517	3.617040	37
0.949267	-0.037302	3.310067	38
0.969252	-0.038087	2.922794	39
0.989237	-0.038873	2.448575	40
79
0.209838	0.008243	0.000020	1
0.229823	0.009029	0.001013	2
0.249807	0.009814	0.004882	3
0.269792	0.010599	0.012801	4
0.289776	0.011384	0.025058	5
0.309761	0.012169	0.041382	6
0.329746	0.012954	0.061304	7
0.349730	0.013739	0.084313	8
0.369715	0.014524	0.109889	9
0.389699	0.015309	0.137458	10
0.409684	0.016094	0.166335	11
0.429669	0.016879	0.195635	12
0.449653	0.017665	0.224163	13
0.469638	0.018450	0.250257	14
0.489622	0.019235	0.271559	15
0.509607	0.020020	0.284702	16
0.529591	0.020805	0.284988	17
0.549576	0.021590	0.266465	18
0.569561	0.022375	0.224105	19
0.589545	0.023160	0.164065	20
0.609530	0.023945	0.142387	21
0.629514	0.024730	0.399671	22
0.649499	0.025515	1.816233	23
0.669484	0.026301	6.863725	24
0.689468	0.027086	8.232808	25
0.709453	0.027871	7.168117	26
0.729437	0.028656	6.572901	27
0.749422	0.029441	6.106470	28
0.769407	0.030226	5.724530	29
0.789391	0.031011	5.414344	30
0.809376	0.031796	5.162547	31
0.829360	0.032581	4.953649	32
0.849345	0.033366	4.771412	33
0.869329	0.034152	4.599738	34
0.889314	0.034937	4.423096	35
0.909299	0.035722	4.226747	36
0.929283	0.036507	3.997034	37
0.949268	0.037292	3.721925	38
0.969252	0.038077	3.392035	39
0.989237	0.038862	3.002450	40
80
