time = 25.0001	Re = 0.1	40	80
0
0.208544	0.024683	0.000430	1
0.228406	0.027034	0.000397	2
0.248267	0.029384	0.001415	3
0.268128	0.031735	0.003815	4
0.287990	0.034086	0.007985	5
0.307851	0.036437	0.014365	6
0.327713	0.038787	0.023431	7
0.347574	0.041138	0.035691	8
0.367435	0.043489	0.051679	9
0.387297	0.045840	0.071946	10
0.407158	0.048190	0.097052	11
0.427019	0.050541	0.127559	12
0.446881	0.052892	0.164021	13
0.466742	0.055243	0.206981	14
0.486604	0.057593	0.256962	15
0.506465	0.059944	0.314467	16
0.526326	0.062295	0.379974	17
0.546188	0.064646	0.453942	18
0.566049	0.066996	0.536819	19
0.585910	0.069347	0.629047	20
0.605772	0.071698	0.731085	21
0.625633	0.074048	0.843417	22
0.645495	0.076399	0.966582	23
0.665356	0.078750	1.101190	24
0.685217	0.081101	1.247948	25
0.705079	0.083451	1.407681	26
0.724940	0.085802	1.581357	27
0.744801	0.088153	1.770101	28
0.764663	0.090504	1.975216	29
0.784524	0.092854	2.198191	30
0.804385	0.095205	2.440711	31
0.824247	0.097556	2.704660	32
0.844108	0.099907	2.992115	33
0.863970	0.102257	3.305342	34
0.883831	0.104608	3.646782	35
0.903692	0.106959	4.019032	36
0.923554	0.109310	4.424821	37
0.943415	0.111660	4.866982	38
0.963276	0.114011	5.348420	39
0.983138	0.116362	5.872070	40
1
0.205965	0.040969	0.000547	1
0.225581	0.044871	0.000554	2
0.245196	0.048773	0.001610	3
0.264812	0.052674	0.004027	4
0.284428	0.056576	0.008221	5
0.304043	0.060478	0.014670	6
0.323659	0.064380	0.023902	7
0.343275	0.068282	0.036484	8
0.362891	0.072183	0.053009	9
0.382506	0.076085	0.074090	10
0.402122	0.079987	0.100341	11
0.421738	0.083889	0.132373	12
0.441353	0.087791	0.170774	13
0.460969	0.091692	0.216102	14
0.480585	0.095594	0.268873	15
0.500201	0.099496	0.329554	16
0.519816	0.103398	0.398558	17
0.539432	0.107300	0.476246	18
0.559048	0.111201	0.562936	19
0.578663	0.115103	0.658913	20
0.598279	0.119005	0.764453	21
0.617895	0.122907	0.879843	22
0.637510	0.126809	1.005416	23
0.657126	0.130710	1.141580	24
0.676742	0.134612	1.288857	25
0.696358	0.138514	1.447913	26
0.715973	0.142416	1.619591	27
0.735589	0.146318	1.804939	28
0.755205	0.150219	2.005236	29
0.774820	0.154121	2.222003	30
0.794436	0.158023	2.457022	31
0.814052	0.161925	2.712331	32
0.833668	0.165827	2.990229	33
0.853283	0.169728	3.293264	34
0.872899	0.173630	3.624216	35
0.892515	0.177532	3.986077	36
0.912130	0.181434	4.382021	37
0.931746	0.185336	4.815368	38
0.951362	0.189237	5.289544	39
0.970977	0.193139	5.808026	40
2
0.202116	0.057002	0.000692	1
0.221365	0.062431	0.000723	2
0.240614	0.067860	0.001783	3
0.259863	0.073289	0.004165	4
0.279112	0.078718	0.008307	5
0.298361	0.084146	0.014735	6
0.317610	0.089575	0.024037	7
0.336859	0.095004	0.036852	8
0.356108	0.100433	0.053854	9
0.375358	0.105862	0.075741	10
0.394607	0.111290	0.103215	11
0.413856	0.116719	0.136963	12
0.433105	0.122148	0.177643	13
0.452354	0.127577	0.225855	14
0.471603	0.133006	0.282132	15
0.490852	0.138435	0.346917	16
0.510101	0.143863	0.420555	17
0.529350	0.149292	0.503295	18
0.548600	0.154721	0.595285	19
0.567849	0.160150	0.696601	20
0.587098	0.165579	0.807260	21
0.606347	0.171007	0.927267	22
0.625596	0.176436	1.056653	23
0.644845	0.181865	1.195525	24
0.664094	0.187294	1.344123	25
0.683343	0.192723	1.502865	26
0.702592	0.198151	1.672402	27
0.721841	0.203580	1.853653	28
0.741091	0.209009	2.047841	29
0.760340	0.214438	2.256517	30
0.779589	0.219867	2.481572	31
0.798838	0.225295	2.725244	32
0.818087	0.230724	2.990113	33
0.837336	0.236153	3.279091	34
0.856585	0.241582	3.595403	35
0.875834	0.247011	3.942559	36
0.895083	0.252439	4.324322	37
0.914333	0.257868	4.744662	38
0.933582	0.263297	5.207709	39
0.952831	0.268726	5.717682	40
3
0.197020	0.072685	0.000863	1
0.215784	0.079607	0.000878	2
0.234548	0.086529	0.001888	3
0.253312	0.093452	0.004161	4
0.272076	0.100374	0.008156	5
0.290839	0.107296	0.014445	6
0.309603	0.114219	0.023681	7
0.328367	0.121141	0.036588	8
0.347131	0.128063	0.053942	9
0.365895	0.134986	0.076555	10
0.384658	0.141908	0.105253	11
0.403422	0.148830	0.140850	12
0.422186	0.155753	0.184116	13
0.440950	0.162675	0.235748	14
0.459714	0.169597	0.296338	15
0.478478	0.176520	0.366338	16
0.497241	0.183442	0.446044	17
0.516005	0.190364	0.535576	18
0.534769	0.197287	0.634881	19
0.553533	0.204209	0.743750	20
0.572297	0.211131	0.861849	21
0.591061	0.218054	0.988769	22
0.609824	0.224976	1.124098	23
0.628588	0.231898	1.267493	24
0.647352	0.238821	1.418760	25
0.666116	0.245743	1.577942	26
0.684880	0.252665	1.745383	27
0.703644	0.259588	1.921796	28
0.722407	0.266510	2.108305	29
0.741171	0.273432	2.306479	30
0.759935	0.280355	2.518347	31
0.778699	0.287277	2.746402	32
0.797463	0.294199	2.993591	33
0.816227	0.301122	3.263303	34
0.834990	0.308044	3.559343	35
0.853754	0.314966	3.885900	36
0.872518	0.321889	4.247509	37
0.891282	0.328811	4.649001	38
0.910046	0.335733	5.095444	39
0.928810	0.342656	5.592063	40
4
0.190710	0.087918	0.001048	1
0.208873	0.096292	0.000987	2
0.227036	0.104665	0.001872	3
0.245199	0.113038	0.003947	4
0.263362	0.121411	0.007684	5
0.281524	0.129784	0.013693	6
0.299687	0.138158	0.022693	7
0.317850	0.146531	0.035496	8
0.336013	0.154904	0.052997	9
0.354176	0.163277	0.076153	10
0.372339	0.171650	0.105960	11
0.390502	0.180024	0.143414	12
0.408664	0.188397	0.189475	13
0.426827	0.196770	0.245012	14
0.444990	0.205143	0.310755	15
0.463153	0.213516	0.387237	16
0.481316	0.221889	0.474748	17
0.499479	0.230263	0.573299	18
0.517642	0.238636	0.682603	19
0.535805	0.247009	0.802087	20
0.553967	0.255382	0.930931	21
0.572130	0.263755	1.068139	22
0.590293	0.272129	1.212635	23
0.608456	0.280502	1.363393	24
0.626619	0.288875	1.519556	25
0.644782	0.297248	1.680577	26
0.662945	0.305621	1.846325	27
0.681107	0.313995	2.017184	28
0.699270	0.322368	2.194115	29
0.717433	0.330741	2.378699	30
0.735596	0.339114	2.573145	31
0.753759	0.347487	2.780291	32
0.771922	0.355860	3.003579	33
0.790085	0.364234	3.247028	34
0.808248	0.372607	3.515202	35
0.826410	0.380980	3.813174	36
0.844573	0.389353	4.146480	37
0.862736	0.397726	4.521069	38
0.880899	0.406100	4.943245	39
0.899062	0.414473	5.419580	40
5
0.183224	0.102610	0.001233	1
0.200674	0.112383	0.001024	2
0.218124	0.122155	0.001702	3
0.235574	0.131928	0.003484	4
0.253024	0.141700	0.006846	5
0.270474	0.151472	0.012425	6
0.287924	0.161245	0.020991	7
0.305374	0.171017	0.033444	8
0.322824	0.180790	0.050804	9
0.340274	0.190562	0.074195	10
0.357723	0.200335	0.104828	11
0.375173	0.210107	0.143953	12
0.392623	0.219879	0.192812	13
0.410073	0.229652	0.252568	14
0.427523	0.239424	0.324216	15
0.444973	0.249197	0.408500	16
0.462423	0.258969	0.505815	17
0.479873	0.268741	0.616128	18
0.497323	0.278514	0.738926	19
0.514773	0.288286	0.873197	20
0.532223	0.298059	1.017469	21
0.549673	0.307831	1.169901	22
0.567123	0.317604	1.328435	23
0.584572	0.327376	1.490988	24
0.602022	0.337148	1.655669	25
0.619472	0.346921	1.820997	26
0.636922	0.356693	1.986091	27
0.654372	0.366466	2.150818	28
0.671822	0.376238	2.315889	29
0.689272	0.386010	2.482900	30
0.706722	0.395783	2.654331	31
0.724172	0.405555	2.833512	32
0.741622	0.415328	3.024575	33
0.759072	0.425100	3.232397	34
0.776522	0.434873	3.462543	35
0.793972	0.444645	3.721225	36
0.811421	0.454417	4.015253	37
0.828871	0.464190	4.352000	38
0.846321	0.473962	4.739350	39
0.863771	0.483735	5.185632	40
6
0.174609	0.116670	0.001398	1
0.191238	0.127781	0.000996	2
0.207867	0.138892	0.001398	3
0.224497	0.150004	0.002802	4
0.241126	0.161115	0.005680	5
0.257756	0.172227	0.010682	6
0.274385	0.183338	0.018614	7
0.291014	0.194449	0.030443	8
0.307644	0.205561	0.047300	9
0.324273	0.216672	0.070486	10
0.340903	0.227784	0.101458	11
0.357532	0.238895	0.141791	12
0.374161	0.250006	0.193122	13
0.390791	0.261118	0.257060	14
0.407420	0.272229	0.335068	15
0.424050	0.283341	0.428317	16
0.440679	0.294452	0.537524	17
0.457308	0.305563	0.662792	18
0.473938	0.316675	0.803476	19
0.490567	0.327786	0.958096	20
0.507197	0.338898	1.124347	21
0.523826	0.350009	1.299197	22
0.540455	0.361120	1.479110	23
0.557085	0.372232	1.660359	24
0.573714	0.383343	1.839398	25
0.590344	0.394455	2.013244	26
0.606973	0.405566	2.179812	27
0.623602	0.416677	2.338158	28
0.640232	0.427789	2.488623	29
0.656861	0.438900	2.632866	30
0.673491	0.450012	2.773815	31
0.690120	0.461123	2.915570	32
0.706749	0.472234	3.063276	33
0.723379	0.483346	3.223007	34
0.740008	0.494457	3.401666	35
0.756638	0.505569	3.606920	36
0.773267	0.516680	3.847168	37
0.789896	0.527791	4.131522	38
0.806526	0.538903	4.469814	39
0.823155	0.550014	4.872572	40
7
0.164917	0.130010	0.001531	1
0.180623	0.142392	0.000959	2
0.196329	0.154773	0.001066	3
0.212036	0.167155	0.002035	4
0.227742	0.179537	0.004343	5
0.243448	0.191919	0.008648	6
0.259155	0.204301	0.015768	7
0.274861	0.216683	0.026703	8
0.290567	0.229065	0.042667	9
0.306274	0.241446	0.065110	10
0.321980	0.253828	0.095735	11
0.337686	0.266210	0.136486	12
0.353393	0.278592	0.189501	13
0.369099	0.290974	0.257018	14
0.384805	0.303356	0.341231	15
0.400512	0.315738	0.444079	16
0.416218	0.328120	0.566987	17
0.431925	0.340501	0.710572	18
0.447631	0.352883	0.874345	19
0.463337	0.365265	1.056483	20
0.479044	0.377647	1.253707	21
0.494750	0.390029	1.461359	22
0.510456	0.402411	1.673689	23
0.526163	0.414793	1.884366	24
0.541869	0.427175	2.087139	25
0.557575	0.439556	2.276542	26
0.573282	0.451938	2.448511	27
0.588988	0.464320	2.600826	28
0.604694	0.476702	2.733319	29
0.620401	0.489084	2.847865	30
0.636107	0.501466	2.948221	31
0.651813	0.513848	3.039766	32
0.667520	0.526229	3.129219	33
0.683226	0.538611	3.224390	34
0.698932	0.550993	3.334000	35
0.714639	0.563375	3.467568	36
0.730345	0.575757	3.635397	37
0.746051	0.588139	3.848623	38
0.761758	0.600521	4.119311	39
0.777464	0.612903	4.460573	40
8
0.154208	0.142548	0.001627	1
0.168894	0.156124	0.001038	2
0.183581	0.169700	0.000913	3
0.198267	0.183276	0.001436	4
0.212954	0.196852	0.003122	5
0.227640	0.210428	0.006645	6
0.242327	0.224004	0.012823	7
0.257013	0.237580	0.022652	8
0.271699	0.251156	0.037370	9
0.286386	0.264732	0.058515	10
0.301072	0.278308	0.087985	11
0.315759	0.291884	0.128073	12
0.330445	0.305460	0.181466	13
0.345132	0.319036	0.251194	14
0.359818	0.332612	0.340478	15
0.374505	0.346188	0.452488	16
0.389191	0.359764	0.589966	17
0.403878	0.373340	0.754741	18
0.418564	0.386916	0.947162	19
0.433251	0.400492	1.165537	20
0.447937	0.414068	1.405716	21
0.462623	0.427644	1.660956	22
0.477310	0.441220	1.922229	23
0.491996	0.454796	2.179021	24
0.506683	0.468372	2.420535	25
0.521369	0.481948	2.637063	26
0.536056	0.495524	2.821221	27
0.550742	0.509100	2.968765	28
0.565429	0.522676	3.078907	29
0.580115	0.536252	3.154171	30
0.594802	0.549828	3.199933	31
0.609488	0.563404	3.223818	32
0.624174	0.576980	3.235106	33
0.638861	0.590556	3.244221	34
0.653547	0.604132	3.262390	35
0.668234	0.617708	3.301473	36
0.682920	0.631284	3.373960	37
0.697607	0.644860	3.493134	38
0.712293	0.658436	3.673351	39
0.726980	0.672012	3.930408	40
9
0.142548	0.154208	0.001697	1
0.156124	0.168894	0.001396	2
0.169700	0.183581	0.001199	3
0.183276	0.198267	0.001320	4
0.196852	0.212953	0.002365	5
0.210428	0.227640	0.005059	6
0.224004	0.242326	0.010220	7
0.237580	0.257013	0.018818	8
0.251156	0.271699	0.032055	9
0.264732	0.286386	0.051462	10
0.278309	0.301072	0.079017	11
0.291885	0.315758	0.117248	12
0.305461	0.330445	0.169324	13
0.319037	0.345131	0.239100	14
0.332613	0.359818	0.331054	15
0.346189	0.374504	0.450082	16
0.359765	0.389191	0.601073	17
0.373341	0.403877	0.788213	18
0.386917	0.418564	1.014023	19
0.400493	0.433250	1.278206	20
0.414069	0.447936	1.576503	21
0.427645	0.462623	1.899921	22
0.441221	0.477309	2.234739	23
0.454797	0.491996	2.563624	24
0.468373	0.506682	2.867870	25
0.481949	0.521369	3.130253	26
0.495525	0.536055	3.337648	27
0.509101	0.550742	3.482648	28
0.522677	0.565428	3.563983	29
0.536253	0.580114	3.585926	30
0.549829	0.594801	3.557132	31
0.563405	0.609487	3.489303	32
0.576981	0.624174	3.395971	33
0.590557	0.638860	3.291564	34
0.604133	0.653547	3.190805	35
0.617709	0.668233	3.108458	36
0.631285	0.682919	3.059372	37
0.644861	0.697606	3.058798	38
0.658437	0.712292	3.122959	39
0.672013	0.726979	3.269808	40
10
0.130010	0.164916	0.001758	1
0.142392	0.180623	0.002152	2
0.154774	0.196329	0.002119	3
0.167156	0.212035	0.001928	4
0.179537	0.227742	0.002338	5
0.191919	0.243448	0.004167	6
0.204301	0.259154	0.008267	7
0.216683	0.274861	0.015580	8
0.229065	0.290567	0.027238	9
0.241447	0.306273	0.044685	10
0.253829	0.321980	0.069829	11
0.266211	0.337686	0.105230	12
0.278593	0.353392	0.154299	13
0.290974	0.369099	0.221515	14
0.303356	0.384805	0.312570	15
0.315738	0.400511	0.434382	16
0.328120	0.416218	0.594819	17
0.340502	0.431924	0.801972	18
0.352884	0.447630	1.062812	19
0.365266	0.463337	1.381139	20
0.377648	0.479043	1.755017	21
0.390030	0.494749	2.174249	22
0.402411	0.510456	2.618970	23
0.414793	0.526162	3.060620	24
0.427175	0.541868	3.466073	25
0.439557	0.557575	3.804072	26
0.451939	0.573281	4.051311	27
0.464321	0.588987	4.195749	28
0.476703	0.604694	4.236777	29
0.489085	0.620400	4.183230	30
0.501467	0.636106	4.050485	31
0.513848	0.651813	3.857635	32
0.526230	0.667519	3.625214	33
0.538612	0.683225	3.373660	34
0.550994	0.698932	3.122451	35
0.563376	0.714638	2.889819	36
0.575758	0.730344	2.692912	37
0.588140	0.746051	2.548337	38
0.600522	0.761757	2.473056	39
0.612904	0.777463	2.485643	40
11
0.116670	0.174609	0.001810	1
0.127781	0.191238	0.003252	2
0.138893	0.207867	0.003617	3
0.150004	0.224497	0.003235	4
0.161116	0.241126	0.003033	5
0.172227	0.257755	0.003950	6
0.183338	0.274385	0.006900	7
0.194450	0.291014	0.012836	8
0.205561	0.307644	0.022843	9
0.216673	0.324273	0.038259	10
0.227784	0.340902	0.060834	11
0.238895	0.357532	0.092950	12
0.250007	0.374161	0.137917	13
0.261118	0.390791	0.200361	14
0.272230	0.407420	0.286675	15
0.283341	0.424049	0.405475	16
0.294453	0.440679	0.567872	17
0.305564	0.457308	0.787260	18
0.316675	0.473937	1.078113	19
0.327787	0.490567	1.453219	20
0.338898	0.507196	1.918902	21
0.350010	0.523826	2.468574	22
0.361121	0.540455	3.076487	23
0.372233	0.557084	3.695681	24
0.383344	0.573714	4.264792	25
0.394455	0.590343	4.724325	26
0.405567	0.606972	5.032687	27
0.416678	0.623602	5.172625	28
0.427790	0.640231	5.148968	29
0.438901	0.656861	4.982126	30
0.450012	0.673490	4.701090	31
0.461124	0.690119	4.337860	32
0.472235	0.706749	3.923781	33
0.483347	0.723378	3.487571	34
0.494458	0.740008	3.054552	35
0.505570	0.756637	2.646666	36
0.516681	0.773266	2.282964	37
0.527792	0.789896	1.980424	38
0.538904	0.806525	1.755093	39
0.550015	0.823154	1.623660	40
12
0.102611	0.183224	0.001804	1
0.112383	0.200674	0.004353	2
0.122156	0.218124	0.005254	3
0.131928	0.235574	0.004831	4
0.141700	0.253024	0.004088	5
0.151473	0.270474	0.004034	6
0.161245	0.287924	0.005643	7
0.171018	0.305373	0.009908	8
0.180790	0.322823	0.017932	9
0.190563	0.340273	0.031025	10
0.200335	0.357723	0.050833	11
0.210107	0.375173	0.079533	12
0.219880	0.392623	0.120120	13
0.229652	0.410073	0.176865	14
0.239425	0.427523	0.255981	15
0.249197	0.444973	0.366581	16
0.258970	0.462423	0.521862	17
0.268742	0.479873	0.740290	18
0.278515	0.497322	1.046063	19
0.288287	0.514772	1.467461	20
0.298059	0.532222	2.030830	21
0.307832	0.549672	2.747826	22
0.317604	0.567122	3.595977	23
0.327377	0.584572	4.500468	24
0.337149	0.602022	5.337974	25
0.346922	0.619472	5.985359	26
0.356694	0.636922	6.369813	27
0.366467	0.654372	6.476319	28
0.376239	0.671822	6.331679	29
0.386011	0.689271	5.984386	30
0.395784	0.706721	5.489247	31
0.405556	0.724171	4.898382	32
0.415329	0.741621	4.257214	33
0.425101	0.759071	3.603509	34
0.434874	0.776521	2.967978	35
0.444646	0.793971	2.375447	36
0.454418	0.811421	1.846112	37
0.464191	0.828871	1.396671	38
0.473963	0.846321	1.041396	39
0.483736	0.863771	0.793350	40
13
0.087919	0.190710	0.001631	1
0.096292	0.208873	0.004869	2
0.104665	0.227036	0.006298	3
0.113038	0.245199	0.006049	4
0.121412	0.263361	0.004981	5
0.129785	0.281524	0.004019	6
0.138158	0.299687	0.004087	7
0.146531	0.317850	0.006167	8
0.154904	0.336013	0.011378	9
0.163278	0.354176	0.021078	10
0.171651	0.372339	0.036969	11
0.180024	0.390501	0.061243	12
0.188397	0.408664	0.096793	13
0.196770	0.426827	0.147558	14
0.205144	0.444990	0.219124	15
0.213517	0.463153	0.319775	16
0.221890	0.481316	0.462292	17
0.230263	0.499479	0.666792	18
0.238637	0.517641	0.964633	19
0.247010	0.535804	1.402328	20
0.255383	0.553967	2.041572	21
0.263756	0.572130	2.946162	22
0.272129	0.590293	4.140234	23
0.280503	0.608456	5.527683	24
0.288876	0.626619	6.821970	25
0.297249	0.644781	7.731502	26
0.305622	0.662944	8.151245	27
0.313995	0.681107	8.116600	28
0.322369	0.699270	7.725137	29
0.330742	0.717433	7.084809	30
0.339115	0.735596	6.290284	31
0.347488	0.753759	5.416373	32
0.355862	0.771921	4.519388	33
0.364235	0.790084	3.641195	34
0.372608	0.808247	2.813473	35
0.380981	0.826410	2.061203	36
0.389354	0.844573	1.405134	37
0.397728	0.862736	0.863251	38
0.406101	0.880898	0.451377	39
0.414474	0.899061	0.183146	40
14
0.072685	0.197020	0.001183	1
0.079607	0.215784	0.004298	2
0.086530	0.234548	0.006155	3
0.093452	0.253312	0.006453	4
0.100374	0.272075	0.005640	5
0.107297	0.290839	0.004313	6
0.114219	0.309603	0.003117	7
0.121141	0.328367	0.002796	8
0.128064	0.347131	0.004288	9
0.134986	0.365894	0.008841	10
0.141908	0.384658	0.018155	11
0.148831	0.403422	0.034551	12
0.155753	0.422186	0.061185	13
0.162675	0.440950	0.102333	14
0.169598	0.459714	0.163814	15
0.176520	0.478477	0.253686	16
0.183443	0.497241	0.383591	17
0.190365	0.516005	0.571536	18
0.197287	0.534769	0.847620	19
0.204210	0.553533	1.265079	20
0.211132	0.572296	1.918697	21
0.218054	0.591060	2.965614	22
0.224977	0.609824	4.611807	23
0.231899	0.628588	6.920889	24
0.238821	0.647352	9.044660	25
0.245744	0.666116	10.167030	26
0.252666	0.684879	10.349162	27
0.259589	0.703643	9.876217	28
0.266511	0.722407	9.010435	29
0.273433	0.741171	7.939763	30
0.280356	0.759935	6.786368	31
0.287278	0.778699	5.626364	32
0.294200	0.797462	4.507192	33
0.301123	0.816226	3.460243	34
0.308045	0.834990	2.509334	35
0.314967	0.853754	1.676175	36
0.321890	0.872518	0.983741	37
0.328812	0.891281	0.458124	38
0.335734	0.910045	0.129124	39
0.342657	0.928809	0.029552	40
15
0.057003	0.202116	0.000532	1
0.062432	0.221365	0.002765	2
0.067860	0.240614	0.004970	3
0.073289	0.259863	0.006507	4
0.078718	0.279112	0.007268	5
0.084147	0.298361	0.007266	6
0.089576	0.317610	0.006568	7
0.095005	0.336859	0.005354	8
0.100433	0.356108	0.003993	9
0.105862	0.375357	0.003150	10
0.111291	0.394607	0.003936	11
0.116720	0.413856	0.008136	12
0.122149	0.433105	0.018542	13
0.127578	0.452354	0.039434	14
0.133006	0.471603	0.077257	15
0.138435	0.490852	0.141548	16
0.143864	0.510101	0.246238	17
0.149293	0.529350	0.411663	18
0.154722	0.548599	0.668432	19
0.160150	0.567848	1.066479	20
0.165579	0.587098	1.698933	21
0.171008	0.606347	2.768644	22
0.176437	0.625596	4.789843	23
0.181866	0.644845	9.311360	24
0.187295	0.664094	12.871052	25
0.192723	0.683343	13.203796	26
0.198152	0.702592	12.268600	27
0.203581	0.721841	10.883614	28
0.209010	0.741090	9.378296	29
0.214439	0.760339	7.893128	30
0.219868	0.779589	6.487367	31
0.225296	0.798838	5.184537	32
0.230725	0.818087	3.994430	33
0.236154	0.837336	2.924633	34
0.241583	0.856585	1.987101	35
0.247012	0.875834	1.202427	36
0.252441	0.895083	0.603226	37
0.257869	0.914332	0.237313	38
0.263298	0.933581	0.171043	39
0.268727	0.952830	0.492837	40
16
0.040969	0.205965	0.000077	1
0.044871	0.225581	0.001149	2
0.048773	0.245196	0.003851	3
0.052675	0.264812	0.008040	4
0.056577	0.284428	0.013040	5
0.060478	0.304043	0.018041	6
0.064380	0.323659	0.022343	7
0.068282	0.343275	0.025415	8
0.072184	0.362890	0.026890	9
0.076086	0.382506	0.026554	10
0.079987	0.402122	0.024379	11
0.083889	0.421738	0.020622	12
0.087791	0.441353	0.016045	13
0.091693	0.460969	0.012338	14
0.095595	0.480585	0.012895	15
0.099497	0.500200	0.024184	16
0.103398	0.519816	0.058094	17
0.107300	0.539432	0.135868	18
0.111202	0.559047	0.294913	19
0.115104	0.578663	0.602560	20
0.119006	0.598279	1.193452	21
0.122908	0.617895	2.401804	22
0.126809	0.637510	5.287440	23
0.130711	0.657126	16.840083	24
0.134613	0.676742	17.927317	25
0.138515	0.696357	13.796939	26
0.142417	0.715973	11.538377	27
0.146319	0.735589	9.684508	28
0.150220	0.755204	8.039828	29
0.154122	0.774820	6.569418	30
0.158024	0.794436	5.253726	31
0.161926	0.814052	4.075700	32
0.165828	0.833667	3.024225	33
0.169730	0.853283	2.098159	34
0.173631	0.872899	1.309921	35
0.177533	0.892514	0.689426	36
0.181435	0.912130	0.289268	37
0.185337	0.931746	0.192056	38
0.189239	0.951362	0.521036	39
0.193141	0.970977	1.455608	40
17
0.081102	0.685217	44.105593	25
0.083452	0.705079	24.594783	26
0.085803	0.724940	15.401451	27
0.088154	0.744801	10.597188	28
0.090505	0.764663	7.728860	29
0.092856	0.784524	5.785732	30
0.095206	0.804385	4.332890	31
0.097557	0.824247	3.171111	32
0.099908	0.844108	2.206527	33
0.102259	0.863969	1.400567	34
0.104609	0.883831	0.751472	35
0.106960	0.903692	0.289733	36
0.109311	0.923554	0.081426	37
0.111662	0.943415	0.238107	38
0.114012	0.963276	0.934315	39
0.116363	0.983138	2.435700	40
18
0.027090	0.689468	57.051322	25
0.027875	0.709453	32.817943	26
0.028661	0.729437	19.921356	27
0.029446	0.749422	12.885530	28
0.030231	0.769406	8.778340	29
0.031016	0.789391	6.172849	30
0.031801	0.809375	4.377565	31
0.032587	0.829360	3.049353	32
0.033372	0.849345	2.016053	33
0.034157	0.869329	1.197085	34
0.034942	0.889314	0.568956	35
0.035728	0.909298	0.152638	36
0.036513	0.929283	0.013487	37
0.037298	0.949268	0.270717	38
0.038083	0.969252	1.116951	39
0.038868	0.989237	2.851015	40
19
-0.027088	0.689468	41.315850	25
-0.027874	0.709453	23.547391	26
-0.028659	0.729437	15.316340	27
-0.029444	0.749422	10.922723	28
-0.030229	0.769406	8.162651	29
-0.031014	0.789391	6.187523	30
-0.031799	0.809376	4.651444	31
-0.032585	0.829360	3.399052	32
-0.033370	0.849345	2.355560	33
-0.034155	0.869329	1.488816	34
-0.034940	0.889314	0.797407	35
-0.035725	0.909298	0.309489	36
-0.036510	0.929283	0.087810	37
-0.037296	0.949268	0.240431	38
-0.038081	0.969252	0.938716	39
-0.038866	0.989237	2.445877	40
20
-0.024683	0.208544	0.000070	1
-0.027033	0.228406	0.001277	2
-0.029384	0.248267	0.004603	3
-0.031735	0.268129	0.010060	4
-0.034085	0.287990	0.016959	5
-0.036436	0.307851	0.024411	6
-0.038787	0.327713	0.031625	7
-0.041138	0.347574	0.037974	8
-0.043488	0.367435	0.042962	9
-0.045839	0.387297	0.046189	10
-0.048190	0.407158	0.047306	11
-0.050540	0.427020	0.046015	12
-0.052891	0.446881	0.042093	13
-0.055242	0.466742	0.035516	14
-0.057593	0.486604	0.026776	15
-0.059943	0.506465	0.017733	16
-0.062294	0.526326	0.013896	17
-0.064645	0.546188	0.030731	18
-0.066996	0.566049	0.111700	19
-0.069346	0.585910	0.381088	20
-0.071697	0.605772	1.201874	21
-0.074048	0.625633	3.655010	22
-0.076398	0.645495	11.018098	23
-0.078749	0.665356	22.153356	24
-0.081100	0.685217	22.101697	25
-0.083451	0.705079	16.778298	26
-0.085801	0.724940	13.644318	27
-0.088152	0.744801	11.177984	28
-0.090503	0.764663	9.096898	29
-0.092853	0.784524	7.307865	30
-0.095204	0.804386	5.756626	31
-0.097555	0.824247	4.405035	32
-0.099906	0.844108	3.228066	33
-0.102256	0.863970	2.214441	34
-0.104607	0.883831	1.368539	35
-0.106958	0.903692	0.713545	36
-0.109308	0.923554	0.296259	37
-0.111659	0.943415	0.194309	38
-0.114010	0.963277	0.526819	39
-0.116361	0.983138	1.470191	40
21
-0.040969	0.205965	0.000561	1
-0.044870	0.225581	0.003020	2
-0.048772	0.245196	0.005810	3
-0.052674	0.264812	0.008277	4
-0.056576	0.284428	0.010174	5
-0.060478	0.304044	0.011302	6
-0.064379	0.323659	0.011486	7
-0.068281	0.343275	0.010641	8
-0.072183	0.362891	0.008849	9
-0.076085	0.382506	0.006469	10
-0.079986	0.402122	0.004310	11
-0.083888	0.421738	0.003926	12
-0.087790	0.441354	0.008129	13
-0.091692	0.460969	0.021859	14
-0.095594	0.480585	0.053637	15
-0.099495	0.500201	0.117910	16
-0.103397	0.519816	0.238634	17
-0.107299	0.539432	0.454201	18
-0.111201	0.559048	0.822880	19
-0.115102	0.578663	1.425571	20
-0.119004	0.598279	2.359648	21
-0.122906	0.617895	3.726511	22
-0.126808	0.637511	5.714792	23
-0.130710	0.657126	9.479351	24
-0.134611	0.676742	12.970213	25
-0.138513	0.696358	13.375578	26
-0.142415	0.715973	12.516090	27
-0.146317	0.735589	11.163071	28
-0.150218	0.755205	9.646894	29
-0.154120	0.774821	8.123656	30
-0.158022	0.794436	6.668033	31
-0.161924	0.814052	5.314594	32
-0.165826	0.833668	4.079752	33
-0.169727	0.853283	2.974327	34
-0.173629	0.872899	2.011198	35
-0.177531	0.892515	1.210457	36
-0.181433	0.912131	0.603432	37
-0.185334	0.931746	0.236352	38
-0.189236	0.951362	0.174056	39
-0.193138	0.970978	0.503835	40
22
-0.057002	0.202116	0.001203	1
-0.062431	0.221365	0.004442	2
-0.067860	0.240614	0.006528	3
-0.073289	0.259863	0.007050	4
-0.078717	0.279112	0.006299	5
-0.084146	0.298361	0.004707	6
-0.089575	0.317610	0.002781	7
-0.095004	0.336859	0.001184	8
-0.100432	0.356109	0.000876	9
-0.105861	0.375358	0.003292	10
-0.111290	0.394607	0.010585	11
-0.116719	0.413856	0.025941	12
-0.122148	0.433105	0.053984	13
-0.127576	0.452354	0.101271	14
-0.133005	0.471603	0.176836	15
-0.138434	0.490852	0.292679	16
-0.143863	0.510101	0.464101	17
-0.149291	0.529351	0.709968	18
-0.154720	0.548600	1.053771	19
-0.160149	0.567849	1.528439	20
-0.165578	0.587098	2.191315	21
-0.171007	0.606347	3.155891	22
-0.176435	0.625596	4.618717	23
-0.181864	0.644845	6.722259	24
-0.187293	0.664094	8.747171	25
-0.192722	0.683344	9.852697	26
-0.198150	0.702593	10.073234	27
-0.203579	0.721842	9.663361	28
-0.209008	0.741091	8.861768	29
-0.214437	0.760340	7.844091	30
-0.219866	0.779589	6.728944	31
-0.225294	0.798838	5.593699	32
-0.230723	0.818087	4.488919	33
-0.236152	0.837336	3.449321	34
-0.241581	0.856586	2.501548	35
-0.247009	0.875835	1.669462	36
-0.252438	0.895084	0.977589	37
-0.257867	0.914333	0.453145	38
-0.263296	0.933582	0.126758	39
-0.268725	0.952831	0.031805	40
23
-0.072684	0.197020	0.001635	1
-0.079607	0.215784	0.004861	2
-0.086529	0.234548	0.006177	3
-0.093451	0.253312	0.005618	4
-0.100374	0.272076	0.003984	5
-0.107296	0.290839	0.002191	6
-0.114218	0.309603	0.001237	7
-0.121140	0.328367	0.002285	8
-0.128063	0.347131	0.006785	9
-0.134985	0.365895	0.016604	10
-0.141907	0.384659	0.034159	11
-0.148830	0.403423	0.062561	12
-0.155752	0.422186	0.105736	13
-0.162674	0.440950	0.168565	14
-0.169597	0.459714	0.257048	15
-0.176519	0.478478	0.378643	16
-0.183441	0.497242	0.543085	17
-0.190364	0.516006	0.764247	18
-0.197286	0.534769	1.063780	19
-0.204208	0.553533	1.476675	20
-0.211130	0.572297	2.056223	21
-0.218053	0.591061	2.868775	22
-0.224975	0.609825	3.957841	23
-0.231897	0.628589	5.257374	24
-0.238820	0.647352	6.500951	25
-0.245742	0.666116	7.398020	26
-0.252664	0.684880	7.837729	27
-0.259587	0.703644	7.845211	28
-0.266509	0.722408	7.506412	29
-0.273431	0.741172	6.919502	30
-0.280354	0.759935	6.172678	31
-0.287276	0.778699	5.337501	32
-0.294198	0.797463	4.469448	33
-0.301121	0.816227	3.611076	34
-0.308043	0.834991	2.795571	35
-0.314965	0.853755	2.049776	36
-0.321887	0.872518	1.396374	37
-0.328810	0.891282	0.855178	38
-0.335732	0.910046	0.443586	39
-0.342654	0.928810	0.176349	40
24
-0.087918	0.190710	0.001799	1
-0.096291	0.208873	0.004261	2
-0.104665	0.227036	0.004890	3
-0.113038	0.245199	0.003990	4
-0.121411	0.263362	0.002624	5
-0.129784	0.281525	0.001936	6
-0.138157	0.299687	0.003109	7
-0.146530	0.317850	0.007429	8
-0.154904	0.336013	0.016358	9
-0.163277	0.354176	0.031605	10
-0.171650	0.372339	0.055201	11
-0.180023	0.390502	0.089575	12
-0.188396	0.408665	0.137675	13
-0.196769	0.426828	0.203184	14
-0.205143	0.444991	0.290921	15
-0.213516	0.463153	0.407565	16
-0.221889	0.481316	0.562808	17
-0.230262	0.499479	0.770917	18
-0.238635	0.517642	1.052239	19
-0.247008	0.535805	1.433259	20
-0.255382	0.553968	1.942556	21
-0.263755	0.572131	2.599097	22
-0.272128	0.590294	3.391409	23
-0.280501	0.608456	4.255118	24
-0.288874	0.626619	5.072356	25
-0.297247	0.644782	5.720261	26
-0.305620	0.662945	6.123102	27
-0.313994	0.681108	6.260949	28
-0.322367	0.699271	6.154799	29
-0.330740	0.717434	5.847610	30
-0.339113	0.735597	5.389785	31
-0.347486	0.753759	4.830550	32
-0.355859	0.771922	4.213901	33
-0.364233	0.790085	3.577402	34
-0.372606	0.808248	2.952446	35
-0.380979	0.826411	2.365116	36
-0.389352	0.844574	1.837149	37
-0.397725	0.862737	1.386841	38
-0.406098	0.880900	1.029881	39
-0.414472	0.899062	0.780366	40
25
-0.102610	0.183224	0.001805	1
-0.112383	0.200674	0.003154	2
-0.122155	0.218124	0.003268	3
-0.131927	0.235574	0.002525	4
-0.141700	0.253024	0.001983	5
-0.151472	0.270474	0.002768	6
-0.161245	0.287924	0.006008	7
-0.171017	0.305374	0.012877	8
-0.180789	0.322824	0.024643	9
-0.190562	0.340274	0.042740	10
-0.200334	0.357724	0.068850	11
-0.210106	0.375174	0.105030	12
-0.219879	0.392624	0.153922	13
-0.229651	0.410074	0.219059	14
-0.239424	0.427523	0.305320	15
-0.249196	0.444973	0.419494	16
-0.258968	0.462423	0.570854	17
-0.268741	0.479873	0.771433	18
-0.278513	0.497323	1.035461	19
-0.288286	0.514773	1.377191	20
-0.298058	0.532223	1.806358	21
-0.307830	0.549673	2.321277	22
-0.317603	0.567123	2.901384	23
-0.327375	0.584573	3.503617	24
-0.337148	0.602023	4.068231	25
-0.346920	0.619473	4.535176	26
-0.356692	0.636923	4.860779	27
-0.366465	0.654373	5.024806	28
-0.376237	0.671823	5.028762	29
-0.386010	0.689273	4.889891	30
-0.395782	0.706722	4.634578	31
-0.405554	0.724172	4.292994	32
-0.415327	0.741622	3.895506	33
-0.425099	0.759072	3.470625	34
-0.434872	0.776522	3.044096	35
-0.444644	0.793972	2.638723	36
-0.454416	0.811422	2.274663	37
-0.464189	0.828872	1.970060	38
-0.473961	0.846322	1.742011	39
-0.483734	0.863772	1.608010	40
26
-0.116669	0.174609	0.001757	1
-0.127781	0.191238	0.002092	2
-0.138892	0.207868	0.001921	3
-0.150004	0.224497	0.001591	4
-0.161115	0.241126	0.001999	5
-0.172226	0.257756	0.004117	6
-0.183338	0.274385	0.008925	7
-0.194449	0.291015	0.017440	8
-0.205560	0.307644	0.030774	9
-0.216672	0.324274	0.050216	10
-0.227783	0.340903	0.077348	11
-0.238895	0.357532	0.114200	12
-0.250006	0.374162	0.163458	13
-0.261117	0.390791	0.228710	14
-0.272229	0.407421	0.314707	15
-0.283340	0.424050	0.427536	16
-0.294451	0.440679	0.574588	17
-0.305563	0.457309	0.764078	18
-0.316674	0.473938	1.003903	19
-0.327786	0.490568	1.299648	20
-0.338897	0.507197	1.651827	21
-0.350008	0.523826	2.052923	22
-0.361120	0.540456	2.485377	23
-0.372231	0.557085	2.922035	24
-0.383342	0.573715	3.330031	25
-0.394454	0.590344	3.677331	26
-0.405565	0.606974	3.939118	27
-0.416677	0.623603	4.101436	28
-0.427788	0.640232	4.161670	29
-0.438899	0.656862	4.126806	30
-0.450011	0.673491	4.010731	31
-0.461122	0.690121	3.831509	32
-0.472233	0.706750	3.609152	33
-0.483345	0.723379	3.364042	34
-0.494456	0.740009	3.115990	35
-0.505568	0.756638	2.883840	36
-0.516679	0.773268	2.685501	37
-0.527790	0.789897	2.538381	38
-0.538902	0.806527	2.460174	39
-0.550013	0.823156	2.470057	40
27
-0.130009	0.164917	0.001701	1
-0.142391	0.180623	0.001382	2
-0.154773	0.196330	0.001164	3
-0.167155	0.212036	0.001335	4
-0.179537	0.227742	0.002600	5
-0.191919	0.243449	0.005762	6
-0.204301	0.259155	0.011667	7
-0.216682	0.274861	0.021236	8
-0.229064	0.290568	0.035520	9
-0.241446	0.306274	0.055796	10
-0.253828	0.321980	0.083670	11
-0.266210	0.337687	0.121211	12
-0.278592	0.353393	0.171074	13
-0.290973	0.369100	0.236619	14
-0.303355	0.384806	0.321944	15
-0.315737	0.400512	0.431790	16
-0.328119	0.416219	0.571220	17
-0.340501	0.431925	0.745006	18
-0.352883	0.447631	0.956663	19
-0.365265	0.463338	1.207206	20
-0.377646	0.479044	1.493826	21
-0.390028	0.494750	1.808852	22
-0.402410	0.510457	2.139507	23
-0.414792	0.526163	2.468852	24
-0.427174	0.541869	2.777976	25
-0.439556	0.557576	3.048945	26
-0.451937	0.573282	3.267575	27
-0.464319	0.588989	3.425242	28
-0.476701	0.604695	3.519461	29
-0.489083	0.620401	3.553436	30
-0.501465	0.636108	3.534991	31
-0.513847	0.651814	3.475287	32
-0.526229	0.667520	3.387620	33
-0.538610	0.683227	3.286458	34
-0.550992	0.698933	3.186798	35
-0.563374	0.714639	3.103831	36
-0.575756	0.730346	3.052921	37
-0.588138	0.746052	3.049861	38
-0.600520	0.761759	3.111381	39
-0.612902	0.777465	3.255890	40
28
-0.142548	0.154208	0.001634	1
-0.156124	0.168894	0.001056	2
-0.169700	0.183581	0.000984	3
-0.183276	0.198267	0.001653	4
-0.196852	0.212954	0.003623	5
-0.210428	0.227640	0.007577	6
-0.224004	0.242327	0.014283	7
-0.237580	0.257013	0.024627	8
-0.251156	0.271700	0.039660	9
-0.264732	0.286386	0.060677	10
-0.278308	0.301073	0.089288	11
-0.291884	0.315759	0.127486	12
-0.305460	0.330446	0.177696	13
-0.319036	0.345132	0.242767	14
-0.332612	0.359819	0.325885	15
-0.346188	0.374505	0.430367	16
-0.359764	0.389192	0.559323	17
-0.373340	0.403878	0.715156	18
-0.386916	0.418565	0.898951	19
-0.400492	0.433251	1.109826	20
-0.414068	0.447938	1.344394	21
-0.427644	0.462624	1.596503	22
-0.441220	0.477310	1.857447	23
-0.454796	0.491997	2.116712	24
-0.468372	0.506683	2.363192	25
-0.481948	0.521370	2.586625	26
-0.495523	0.536056	2.778918	27
-0.509099	0.550743	2.935070	28
-0.522675	0.565429	3.053572	29
-0.536251	0.580116	3.136339	30
-0.549827	0.594802	3.188298	31
-0.563403	0.609489	3.216810	32
-0.576979	0.624175	3.231067	33
-0.590555	0.638862	3.241571	34
-0.604131	0.653548	3.259759	35
-0.617707	0.668235	3.297786	36
-0.631283	0.682921	3.368491	37
-0.644859	0.697608	3.485521	38
-0.658435	0.712294	3.663590	39
-0.672011	0.726981	3.918838	40
29
-0.154207	0.142548	0.001539	1
-0.168894	0.156125	0.000990	2
-0.183580	0.169701	0.001174	3
-0.198267	0.183277	0.002296	4
-0.212953	0.196853	0.004835	5
-0.227640	0.210429	0.009412	6
-0.242326	0.224005	0.016764	7
-0.257012	0.237581	0.027766	8
-0.271699	0.251157	0.043473	9
-0.286385	0.264733	0.065157	10
-0.301072	0.278309	0.094344	11
-0.315758	0.291885	0.132833	12
-0.330445	0.305461	0.182674	13
-0.345131	0.319037	0.246110	14
-0.359817	0.332613	0.325444	15
-0.374504	0.346189	0.422845	16
-0.389190	0.359765	0.540077	17
-0.403877	0.373341	0.678182	18
-0.418563	0.386917	0.837137	19
-0.433249	0.400493	1.015560	20
-0.447936	0.414069	1.210539	21
-0.462622	0.427645	1.417639	22
-0.477309	0.441221	1.631167	23
-0.491995	0.454797	1.844669	24
-0.506682	0.468374	2.051614	25
-0.521368	0.481950	2.246139	26
-0.536054	0.495526	2.423726	27
-0.550741	0.509102	2.581692	28
-0.565427	0.522678	2.719451	29
-0.580114	0.536254	2.838543	30
-0.594800	0.549830	2.942488	31
-0.609487	0.563406	3.036543	32
-0.624173	0.576982	3.127413	33
-0.638859	0.590558	3.222989	34
-0.653546	0.604134	3.332142	35
-0.668232	0.617710	3.464596	36
-0.682919	0.631286	3.630891	37
-0.697605	0.644862	3.842409	38
-0.712292	0.658438	4.111471	39
-0.726978	0.672014	4.451449	40
30
-0.164916	0.130010	0.001406	1
-0.180623	0.142392	0.001026	2
-0.196329	0.154774	0.001492	3
-0.212035	0.167156	0.003003	4
-0.227742	0.179538	0.006006	5
-0.243448	0.191920	0.011096	6
-0.259154	0.204302	0.018998	7
-0.274860	0.216683	0.030574	8
-0.290567	0.229065	0.046844	9
-0.306273	0.241447	0.069005	10
-0.321979	0.253829	0.098427	11
-0.337686	0.266211	0.136645	12
-0.353392	0.278593	0.185305	13
-0.369098	0.290975	0.246095	14
-0.384805	0.303357	0.320621	15
-0.400511	0.315739	0.410257	16
-0.416217	0.328121	0.515973	17
-0.431924	0.340503	0.638142	18
-0.447630	0.352884	0.776380	19
-0.463336	0.365266	0.929432	20
-0.479043	0.377648	1.095138	21
-0.494749	0.390030	1.270527	22
-0.510455	0.402412	1.452020	23
-0.526161	0.414794	1.635753	24
-0.541868	0.427176	1.817967	25
-0.557574	0.439558	1.995412	26
-0.573280	0.451940	2.165719	27
-0.588987	0.464322	2.327669	28
-0.604693	0.476704	2.481366	29
-0.620399	0.489086	2.628286	30
-0.636106	0.501467	2.771240	31
-0.651812	0.513849	2.914277	32
-0.667518	0.526231	3.062557	33
-0.683225	0.538613	3.222219	34
-0.698931	0.550995	3.400278	35
-0.714637	0.563377	3.604540	36
-0.730344	0.575759	3.843564	37
-0.746050	0.588141	4.126635	38
-0.761756	0.600523	4.463766	39
-0.777462	0.612905	4.865682	40
31
-0.174608	0.116670	0.001239	1
-0.191238	0.127782	0.001046	2
-0.207867	0.138893	0.001760	3
-0.224496	0.150004	0.003586	4
-0.241126	0.161116	0.006966	5
-0.257755	0.172227	0.012483	6
-0.274385	0.183339	0.020844	7
-0.291014	0.194450	0.032876	8
-0.307643	0.205562	0.049533	9
-0.324273	0.216673	0.071892	10
-0.340902	0.227785	0.101137	11
-0.357531	0.238896	0.138533	12
-0.374161	0.250007	0.185372	13
-0.390790	0.261119	0.242903	14
-0.407420	0.272230	0.312250	15
-0.424049	0.283342	0.394304	16
-0.440678	0.294453	0.489623	17
-0.457308	0.305565	0.598332	18
-0.473937	0.316676	0.720050	19
-0.490566	0.327787	0.853864	20
-0.507196	0.338899	0.998346	21
-0.523825	0.350010	1.151646	22
-0.540454	0.361122	1.311642	23
-0.557084	0.372233	1.476135	24
-0.573713	0.383345	1.643084	25
-0.590343	0.394456	1.810840	26
-0.606972	0.405568	1.978346	27
-0.623601	0.416679	2.145313	28
-0.640231	0.427790	2.312318	29
-0.656860	0.438902	2.480859	30
-0.673489	0.450013	2.653362	31
-0.690119	0.461125	2.833140	32
-0.706748	0.472236	3.024348	33
-0.723378	0.483348	3.231913	34
-0.740007	0.494459	3.461480	35
-0.756636	0.505571	3.719355	36
-0.773266	0.516682	4.012460	37
-0.789895	0.527793	4.348288	38
-0.806524	0.538905	4.734857	39
-0.823154	0.550016	5.180638	40
32
-0.183224	0.102611	0.001053	1
-0.200674	0.112383	0.000998	2
-0.218124	0.122156	0.001891	3
-0.235574	0.131928	0.003955	4
-0.253024	0.141701	0.007631	5
-0.270473	0.151473	0.013487	6
-0.287923	0.161246	0.022197	7
-0.305373	0.171018	0.034534	8
-0.322823	0.180791	0.051362	9
-0.340273	0.190563	0.073623	10
-0.357723	0.200336	0.102321	11
-0.375173	0.210108	0.138485	12
-0.392623	0.219880	0.183128	13
-0.410073	0.229653	0.237198	14
-0.427523	0.239425	0.301515	15
-0.444972	0.249198	0.376711	16
-0.462422	0.258970	0.463169	17
-0.479872	0.268743	0.560984	18
-0.497322	0.278515	0.669931	19
-0.514772	0.288288	0.789470	20
-0.532222	0.298060	0.918781	21
-0.549672	0.307833	1.056839	22
-0.567122	0.317605	1.202507	23
-0.584572	0.327378	1.354675	24
-0.602021	0.337150	1.512387	25
-0.619471	0.346922	1.674990	26
-0.636921	0.356695	1.842252	27
-0.654371	0.366467	2.014466	28
-0.671821	0.376240	2.192522	29
-0.689271	0.386012	2.377951	30
-0.706721	0.395785	2.572938	31
-0.724171	0.405557	2.780318	32
-0.741621	0.415330	3.003555	33
-0.759071	0.425102	3.246706	34
-0.776520	0.434875	3.514391	35
-0.793970	0.444647	3.811747	36
-0.811420	0.454420	4.144389	37
-0.828870	0.464192	4.518353	38
-0.846320	0.473964	4.940038	39
-0.863770	0.483737	5.416122	40
33
-0.190710	0.087919	0.000866	1
-0.208873	0.096292	0.000882	2
-0.227036	0.104665	0.001878	3
-0.245198	0.113039	0.004105	4
-0.263361	0.121412	0.007996	5
-0.281524	0.129785	0.014094	6
-0.299687	0.138158	0.023029	7
-0.317850	0.146532	0.035504	8
-0.336013	0.154905	0.052289	9
-0.354175	0.163278	0.074198	10
-0.372338	0.171651	0.102078	11
-0.390501	0.180025	0.136776	12
-0.408664	0.188398	0.179109	13
-0.426827	0.196771	0.229829	14
-0.444990	0.205144	0.289588	15
-0.463153	0.213518	0.358897	16
-0.481315	0.221891	0.438103	17
-0.499478	0.230264	0.527365	18
-0.517641	0.238637	0.626656	19
-0.535804	0.247010	0.735769	20
-0.553967	0.255384	0.854357	21
-0.572130	0.263757	0.981978	22
-0.590292	0.272130	1.118174	23
-0.608455	0.280503	1.262542	24
-0.626618	0.288877	1.414828	25
-0.644781	0.297250	1.575008	26
-0.662944	0.305623	1.743372	27
-0.681107	0.313996	1.920581	28
-0.699270	0.322370	2.107723	29
-0.717432	0.330743	2.306343	30
-0.735595	0.339116	2.518459	31
-0.753758	0.347489	2.746570	32
-0.771921	0.355863	2.993638	33
-0.790084	0.364236	3.263081	34
-0.808247	0.372609	3.558741	35
-0.826409	0.380982	3.884853	36
-0.844572	0.389355	4.246008	37
-0.862735	0.397729	4.647100	38
-0.880898	0.406102	5.093265	39
-0.899061	0.414475	5.589807	40
34
-0.197020	0.072685	0.000694	1
-0.215784	0.079607	0.000722	2
-0.234548	0.086530	0.001758	3
-0.253311	0.093452	0.004078	4
-0.272075	0.100375	0.008103	5
-0.290839	0.107297	0.014344	6
-0.309603	0.114219	0.023377	7
-0.328367	0.121142	0.035835	8
-0.347130	0.128064	0.052396	9
-0.365894	0.134987	0.073769	10
-0.384658	0.141909	0.100676	11
-0.403422	0.148831	0.133834	12
-0.422186	0.155754	0.173932	13
-0.440950	0.162676	0.221609	14
-0.459713	0.169598	0.277431	15
-0.478477	0.176521	0.341876	16
-0.497241	0.183443	0.415315	17
-0.516005	0.190366	0.498011	18
-0.534769	0.197288	0.590122	19
-0.553532	0.204210	0.691713	20
-0.572296	0.211133	0.802787	21
-0.591060	0.218055	0.923322	22
-0.609824	0.224978	1.053312	23
-0.628588	0.231900	1.192830	24
-0.647351	0.238822	1.342074	25
-0.666115	0.245745	1.501427	26
-0.684879	0.252667	1.671508	27
-0.703643	0.259589	1.853210	28
-0.722407	0.266512	2.047738	29
-0.741171	0.273434	2.256634	30
-0.759934	0.280357	2.481786	31
-0.778698	0.287279	2.725436	32
-0.797462	0.294201	2.990177	33
-0.816226	0.301124	3.278941	34
-0.834990	0.308046	3.594977	35
-0.853753	0.314969	3.941830	36
-0.872517	0.321891	4.323301	37
-0.891281	0.328813	4.743409	38
-0.910045	0.335736	5.206330	39
-0.928809	0.342658	5.716343	40
35
-0.202115	0.057003	0.000547	1
-0.221365	0.062432	0.000550	2
-0.240614	0.067861	0.001579	3
-0.259863	0.073290	0.003935	4
-0.279112	0.078718	0.008022	5
-0.298361	0.084147	0.014310	6
-0.317610	0.089576	0.023326	7
-0.336859	0.095005	0.035636	8
-0.356108	0.100434	0.051843	9
-0.375357	0.105863	0.072570	10
-0.394606	0.111292	0.098450	11
-0.413855	0.116720	0.130114	12
-0.433105	0.122149	0.168171	13
-0.452354	0.127578	0.213203	14
-0.471603	0.133007	0.265744	15
-0.490852	0.138436	0.326279	16
-0.510101	0.143865	0.395232	17
-0.529350	0.149294	0.472970	18
-0.548599	0.154722	0.559809	19
-0.567848	0.160151	0.656026	20
-0.587097	0.165580	0.761881	21
-0.606346	0.171009	0.877642	22
-0.625595	0.176438	1.003618	23
-0.644845	0.181867	1.140195	24
-0.664094	0.187296	1.287868	25
-0.683343	0.192724	1.447285	26
-0.702592	0.198153	1.619271	27
-0.721841	0.203582	1.804864	28
-0.741090	0.209011	2.005333	29
-0.760339	0.214440	2.222198	30
-0.779588	0.219869	2.457240	31
-0.798837	0.225298	2.712502	32
-0.818086	0.230726	2.990292	33
-0.837335	0.236155	3.293171	34
-0.856585	0.241584	3.623938	35
-0.875834	0.247013	3.985607	36
-0.895083	0.252442	4.381382	37
-0.914332	0.257871	4.814616	38
-0.933581	0.263299	5.288773	39
-0.952830	0.268728	5.807370	40
36
-0.205965	0.040969	0.000430	1
-0.225581	0.044871	0.000393	2
-0.245196	0.048773	0.001388	3
-0.264812	0.052675	0.003735	4
-0.284428	0.056577	0.007819	5
-0.304043	0.060479	0.014074	6
-0.323659	0.064381	0.022979	7
-0.343275	0.068282	0.035046	8
-0.362890	0.072184	0.050818	9
-0.382506	0.076086	0.070855	10
-0.402122	0.079988	0.095731	11
-0.421737	0.083890	0.126019	12
-0.441353	0.087792	0.162290	13
-0.460969	0.091694	0.205097	14
-0.480585	0.095595	0.254974	15
-0.500200	0.099497	0.312431	16
-0.519816	0.103399	0.377951	17
-0.539432	0.107301	0.451994	18
-0.559047	0.111203	0.535003	19
-0.578663	0.115105	0.627415	20
-0.598279	0.119007	0.729673	21
-0.617894	0.122908	0.842253	22
-0.637510	0.126810	0.965675	23
-0.657126	0.130712	1.100535	24
-0.676742	0.134614	1.247528	25
-0.696357	0.138516	1.407467	26
-0.715973	0.142418	1.581311	27
-0.735589	0.146320	1.770181	28
-0.755204	0.150221	1.975377	29
-0.774820	0.154123	2.198387	30
-0.794436	0.158025	2.440899	31
-0.814051	0.161927	2.704799	32
-0.833667	0.165829	2.992173	33
-0.853283	0.169731	3.305296	34
-0.872898	0.173633	3.646623	35
-0.892514	0.177534	4.018765	36
-0.912130	0.181436	4.424475	37
-0.931746	0.185338	4.866610	38
-0.951361	0.189240	5.348100	39
-0.970977	0.193142	5.871911	40
37
-0.208544	0.024683	0.000342	1
-0.228406	0.027034	0.000264	2
-0.248267	0.029385	0.001213	3
-0.268128	0.031736	0.003520	4
-0.287990	0.034087	0.007551	5
-0.307851	0.036437	0.013711	6
-0.327712	0.038788	0.022439	7
-0.347574	0.041139	0.034204	8
-0.367435	0.043490	0.049504	9
-0.387297	0.045841	0.068858	10
-0.407158	0.048191	0.092800	11
-0.427019	0.050542	0.121873	12
-0.446881	0.052893	0.156625	13
-0.466742	0.055244	0.197607	14
-0.486603	0.057595	0.245364	15
-0.506465	0.059945	0.300437	16
-0.526326	0.062296	0.363365	17
-0.546187	0.064647	0.434684	18
-0.566049	0.066998	0.514936	19
-0.585910	0.069349	0.604675	20
-0.605772	0.071699	0.704479	21
-0.625633	0.074050	0.814964	22
-0.645494	0.076401	0.936799	23
-0.665356	0.078752	1.070720	24
-0.685217	0.081103	1.217550	25
-0.705078	0.083453	1.378212	26
-0.724940	0.085804	1.553745	27
-0.744801	0.088155	1.745316	28
-0.764662	0.090506	1.954233	29
-0.784524	0.092857	2.181950	30
-0.804385	0.095207	2.430073	31
-0.824247	0.097558	2.700362	32
-0.844108	0.099909	2.994728	33
-0.863969	0.102260	3.315226	34
-0.883831	0.104611	3.664047	35
-0.903692	0.106961	4.043500	36
-0.923553	0.109312	4.455996	37
-0.943415	0.111663	4.904023	38
-0.963276	0.114014	5.390119	39
-0.983137	0.116365	5.916848	40
38
-0.209838	0.008245	0.000280	1
-0.229823	0.009030	0.000169	2
-0.249807	0.009816	0.001069	3
-0.269792	0.010601	0.003316	4
-0.289776	0.011386	0.007261	5
-0.309761	0.012171	0.013283	6
-0.329746	0.012957	0.021792	7
-0.349730	0.013742	0.033227	8
-0.369715	0.014527	0.048055	9
-0.389699	0.015312	0.066766	10
-0.409684	0.016098	0.089873	11
-0.429668	0.016883	0.117903	12
-0.449653	0.017668	0.151397	13
-0.469638	0.018453	0.190911	14
-0.489622	0.019239	0.237006	15
-0.509607	0.020024	0.290258	16
-0.529591	0.020809	0.351249	17
-0.549576	0.021594	0.420579	18
-0.569560	0.022380	0.498863	19
-0.589545	0.023165	0.586742	20
-0.609530	0.023950	0.684890	21
-0.629514	0.024735	0.794020	22
-0.649499	0.025521	0.914903	23
-0.669483	0.026306	1.048367	24
-0.689468	0.027091	1.195321	25
-0.709453	0.027876	1.356755	26
-0.729437	0.028662	1.533755	27
-0.749422	0.029447	1.727512	28
-0.769406	0.030232	1.939329	29
-0.789391	0.031017	2.170622	30
-0.809375	0.031803	2.422929	31
-0.829360	0.032588	2.697907	32
-0.849345	0.033373	2.997331	33
-0.869329	0.034158	3.323086	34
-0.889314	0.034944	3.677160	35
-0.909298	0.035729	4.061634	36
-0.929283	0.036514	4.478663	37
-0.949267	0.037299	4.930459	38
-0.969252	0.038085	5.419275	39
-0.989237	0.038870	5.947379	40
39
-0.209838	-0.008244	0.000239	1
-0.229823	-0.009029	0.000105	2
-0.249807	-0.009814	0.000959	3
-0.269792	-0.010599	0.003136	4
-0.289776	-0.011385	0.006975	5
-0.309761	-0.012170	0.012835	6
-0.329746	-0.012955	0.021107	7
-0.349730	-0.013740	0.032209	8
-0.369715	-0.014525	0.046589	9
-0.389699	-0.015310	0.064720	10
-0.409684	-0.016095	0.087102	11
-0.429669	-0.016881	0.114257	12
-0.449653	-0.017666	0.146729	13
-0.469638	-0.018451	0.185079	14
-0.489622	-0.019236	0.229891	15
-0.509607	-0.020021	0.281765	16
-0.529591	-0.020806	0.341325	17
-0.549576	-0.021591	0.409216	18
-0.569561	-0.022377	0.486109	19
-0.589545	-0.023162	0.572707	20
-0.609530	-0.023947	0.669752	21
-0.629514	-0.024732	0.778027	22
-0.649499	-0.025517	0.898368	23
-0.669484	-0.026302	1.031667	24
-0.689468	-0.027087	1.178886	25
-0.709453	-0.027873	1.341056	26
-0.729437	-0.028658	1.519291	27
-0.749422	-0.029443	1.714789	28
-0.769406	-0.030228	1.928840	29
-0.789391	-0.031013	2.162826	30
-0.809376	-0.031798	2.418226	31
-0.829360	-0.032583	2.696614	32
-0.849345	-0.033369	2.999657	33
-0.869329	-0.034154	3.329110	34
-0.889314	-0.034939	3.686806	35
-0.909299	-0.035724	4.074652	36
-0.929283	-0.036509	4.494612	37
-0.949268	-0.037294	4.948694	38
-0.969252	-0.038079	5.438941	39
-0.989237	-0.038865	5.967407	40
40
-0.208544	-0.024682	0.000214	1
-0.228406	-0.027033	0.000066	2
-0.248267	-0.029384	0.000879	3
-0.268129	-0.031734	0.002983	4
-0.287990	-0.034085	0.006707	5
-0.307851	-0.036436	0.012399	6
-0.327713	-0.038786	0.020434	7
-0.347574	-0.041137	0.031219	8
-0.367435	-0.043488	0.045190	9
-0.387297	-0.045839	0.062812	10
-0.407158	-0.048189	0.084581	11
-0.427020	-0.050540	0.111018	12
-0.446881	-0.052891	0.142670	13
-0.466742	-0.055241	0.180112	14
-0.486604	-0.057592	0.223943	15
-0.506465	-0.059943	0.274788	16
-0.526326	-0.062293	0.333300	17
-0.546188	-0.064644	0.400159	18
-0.566049	-0.066995	0.476079	19
-0.585911	-0.069345	0.561807	20
-0.605772	-0.071696	0.658132	21
-0.625633	-0.074047	0.765884	22
-0.645495	-0.076398	0.885945	23
-0.665356	-0.078748	1.019247	24
-0.685217	-0.081099	1.166785	25
-0.705079	-0.083450	1.329614	26
-0.724940	-0.085800	1.508861	27
-0.744802	-0.088151	1.705724	28
-0.764663	-0.090502	1.921475	29
-0.784524	-0.092852	2.157466	30
-0.804386	-0.095203	2.415127	31
-0.824247	-0.097554	2.695965	32
-0.844108	-0.099904	3.001563	33
-0.863970	-0.102255	3.333572	34
-0.883831	-0.104606	3.693709	35
-0.903693	-0.106957	4.083748	36
-0.923554	-0.109307	4.505510	37
-0.943415	-0.111658	4.960854	38
-0.963277	-0.114009	5.451666	39
-0.983138	-0.116359	5.979845	40
41
-0.205965	-0.040968	0.000201	1
-0.225581	-0.044870	0.000044	2
-0.245196	-0.048772	0.000822	3
-0.264812	-0.052674	0.002856	4
-0.284428	-0.056575	0.006465	5
-0.304044	-0.060477	0.011992	6
-0.323659	-0.064379	0.019803	7
-0.343275	-0.068281	0.030299	8
-0.362891	-0.072182	0.043910	9
-0.382506	-0.076084	0.061099	10
-0.402122	-0.079986	0.082359	11
-0.421738	-0.083888	0.108216	12
-0.441354	-0.087789	0.139223	13
-0.460969	-0.091691	0.175964	14
-0.480585	-0.095593	0.219054	15
-0.500201	-0.099495	0.269138	16
-0.519816	-0.103396	0.326890	17
-0.539432	-0.107298	0.393018	18
-0.559048	-0.111200	0.468266	19
-0.578664	-0.115102	0.553413	20
-0.598279	-0.119003	0.649280	21
-0.617895	-0.122905	0.756729	22
-0.637511	-0.126807	0.876671	23
-0.657127	-0.130709	1.010065	24
-0.676742	-0.134610	1.157923	25
-0.696358	-0.138512	1.321317	26
-0.715974	-0.142414	1.501375	27
-0.735589	-0.146316	1.699290	28
-0.755205	-0.150217	1.916319	29
-0.774821	-0.154119	2.153785	30
-0.794437	-0.158021	2.413077	31
-0.814052	-0.161923	2.695648	32
-0.833668	-0.165824	3.003014	33
-0.853284	-0.169726	3.336748	34
-0.872899	-0.173628	3.698476	35
-0.892515	-0.177530	4.089872	36
-0.912131	-0.181431	4.512650	37
-0.931747	-0.185333	4.968558	38
-0.951362	-0.189235	5.459367	39
-0.970978	-0.193137	5.986864	40
42
-0.202116	-0.057002	0.000196	1
-0.221365	-0.062431	0.000034	2
-0.240614	-0.067859	0.000782	3
-0.259863	-0.073288	0.002749	4
-0.279112	-0.078717	0.006252	5
-0.298361	-0.084146	0.011625	6
-0.317610	-0.089574	0.019235	7
-0.336860	-0.095003	0.029476	8
-0.356109	-0.100432	0.042779	9
-0.375358	-0.105861	0.059606	10
-0.394607	-0.111289	0.080453	11
-0.413856	-0.116718	0.105848	12
-0.433105	-0.122147	0.136353	13
-0.452354	-0.127576	0.172561	14
-0.471603	-0.133004	0.215099	15
-0.490853	-0.138433	0.264625	16
-0.510102	-0.143862	0.321834	17
-0.529351	-0.149291	0.387451	18
-0.548600	-0.154719	0.462243	19
-0.567849	-0.160148	0.547011	20
-0.587098	-0.165577	0.642596	21
-0.606347	-0.171006	0.749884	22
-0.625596	-0.176434	0.869803	23
-0.644846	-0.181863	1.003328	24
-0.664095	-0.187292	1.151482	25
-0.683344	-0.192721	1.315341	26
-0.702593	-0.198150	1.496036	27
-0.721842	-0.203578	1.694750	28
-0.741091	-0.209007	1.912724	29
-0.760340	-0.214436	2.151259	30
-0.779589	-0.219865	2.411707	31
-0.798838	-0.225293	2.695479	32
-0.818088	-0.230722	3.004037	33
-0.837337	-0.236151	3.338894	34
-0.856586	-0.241580	3.701606	35
-0.875835	-0.247008	4.093771	36
-0.895084	-0.252437	4.517025	37
-0.914333	-0.257866	4.973032	38
-0.933582	-0.263295	5.463481	39
-0.952831	-0.268723	5.990075	40
43
-0.197020	-0.072684	0.000197	1
-0.215784	-0.079606	0.000030	2
-0.234548	-0.086529	0.000752	3
-0.253312	-0.093451	0.002660	4
-0.272076	-0.100373	0.006066	5
-0.290840	-0.107295	0.011303	6
-0.309603	-0.114218	0.018736	7
-0.328367	-0.121140	0.028760	8
-0.347131	-0.128062	0.041806	9
-0.365895	-0.134985	0.058338	10
-0.384659	-0.141907	0.078855	11
-0.403423	-0.148829	0.103890	12
-0.422187	-0.155751	0.134011	13
-0.440950	-0.162674	0.169818	14
-0.459714	-0.169596	0.211949	15
-0.478478	-0.176518	0.261074	16
-0.497242	-0.183441	0.317899	17
-0.516006	-0.190363	0.383167	18
-0.534770	-0.197285	0.457655	19
-0.553533	-0.204207	0.542183	20
-0.572297	-0.211130	0.637606	21
-0.591061	-0.218052	0.744821	22
-0.609825	-0.224974	0.864769	23
-0.628589	-0.231897	0.998433	24
-0.647353	-0.238819	1.146844	25
-0.666117	-0.245741	1.311078	26
-0.684880	-0.252663	1.492262	27
-0.703644	-0.259586	1.691572	28
-0.722408	-0.266508	1.910235	29
-0.741172	-0.273430	2.149527	30
-0.759936	-0.280353	2.410776	31
-0.778700	-0.287275	2.695356	32
-0.797464	-0.294197	3.004688	33
-0.816227	-0.301119	3.340235	34
-0.834991	-0.308042	3.703503	35
-0.853755	-0.314964	4.096032	36
-0.872519	-0.321886	4.519398	37
-0.891283	-0.328809	4.975205	38
-0.910047	-0.335731	5.465080	39
-0.928810	-0.342653	5.990669	40
44
-0.190710	-0.087918	0.000203	1
-0.208873	-0.096291	0.000029	2
-0.227036	-0.104664	0.000727	3
-0.245199	-0.113037	0.002584	4
-0.263362	-0.121411	0.005906	5
-0.281525	-0.129784	0.011027	6
-0.299688	-0.138157	0.018310	7
-0.317851	-0.146530	0.028154	8
-0.336013	-0.154903	0.040991	9
-0.354176	-0.163276	0.057287	10
-0.372339	-0.171649	0.077546	11
-0.390502	-0.180023	0.102304	12
-0.408665	-0.188396	0.132134	13
-0.426828	-0.196769	0.167646	14
-0.444991	-0.205142	0.209483	15
-0.463154	-0.213515	0.258323	16
-0.481317	-0.221888	0.314884	17
-0.499479	-0.230261	0.379916	18
-0.517642	-0.238634	0.454210	19
-0.535805	-0.247008	0.538592	20
-0.553968	-0.255381	0.633928	21
-0.572131	-0.263754	0.741124	22
-0.590294	-0.272127	0.861127	23
-0.608457	-0.280500	0.994924	24
-0.626620	-0.288873	1.143548	25
-0.644783	-0.297246	1.308076	26
-0.662945	-0.305620	1.489629	27
-0.681108	-0.313993	1.689374	28
-0.699271	-0.322366	1.908527	29
-0.717434	-0.330739	2.148344	30
-0.735597	-0.339112	2.410129	31
-0.753760	-0.347485	2.695229	32
-0.771923	-0.355858	3.005032	33
-0.790086	-0.364232	3.340963	34
-0.808249	-0.372605	3.704489	35
-0.826411	-0.380978	4.097107	36
-0.844574	-0.389351	4.520348	37
-0.862737	-0.397724	4.975773	38
-0.880900	-0.406097	5.464963	39
-0.899063	-0.414470	5.989523	40
45
-0.183224	-0.102610	0.000210	1
-0.200674	-0.112382	0.000029	2
-0.218124	-0.122155	0.000706	3
-0.235574	-0.131927	0.002518	4
-0.253024	-0.141699	0.005770	5
-0.270474	-0.151472	0.010793	6
-0.287924	-0.161244	0.017954	7
-0.305374	-0.171016	0.027653	8
-0.322824	-0.180789	0.040323	9
-0.340274	-0.190561	0.056435	10
-0.357724	-0.200334	0.076495	11
-0.375174	-0.210106	0.101044	12
-0.392624	-0.219878	0.130661	13
-0.410074	-0.229651	0.165958	14
-0.427524	-0.239423	0.207586	15
-0.444974	-0.249195	0.256230	16
-0.462424	-0.258968	0.312612	17
-0.479874	-0.268740	0.377492	18
-0.497324	-0.278513	0.451665	19
-0.514774	-0.288285	0.535965	20
-0.532223	-0.298057	0.631263	21
-0.549673	-0.307830	0.738470	22
-0.567123	-0.317602	0.858536	23
-0.584573	-0.327374	0.992451	24
-0.602023	-0.337147	1.141247	25
-0.619473	-0.346919	1.305999	26
-0.636923	-0.356692	1.487824	27
-0.654373	-0.366464	1.687881	28
-0.671823	-0.376236	1.907372	29
-0.689273	-0.386009	2.147539	30
-0.706723	-0.395781	2.409666	31
-0.724173	-0.405553	2.695078	32
-0.741623	-0.415326	3.005135	33
-0.759073	-0.425098	3.341237	34
-0.776523	-0.434871	3.704818	35
-0.793973	-0.444643	4.097344	36
-0.811423	-0.454415	4.520315	37
-0.828873	-0.464188	4.975257	38
-0.846323	-0.473960	5.463721	39
-0.863773	-0.483732	5.987279	40
46
-0.174609	-0.116669	0.000219	1
-0.191238	-0.127781	0.000028	2
-0.207868	-0.138892	0.000686	3
-0.224497	-0.150003	0.002462	4
-0.241127	-0.161115	0.005655	5
-0.257756	-0.172226	0.010600	6
-0.274386	-0.183337	0.017663	7
-0.291015	-0.194449	0.027246	8
-0.307644	-0.205560	0.039787	9
-0.324274	-0.216671	0.055759	10
-0.340903	-0.227783	0.075670	11
-0.357533	-0.238894	0.100065	12
-0.374162	-0.250005	0.129527	13
-0.390792	-0.261117	0.164673	14
-0.407421	-0.272228	0.206157	15
-0.424050	-0.283339	0.254669	16
-0.440680	-0.294451	0.310936	17
-0.457309	-0.305562	0.375721	18
-0.473939	-0.316674	0.449825	19
-0.490568	-0.327785	0.534084	20
-0.507198	-0.338896	0.629373	21
-0.523827	-0.350008	0.736606	22
-0.540456	-0.361119	0.856734	23
-0.557086	-0.372230	0.990748	24
-0.573715	-0.383342	1.139680	25
-0.590345	-0.394453	1.304600	26
-0.606974	-0.405564	1.486621	27
-0.623604	-0.416676	1.686893	28
-0.640233	-0.427787	1.906608	29
-0.656862	-0.438898	2.146995	30
-0.673492	-0.450010	2.409323	31
-0.690121	-0.461121	2.694897	32
-0.706751	-0.472232	3.005059	33
-0.723380	-0.483344	3.341185	34
-0.740010	-0.494455	3.704689	35
-0.756639	-0.505567	4.097012	36
-0.773268	-0.516678	4.519630	37
-0.789898	-0.527789	4.974045	38
-0.806527	-0.538901	5.461785	39
-0.823157	-0.550012	5.984402	40
47
-0.164917	-0.130009	0.000229	1
-0.180623	-0.142391	0.000027	2
-0.196330	-0.154773	0.000668	3
-0.212036	-0.167155	0.002412	4
-0.227742	-0.179537	0.005559	5
-0.243449	-0.191918	0.010442	6
-0.259155	-0.204300	0.017429	7
-0.274862	-0.216682	0.026924	8
-0.290568	-0.229064	0.039368	9
-0.306274	-0.241446	0.055235	10
-0.321981	-0.253827	0.075037	11
-0.337687	-0.266209	0.099323	12
-0.353394	-0.278591	0.128676	13
-0.369100	-0.290973	0.163719	14
-0.384806	-0.303355	0.205107	15
-0.400513	-0.315737	0.253534	16
-0.416219	-0.328118	0.309730	17
-0.431925	-0.340500	0.374460	18
-0.447632	-0.352882	0.448528	19
-0.463338	-0.365264	0.532772	20
-0.479045	-0.377646	0.628070	21
-0.494751	-0.390028	0.735335	22
-0.510457	-0.402409	0.855520	23
-0.526164	-0.414791	0.989616	24
-0.541870	-0.427173	1.138651	25
-0.557576	-0.439555	1.303694	26
-0.573283	-0.451937	1.485851	27
-0.588989	-0.464319	1.686265	28
-0.604696	-0.476700	1.906120	29
-0.620402	-0.489082	2.146633	30
-0.636108	-0.501464	2.409059	31
-0.651815	-0.513846	2.694691	32
-0.667521	-0.526228	3.004854	33
-0.683227	-0.538610	3.340910	34
-0.698934	-0.550991	3.704254	35
-0.714640	-0.563373	4.096312	36
-0.730347	-0.575755	4.518540	37
-0.746053	-0.588137	4.972423	38
-0.761759	-0.600519	5.459473	39
-0.777466	-0.612901	5.981226	40
48
-0.154208	-0.142548	0.000239	1
-0.168895	-0.156124	0.000024	2
-0.183581	-0.169700	0.000650	3
-0.198268	-0.183276	0.002370	4
-0.212954	-0.196852	0.005481	5
-0.227641	-0.210427	0.010316	6
-0.242327	-0.224003	0.017245	7
-0.257014	-0.237579	0.026675	8
-0.271700	-0.251155	0.039047	9
-0.286387	-0.264731	0.054839	10
-0.301073	-0.278307	0.074564	11
-0.315760	-0.291883	0.098774	12
-0.330446	-0.305459	0.128055	13
-0.345133	-0.319035	0.163029	14
-0.359819	-0.332611	0.204357	15
-0.374506	-0.346187	0.252733	16
-0.389192	-0.359763	0.308888	17
-0.403879	-0.373339	0.373591	18
-0.418565	-0.386915	0.447645	19
-0.433252	-0.400491	0.531891	20
-0.447938	-0.414067	0.627207	21
-0.462625	-0.427643	0.734506	22
-0.477311	-0.441219	0.854741	23
-0.491998	-0.454795	0.988901	24
-0.506684	-0.468371	1.138014	25
-0.521371	-0.481947	1.303143	26
-0.536057	-0.495523	1.485390	27
-0.550744	-0.509099	1.685893	28
-0.565430	-0.522675	1.905824	29
-0.580117	-0.536251	2.146394	30
-0.594803	-0.549827	2.408848	31
-0.609490	-0.563403	2.694467	32
-0.624176	-0.576979	3.004565	33
-0.638863	-0.590555	3.340493	34
-0.653549	-0.604131	3.703632	35
-0.668236	-0.617706	4.095395	36
-0.682922	-0.631282	4.517227	37
-0.697609	-0.644858	4.970599	38
-0.712295	-0.658434	5.457010	39
-0.726981	-0.672010	5.977986	40
49
-0.142549	-0.154207	0.000249	1
-0.156125	-0.168894	0.000022	2
-0.169701	-0.183580	0.000634	3
-0.183277	-0.198266	0.002334	4
-0.196853	-0.212953	0.005417	5
-0.210429	-0.227639	0.010217	6
-0.224005	-0.242326	0.017105	7
-0.237581	-0.257012	0.026487	8
-0.251157	-0.271698	0.038809	9
-0.264733	-0.286385	0.054548	10
-0.278309	-0.301071	0.074222	11
-0.291885	-0.315758	0.098382	12
-0.305461	-0.330444	0.127616	13
-0.319038	-0.345131	0.162549	14
-0.332614	-0.359817	0.203841	15
-0.346190	-0.374503	0.252190	16
-0.359766	-0.389190	0.308326	17
-0.373342	-0.403876	0.373019	18
-0.386918	-0.418563	0.447073	19
-0.400494	-0.433249	0.531330	20
-0.414070	-0.447935	0.626667	21
-0.427646	-0.462622	0.733999	22
-0.441222	-0.477308	0.854276	23
-0.454798	-0.491995	0.988487	24
-0.468374	-0.506681	1.137657	25
-0.481950	-0.521367	1.302844	26
-0.495526	-0.536054	1.485147	27
-0.509102	-0.550740	1.685696	28
-0.522678	-0.565427	1.905659	29
-0.536255	-0.580113	2.146239	30
-0.549831	-0.594799	2.408673	31
-0.563407	-0.609486	2.694233	32
-0.576983	-0.624172	3.004228	33
-0.590559	-0.638859	3.339996	34
-0.604135	-0.653545	3.702911	35
-0.617711	-0.668231	4.094376	36
-0.631287	-0.682918	4.515826	37
-0.644863	-0.697604	4.968722	38
-0.658439	-0.712291	5.454555	39
-0.672015	-0.726977	5.974845	40
50
-0.130010	-0.164916	0.000259	1
-0.142392	-0.180622	0.000019	2
-0.154774	-0.196329	0.000619	3
-0.167156	-0.212035	0.002303	4
-0.179538	-0.227741	0.005366	5
-0.191920	-0.243448	0.010141	6
-0.204302	-0.259154	0.016999	7
-0.216684	-0.274860	0.026349	8
-0.229066	-0.290566	0.038637	9
-0.241448	-0.306273	0.054342	10
-0.253830	-0.321979	0.073983	11
-0.266212	-0.337685	0.098112	12
-0.278593	-0.353392	0.127319	13
-0.290975	-0.369098	0.162229	14
-0.303357	-0.384804	0.203504	15
-0.315739	-0.400511	0.251840	16
-0.328121	-0.416217	0.307971	17
-0.340503	-0.431923	0.372666	18
-0.352885	-0.447629	0.446729	19
-0.365267	-0.463336	0.531002	20
-0.377649	-0.479042	0.626362	21
-0.390031	-0.494748	0.733723	22
-0.402413	-0.510455	0.854036	23
-0.414795	-0.526161	0.988286	24
-0.427177	-0.541867	1.137494	25
-0.439559	-0.557574	1.302718	26
-0.451941	-0.573280	1.485050	27
-0.464322	-0.588986	1.685617	28
-0.476704	-0.604692	1.905580	29
-0.489086	-0.620399	2.146138	30
-0.501468	-0.636105	2.408523	31
-0.513850	-0.651811	2.694000	32
-0.526232	-0.667518	3.003871	33
-0.538614	-0.683224	3.339469	34
-0.550996	-0.698930	3.702159	35
-0.563378	-0.714636	4.093338	36
-0.575760	-0.730343	4.514432	37
-0.588142	-0.746049	4.966898	38
-0.600524	-0.761755	5.452220	39
-0.612906	-0.777462	5.971913	40
51
-0.116670	-0.174608	0.000267	1
-0.127782	-0.191238	0.000016	2
-0.138893	-0.207867	0.000605	3
-0.150005	-0.224496	0.002278	4
-0.161116	-0.241126	0.005326	5
-0.172228	-0.257755	0.010083	6
-0.183339	-0.274384	0.016922	7
-0.194451	-0.291014	0.026251	8
-0.205562	-0.307643	0.038517	9
-0.216674	-0.324272	0.054201	10
-0.227785	-0.340902	0.073823	11
-0.238896	-0.357531	0.097935	12
-0.250008	-0.374160	0.127128	13
-0.261119	-0.390790	0.162029	14
-0.272231	-0.407419	0.203298	15
-0.283342	-0.424049	0.251633	16
-0.294454	-0.440678	0.307767	17
-0.305565	-0.457307	0.372470	18
-0.316677	-0.473937	0.446547	19
-0.327788	-0.490566	0.530838	20
-0.338900	-0.507195	0.626221	21
-0.350011	-0.523825	0.733609	22
-0.361123	-0.540454	0.853950	23
-0.372234	-0.557083	0.988229	24
-0.383345	-0.573713	1.137462	25
-0.394457	-0.590342	1.302706	26
-0.405568	-0.606971	1.485048	27
-0.416680	-0.623601	1.685611	28
-0.427791	-0.640230	1.905556	29
-0.438903	-0.656859	2.146073	30
-0.450014	-0.673489	2.408393	31
-0.461126	-0.690118	2.693776	32
-0.472237	-0.706748	3.003519	33
-0.483349	-0.723377	3.338949	34
-0.494460	-0.740006	3.701425	35
-0.505572	-0.756636	4.092340	36
-0.516683	-0.773265	4.513114	37
-0.527794	-0.789894	4.965199	38
-0.538906	-0.806524	5.450078	39
-0.550017	-0.823153	5.969259	40
52
-0.102611	-0.183224	0.000275	1
-0.112384	-0.200674	0.000013	2
-0.122156	-0.218124	0.000594	3
-0.131929	-0.235573	0.002258	4
-0.141701	-0.253023	0.005295	5
-0.151474	-0.270473	0.010041	6
-0.161246	-0.287923	0.016867	7
-0.171019	-0.305373	0.026184	8
-0.180791	-0.322823	0.038437	9
-0.190563	-0.340273	0.054110	10
-0.200336	-0.357723	0.073722	11
-0.210108	-0.375173	0.097827	12
-0.219881	-0.392622	0.127016	13
-0.229653	-0.410072	0.161915	14
-0.239426	-0.427522	0.203185	15
-0.249198	-0.444972	0.251525	16
-0.258971	-0.462422	0.307668	17
-0.268743	-0.479872	0.372383	18
-0.278516	-0.497322	0.446476	19
-0.288288	-0.514772	0.530786	20
-0.298061	-0.532222	0.626191	21
-0.307833	-0.549671	0.733601	22
-0.317606	-0.567121	0.853964	23
-0.327378	-0.584571	0.988262	24
-0.337151	-0.602021	1.137510	25
-0.346923	-0.619471	1.302761	26
-0.356696	-0.636921	1.485100	27
-0.366468	-0.654371	1.685649	28
-0.376241	-0.671821	1.905562	29
-0.386013	-0.689270	2.146032	30
-0.395786	-0.706720	2.408281	31
-0.405558	-0.724170	2.693570	32
-0.415331	-0.741620	3.003189	33
-0.425103	-0.759070	3.338462	34
-0.434876	-0.776520	3.700745	35
-0.444648	-0.793970	4.091424	36
-0.454421	-0.811420	4.511918	37
-0.464193	-0.828870	4.963675	38
-0.473966	-0.846319	5.448175	39
-0.483738	-0.863769	5.966927	40
53
-0.087919	-0.190710	0.000281	1
-0.096292	-0.208873	0.000011	2
-0.104666	-0.227035	0.000585	3
-0.113039	-0.245198	0.002241	4
-0.121412	-0.263361	0.005272	5
-0.129786	-0.281524	0.010011	6
-0.138159	-0.299687	0.016830	7
-0.146532	-0.317850	0.026140	8
-0.154905	-0.336012	0.038387	9
-0.163279	-0.354175	0.054055	10
-0.171652	-0.372338	0.073664	11
-0.180025	-0.390501	0.097767	12
-0.188398	-0.408664	0.126957	13
-0.196772	-0.426827	0.161859	14
-0.205145	-0.444989	0.203135	15
-0.213518	-0.463152	0.251484	16
-0.221891	-0.481315	0.307638	17
-0.230265	-0.499478	0.372367	18
-0.238638	-0.517641	0.446476	19
-0.247011	-0.535804	0.530804	20
-0.255384	-0.553966	0.626227	21
-0.263758	-0.572129	0.733656	22
-0.272131	-0.590292	0.854035	23
-0.280504	-0.608455	0.988345	24
-0.288877	-0.626618	1.137600	25
-0.297251	-0.644781	1.302849	26
-0.305624	-0.662943	1.485178	27
-0.313997	-0.681106	1.685705	28
-0.322371	-0.699269	1.905585	29
-0.330744	-0.717432	2.146005	30
-0.339117	-0.735595	2.408188	31
-0.347490	-0.753758	2.693389	32
-0.355864	-0.771920	3.002896	33
-0.364237	-0.790083	3.338030	34
-0.372610	-0.808246	3.700143	35
-0.380983	-0.826409	4.090619	36
-0.389357	-0.844572	4.510874	37
-0.397730	-0.862735	4.962355	38
-0.406103	-0.880897	5.446540	39
-0.414476	-0.899060	5.964940	40
54
-0.072685	-0.197020	0.000287	1
-0.079608	-0.215784	0.000009	2
-0.086530	-0.234548	0.000577	3
-0.093453	-0.253311	0.002229	4
-0.100375	-0.272075	0.005256	5
-0.107297	-0.290839	0.009990	6
-0.114220	-0.309603	0.016806	7
-0.121142	-0.328367	0.026112	8
-0.128065	-0.347130	0.038357	9
-0.134987	-0.365894	0.054025	10
-0.141909	-0.384658	0.073634	11
-0.148832	-0.403422	0.097739	12
-0.155754	-0.422186	0.126933	13
-0.162677	-0.440949	0.161841	14
-0.169599	-0.459713	0.203125	15
-0.176521	-0.478477	0.251483	16
-0.183444	-0.497241	0.307650	17
-0.190366	-0.516005	0.372392	18
-0.197289	-0.534768	0.446516	19
-0.204211	-0.553532	0.530860	20
-0.211134	-0.572296	0.626298	21
-0.218056	-0.591060	0.733740	22
-0.224978	-0.609824	0.854130	23
-0.231901	-0.628587	0.988446	24
-0.238823	-0.647351	1.137702	25
-0.245746	-0.666115	1.302946	26
-0.252668	-0.684879	1.485262	27
-0.259590	-0.703643	1.685767	28
-0.266513	-0.722406	1.905614	29
-0.273435	-0.741170	2.145989	30
-0.280358	-0.759934	2.408113	31
-0.287280	-0.778698	2.693237	32
-0.294202	-0.797462	3.002649	33
-0.301125	-0.816225	3.337665	34
-0.308047	-0.834989	3.699635	35
-0.314970	-0.853753	4.089942	36
-0.321892	-0.872517	4.510001	37
-0.328814	-0.891281	4.961257	38
-0.335737	-0.910044	5.445191	39
-0.342659	-0.928808	5.963309	40
55
-0.057003	-0.202115	0.000291	1
-0.062432	-0.221364	0.000008	2
-0.067861	-0.240614	0.000571	3
-0.073290	-0.259863	0.002220	4
-0.078719	-0.279112	0.005244	5
-0.084148	-0.298361	0.009976	6
-0.089577	-0.317610	0.016790	7
-0.095005	-0.336859	0.026096	8
-0.100434	-0.356108	0.038341	9
-0.105863	-0.375357	0.054010	10
-0.111292	-0.394606	0.073621	11
-0.116721	-0.413855	0.097730	12
-0.122150	-0.433104	0.126929	13
-0.127579	-0.452353	0.161843	14
-0.133008	-0.471603	0.203135	15
-0.138436	-0.490852	0.251503	16
-0.143865	-0.510101	0.307681	17
-0.149294	-0.529350	0.372436	18
-0.154723	-0.548599	0.446572	19
-0.160152	-0.567848	0.530928	20
-0.165581	-0.587097	0.626378	21
-0.171010	-0.606346	0.733829	22
-0.176439	-0.625595	0.854225	23
-0.181868	-0.644844	0.988544	24
-0.187296	-0.664093	1.137798	25
-0.192725	-0.683342	1.303035	26
-0.198154	-0.702592	1.485338	27
-0.203583	-0.721841	1.685824	28
-0.209012	-0.741090	1.905643	29
-0.214441	-0.760339	2.145982	30
-0.219870	-0.779588	2.408057	31
-0.225299	-0.798837	2.693120	32
-0.230727	-0.818086	3.002453	33
-0.236156	-0.837335	3.337374	34
-0.241585	-0.856584	3.699231	35
-0.247014	-0.875833	4.089405	36
-0.252443	-0.895082	4.509310	37
-0.257872	-0.914332	4.960394	38
-0.263301	-0.933581	5.444134	39
-0.268730	-0.952830	5.962039	40
56
-0.040970	-0.205965	0.000294	1
-0.044872	-0.225580	0.000007	2
-0.048774	-0.245196	0.000567	3
-0.052675	-0.264812	0.002214	4
-0.056577	-0.284428	0.005236	5
-0.060479	-0.304043	0.009968	6
-0.064381	-0.323659	0.016781	7
-0.068283	-0.343275	0.026087	8
-0.072185	-0.362890	0.038334	9
-0.076087	-0.382506	0.054004	10
-0.079989	-0.402122	0.073618	11
-0.083890	-0.421737	0.097730	12
-0.087792	-0.441353	0.126934	13
-0.091694	-0.460969	0.161854	14
-0.095596	-0.480584	0.203153	15
-0.099498	-0.500200	0.251529	16
-0.103400	-0.519816	0.307715	17
-0.107302	-0.539431	0.372480	18
-0.111204	-0.559047	0.446625	19
-0.115105	-0.578663	0.530990	20
-0.119007	-0.598279	0.626447	21
-0.122909	-0.617894	0.733904	22
-0.126811	-0.637510	0.854303	23
-0.130713	-0.657126	0.988622	24
-0.134615	-0.676741	1.137873	25
-0.138517	-0.696357	1.303105	26
-0.142419	-0.715973	1.485398	27
-0.146321	-0.735588	1.685870	28
-0.150222	-0.755204	1.905670	29
-0.154124	-0.774820	2.145981	30
-0.158026	-0.794435	2.408020	31
-0.161928	-0.814051	2.693037	32
-0.165830	-0.833667	3.002313	33
-0.169732	-0.853283	3.337163	34
-0.173634	-0.872898	3.698937	35
-0.177536	-0.892514	4.089014	36
-0.181437	-0.912130	4.508810	37
-0.185339	-0.931745	4.959770	38
-0.189241	-0.951361	5.443373	39
-0.193143	-0.970977	5.961129	40
57
-0.024684	-0.208544	0.000296	1
-0.027034	-0.228406	0.000006	2
-0.029385	-0.248267	0.000564	3
-0.031736	-0.268128	0.002210	4
-0.034087	-0.287990	0.005232	5
-0.036438	-0.307851	0.009963	6
-0.038789	-0.327712	0.016777	7
-0.041139	-0.347574	0.026084	8
-0.043490	-0.367435	0.038331	9
-0.045841	-0.387297	0.054002	10
-0.048192	-0.407158	0.073618	11
-0.050543	-0.427019	0.097734	12
-0.052894	-0.446881	0.126940	13
-0.055244	-0.466742	0.161864	14
-0.057595	-0.486603	0.203169	15
-0.059946	-0.506465	0.251551	16
-0.062297	-0.526326	0.307743	17
-0.064648	-0.546187	0.372513	18
-0.066999	-0.566049	0.446664	19
-0.069349	-0.585910	0.531033	20
-0.071700	-0.605771	0.626494	21
-0.074051	-0.625633	0.733953	22
-0.076402	-0.645494	0.854352	23
-0.078753	-0.665356	0.988671	24
-0.081103	-0.685217	1.137921	25
-0.083454	-0.705078	1.303149	26
-0.085805	-0.724940	1.485438	27
-0.088156	-0.744801	1.685902	28
-0.090507	-0.764662	1.905690	29
-0.092858	-0.784524	2.145985	30
-0.095208	-0.804385	2.408002	31
-0.097559	-0.824246	2.692989	32
-0.099910	-0.844108	3.002228	33
-0.102261	-0.863969	3.337034	34
-0.104612	-0.883831	3.698756	35
-0.106963	-0.903692	4.088774	36
-0.109313	-0.923553	4.508503	37
-0.111664	-0.943415	4.959389	38
-0.114015	-0.963276	5.442910	39
-0.116366	-0.983137	5.960577	40
58
-0.008245	-0.209838	0.000297	1
-0.009031	-0.229823	0.000006	2
-0.009816	-0.249807	0.000564	3
-0.010601	-0.269792	0.002209	4
-0.011386	-0.289776	0.005231	5
-0.012172	-0.309761	0.009962	6
-0.012957	-0.329746	0.016776	7
-0.013742	-0.349730	0.026083	8
-0.014528	-0.369715	0.038330	9
-0.015313	-0.389699	0.054002	10
-0.016098	-0.409684	0.073619	11
-0.016883	-0.429668	0.097736	12
-0.017669	-0.449653	0.126944	13
-0.018454	-0.469638	0.161870	14
-0.019239	-0.489622	0.203177	15
-0.020025	-0.509607	0.251561	16
-0.020810	-0.529591	0.307755	17
-0.021595	-0.549576	0.372528	18
-0.022380	-0.569560	0.446680	19
-0.023166	-0.589545	0.531050	20
-0.023951	-0.609530	0.626510	21
-0.024736	-0.629514	0.733969	22
-0.025521	-0.649499	0.854369	23
-0.026307	-0.669483	0.988687	24
-0.027092	-0.689468	1.137937	25
-0.027877	-0.709453	1.303166	26
-0.028663	-0.729437	1.485455	27
-0.029448	-0.749422	1.685917	28
-0.030233	-0.769406	1.905703	29
-0.031018	-0.789391	2.145992	30
-0.031804	-0.809375	2.408000	31
-0.032589	-0.829360	2.692975	32
-0.033374	-0.849345	3.002199	33
-0.034159	-0.869329	3.336988	34
-0.034945	-0.889314	3.698690	35
-0.035730	-0.909298	4.088686	36
-0.036515	-0.929283	4.508391	37
-0.037301	-0.949267	4.959252	38
-0.038086	-0.969252	5.442745	39
-0.038871	-0.989237	5.960382	40
59
0.008244	-0.209838	0.000296	1
0.009029	-0.229823	0.000006	2
0.009814	-0.249807	0.000564	3
0.010599	-0.269792	0.002210	4
0.011384	-0.289776	0.005232	5
0.012169	-0.309761	0.009964	6
0.012954	-0.329746	0.016778	7
0.013740	-0.349730	0.026084	8
0.014525	-0.369715	0.038332	9
0.015310	-0.389699	0.054003	10
0.016095	-0.409684	0.073620	11
0.016880	-0.429669	0.097736	12
0.017665	-0.449653	0.126943	13
0.018450	-0.469638	0.161869	14
0.019235	-0.489622	0.203175	15
0.020020	-0.509607	0.251558	16
0.020806	-0.529591	0.307751	17
0.021591	-0.549576	0.372521	18
0.022376	-0.569561	0.446670	19
0.023161	-0.589545	0.531038	20
0.023946	-0.609530	0.626496	21
0.024731	-0.629514	0.733953	22
0.025516	-0.649499	0.854351	23
0.026301	-0.669484	0.988671	24
0.027087	-0.689468	1.137923	25
0.027872	-0.709453	1.303155	26
0.028657	-0.729437	1.485447	27
0.029442	-0.749422	1.685915	28
0.030227	-0.769406	1.905704	29
0.031012	-0.789391	2.145998	30
0.031797	-0.809376	2.408012	31
0.032582	-0.829360	2.692993	32
0.033367	-0.849345	3.002225	33
0.034153	-0.869329	3.337024	34
0.034938	-0.889314	3.698740	35
0.035723	-0.909299	4.088753	36
0.036508	-0.929283	4.508477	37
0.037293	-0.949268	4.959359	38
0.038078	-0.969252	5.442877	39
0.038863	-0.989237	5.960541	40
60
0.024682	-0.208544	0.000294	1
0.027033	-0.228406	0.000007	2
0.029383	-0.248267	0.000567	3
0.031734	-0.268129	0.002214	4
0.034085	-0.287990	0.005237	5
0.036435	-0.307851	0.009969	6
0.038786	-0.327713	0.016782	7
0.041137	-0.347574	0.026089	8
0.043487	-0.367436	0.038335	9
0.045838	-0.387297	0.054006	10
0.048189	-0.407158	0.073621	11
0.050539	-0.427020	0.097735	12
0.052890	-0.446881	0.126940	13
0.055241	-0.466742	0.161862	14
0.057591	-0.486604	0.203164	15
0.059942	-0.506465	0.251543	16
0.062293	-0.526327	0.307730	17
0.064643	-0.546188	0.372494	18
0.066994	-0.566049	0.446638	19
0.069345	-0.585911	0.531000	20
0.071695	-0.605772	0.626453	21
0.074046	-0.625633	0.733907	22
0.076397	-0.645495	0.854304	23
0.078747	-0.665356	0.988624	24
0.081098	-0.685218	1.137879	25
0.083449	-0.705079	1.303116	26
0.085799	-0.724940	1.485416	27
0.088150	-0.744802	1.685893	28
0.090501	-0.764663	1.905694	29
0.092851	-0.784524	2.146004	30
0.095202	-0.804386	2.408036	31
0.097553	-0.824247	2.693043	32
0.099903	-0.844109	3.002306	33
0.102254	-0.863970	3.337144	34
0.104605	-0.883831	3.698906	35
0.106955	-0.903693	4.088973	36
0.109306	-0.923554	4.508760	37
0.111657	-0.943415	4.959712	38
0.114007	-0.963277	5.443307	39
0.116358	-0.983138	5.961055	40
61
0.040968	-0.205965	0.000291	1
0.044870	-0.225581	0.000008	2
0.048772	-0.245197	0.000571	3
0.052673	-0.264812	0.002220	4
0.056575	-0.284428	0.005244	5
0.060477	-0.304044	0.009977	6
0.064378	-0.323659	0.016792	7
0.068280	-0.343275	0.026098	8
0.072182	-0.362891	0.038344	9
0.076084	-0.382507	0.054013	10
0.079985	-0.402122	0.073626	11
0.083887	-0.421738	0.097737	12
0.087789	-0.441354	0.126937	13
0.091691	-0.460969	0.161855	14
0.095592	-0.480585	0.203150	15
0.099494	-0.500201	0.251521	16
0.103396	-0.519817	0.307700	17
0.107297	-0.539432	0.372455	18
0.111199	-0.559048	0.446590	19
0.115101	-0.578664	0.530944	20
0.119003	-0.598280	0.626390	21
0.122904	-0.617895	0.733839	22
0.126806	-0.637511	0.854234	23
0.130708	-0.657127	0.988553	24
0.134610	-0.676742	1.137811	25
0.138511	-0.696358	1.303054	26
0.142413	-0.715974	1.485362	27
0.146315	-0.735590	1.685852	28
0.150216	-0.755205	1.905673	29
0.154118	-0.774821	2.146007	30
0.158020	-0.794437	2.408074	31
0.161922	-0.814052	2.693124	32
0.165823	-0.833668	3.002442	33
0.169725	-0.853284	3.337347	34
0.173627	-0.872900	3.699188	35
0.177528	-0.892515	4.089347	36
0.181430	-0.912131	4.509239	37
0.185332	-0.931747	4.960309	38
0.189234	-0.951363	5.444035	39
0.193135	-0.970978	5.961926	40
62
0.057002	-0.202116	0.000287	1
0.062430	-0.221365	0.000009	2
0.067859	-0.240614	0.000577	3
0.073288	-0.259863	0.002229	4
0.078717	-0.279112	0.005256	5
0.084145	-0.298361	0.009991	6
0.089574	-0.317611	0.016807	7
0.095003	-0.336860	0.026115	8
0.100431	-0.356109	0.038361	9
0.105860	-0.375358	0.054029	10
0.111289	-0.394607	0.073640	11
0.116718	-0.413856	0.097747	12
0.122146	-0.433105	0.126943	13
0.127575	-0.452354	0.161854	14
0.133004	-0.471604	0.203141	15
0.138433	-0.490853	0.251503	16
0.143861	-0.510102	0.307671	17
0.149290	-0.529351	0.372416	18
0.154719	-0.548600	0.446540	19
0.160147	-0.567849	0.530883	20
0.165576	-0.587098	0.626320	21
0.171005	-0.606348	0.733761	22
0.176434	-0.625597	0.854151	23
0.181862	-0.644846	0.988468	24
0.187291	-0.664095	1.137726	25
0.192720	-0.683344	1.302973	26
0.198149	-0.702593	1.485291	27
0.203577	-0.721842	1.685797	28
0.209006	-0.741091	1.905642	29
0.214435	-0.760341	2.146011	30
0.219863	-0.779590	2.408125	31
0.225292	-0.798839	2.693236	32
0.230721	-0.818088	3.002632	33
0.236150	-0.837337	3.337630	34
0.241578	-0.856586	3.699581	35
0.247007	-0.875835	4.089869	36
0.252436	-0.895084	4.509909	37
0.257865	-0.914334	4.961145	38
0.263293	-0.933583	5.445058	39
0.268722	-0.952832	5.963155	40
63
0.072684	-0.197020	0.000282	1
0.079606	-0.215784	0.000011	2
0.086528	-0.234548	0.000584	3
0.093451	-0.253312	0.002241	4
0.100373	-0.272076	0.005273	5
0.107295	-0.290840	0.010012	6
0.114217	-0.309604	0.016832	7
0.121140	-0.328367	0.026142	8
0.128062	-0.347131	0.038391	9
0.134984	-0.365895	0.054061	10
0.141906	-0.384659	0.073671	11
0.148829	-0.403423	0.097777	12
0.155751	-0.422187	0.126968	13
0.162673	-0.440951	0.161873	14
0.169595	-0.459714	0.203152	15
0.176518	-0.478478	0.251504	16
0.183440	-0.497242	0.307661	17
0.190362	-0.516006	0.372392	18
0.197284	-0.534770	0.446504	19
0.204207	-0.553534	0.530834	20
0.211129	-0.572298	0.626260	21
0.218051	-0.591061	0.733690	22
0.224973	-0.609825	0.854071	23
0.231896	-0.628589	0.988381	24
0.238818	-0.647353	1.137636	25
0.245740	-0.666117	1.302885	26
0.252663	-0.684881	1.485211	27
0.259585	-0.703645	1.685734	28
0.266507	-0.722408	1.905608	29
0.273429	-0.741172	2.146020	30
0.280352	-0.759936	2.408192	31
0.287274	-0.778700	2.693380	32
0.294196	-0.797464	3.002872	33
0.301118	-0.816228	3.337988	34
0.308041	-0.834992	3.700081	35
0.314963	-0.853755	4.090533	36
0.321885	-0.872519	4.510762	37
0.328807	-0.891283	4.962216	38
0.335730	-0.910047	5.446372	39
0.342652	-0.928811	5.964741	40
64
0.087918	-0.190710	0.000275	1
0.096291	-0.208873	0.000013	2
0.104664	-0.227036	0.000594	3
0.113037	-0.245199	0.002257	4
0.121410	-0.263362	0.005295	5
0.129783	-0.281525	0.010042	6
0.138156	-0.299688	0.016869	7
0.146530	-0.317851	0.026187	8
0.154903	-0.336014	0.038441	9
0.163276	-0.354177	0.054116	10
0.171649	-0.372339	0.073730	11
0.180022	-0.390502	0.097837	12
0.188395	-0.408665	0.127027	13
0.196768	-0.426828	0.161928	14
0.205141	-0.444991	0.203201	15
0.213514	-0.463154	0.251544	16
0.221888	-0.481317	0.307690	17
0.230261	-0.499480	0.372409	18
0.238634	-0.517643	0.446507	19
0.247007	-0.535806	0.530823	20
0.255380	-0.553968	0.626233	21
0.263753	-0.572131	0.733648	22
0.272126	-0.590294	0.854015	23
0.280499	-0.608457	0.988313	24
0.288872	-0.626620	1.137559	25
0.297246	-0.644783	1.302805	26
0.305619	-0.662946	1.485136	27
0.313992	-0.681109	1.685676	28
0.322365	-0.699272	1.905580	29
0.330738	-0.717435	2.146039	30
0.339111	-0.735597	2.408278	31
0.347484	-0.753760	2.693555	32
0.355857	-0.771923	3.003159	33
0.364231	-0.790086	3.338414	34
0.372604	-0.808249	3.700674	35
0.380977	-0.826412	4.091325	36
0.389350	-0.844575	4.511786	37
0.397723	-0.862738	4.963508	38
0.406096	-0.880901	5.447969	39
0.414469	-0.899064	5.966682	40
65
0.102610	-0.183225	0.000268	1
0.112382	-0.200675	0.000016	2
0.122154	-0.218125	0.000605	3
0.131927	-0.235575	0.002277	4
0.141699	-0.253024	0.005326	5
0.151471	-0.270474	0.010083	6
0.161244	-0.287924	0.016923	7
0.171016	-0.305374	0.026253	8
0.180788	-0.322824	0.038521	9
0.190561	-0.340274	0.054207	10
0.200333	-0.357724	0.073830	11
0.210105	-0.375174	0.097944	12
0.219878	-0.392624	0.127139	13
0.229650	-0.410074	0.162041	14
0.239423	-0.427524	0.203312	15
0.249195	-0.444974	0.251650	16
0.258967	-0.462424	0.307788	17
0.268740	-0.479874	0.372497	18
0.278512	-0.497324	0.446580	19
0.288284	-0.514774	0.530879	20
0.298057	-0.532224	0.626271	21
0.307829	-0.549674	0.733666	22
0.317601	-0.567124	0.854011	23
0.327374	-0.584574	0.988290	24
0.337146	-0.602024	1.137521	25
0.346918	-0.619474	1.302757	26
0.356691	-0.636924	1.485088	27
0.366463	-0.654374	1.685639	28
0.376235	-0.671824	1.905571	29
0.386008	-0.689274	2.146077	30
0.395780	-0.706724	2.408385	31
0.405552	-0.724173	2.693755	32
0.415325	-0.741623	3.003483	33
0.425097	-0.759073	3.338892	34
0.434869	-0.776523	3.701343	35
0.444642	-0.793973	4.092225	36
0.454414	-0.811423	4.512960	37
0.464187	-0.828873	4.965002	38
0.473959	-0.846323	5.449833	39
0.483731	-0.863773	5.968965	40
66
0.116669	-0.174609	0.000259	1
0.127780	-0.191239	0.000019	2
0.138892	-0.207868	0.000618	3
0.150003	-0.224497	0.002302	4
0.161114	-0.241127	0.005365	5
0.172226	-0.257756	0.010140	6
0.183337	-0.274386	0.016998	7
0.194448	-0.291015	0.026350	8
0.205560	-0.307645	0.038638	9
0.216671	-0.324274	0.054345	10
0.227782	-0.340904	0.073988	11
0.238894	-0.357533	0.098119	12
0.250005	-0.374162	0.127328	13
0.261116	-0.390792	0.162240	14
0.272228	-0.407421	0.203517	15
0.283339	-0.424051	0.251857	16
0.294450	-0.440680	0.307992	17
0.305562	-0.457310	0.372692	18
0.316673	-0.473939	0.446763	19
0.327784	-0.490569	0.531045	20
0.338896	-0.507198	0.626414	21
0.350007	-0.523827	0.733784	22
0.361118	-0.540457	0.854102	23
0.372230	-0.557086	0.988353	24
0.383341	-0.573716	1.137558	25
0.394452	-0.590345	1.302774	26
0.405564	-0.606975	1.485095	27
0.416675	-0.623604	1.685649	28
0.427786	-0.640234	1.905599	29
0.438898	-0.656863	2.146144	30
0.450009	-0.673492	2.408515	31
0.461120	-0.690122	2.693977	32
0.472232	-0.706751	3.003830	33
0.483343	-0.723381	3.339404	34
0.494454	-0.740010	3.702063	35
0.505566	-0.756640	4.093204	36
0.516677	-0.773269	4.514253	37
0.527788	-0.789898	4.966667	38
0.538900	-0.806528	5.451933	39
0.550011	-0.823157	5.971568	40
67
0.130009	-0.164917	0.000250	1
0.142391	-0.180624	0.000021	2
0.154773	-0.196330	0.000633	3
0.167154	-0.212036	0.002332	4
0.179536	-0.227743	0.005415	5
0.191918	-0.243449	0.010214	6
0.204300	-0.259156	0.017102	7
0.216682	-0.274862	0.026485	8
0.229063	-0.290568	0.038808	9
0.241445	-0.306275	0.054548	10
0.253827	-0.321981	0.074224	11
0.266209	-0.337687	0.098385	12
0.278591	-0.353394	0.127622	13
0.290972	-0.369100	0.162557	14
0.303354	-0.384807	0.203853	15
0.315736	-0.400513	0.252205	16
0.328118	-0.416219	0.308346	17
0.340500	-0.431926	0.373045	18
0.352882	-0.447632	0.447107	19
0.365263	-0.463339	0.531372	20
0.377645	-0.479045	0.626717	21
0.390027	-0.494751	0.734056	22
0.402409	-0.510458	0.854339	23
0.414791	-0.526164	0.988552	24
0.427172	-0.541871	1.137720	25
0.439554	-0.557577	1.302903	26
0.451936	-0.573283	1.485197	27
0.464318	-0.588990	1.685736	28
0.476700	-0.604696	1.905686	29
0.489081	-0.620403	2.146252	30
0.501463	-0.636109	2.408670	31
0.513845	-0.651815	2.694212	32
0.526227	-0.667522	3.004183	33
0.538609	-0.683228	3.339922	34
0.550990	-0.698935	3.702800	35
0.563372	-0.714641	4.094220	36
0.575754	-0.730347	4.515618	37
0.588136	-0.746054	4.968455	38
0.600518	-0.761760	5.454225	39
0.612899	-0.777467	5.974447	40
68
0.142547	-0.154208	0.000240	1
0.156123	-0.168895	0.000024	2
0.169699	-0.183581	0.000649	3
0.183275	-0.198268	0.002367	4
0.196851	-0.212954	0.005477	5
0.210427	-0.227641	0.010311	6
0.224003	-0.242327	0.017240	7
0.237579	-0.257014	0.026670	8
0.251155	-0.271700	0.039042	9
0.264731	-0.286387	0.054834	10
0.278307	-0.301074	0.074561	11
0.291883	-0.315760	0.098772	12
0.305459	-0.330447	0.128056	13
0.319035	-0.345133	0.163033	14
0.332611	-0.359820	0.204365	15
0.346187	-0.374506	0.252746	16
0.359763	-0.389193	0.308907	17
0.373339	-0.403879	0.373615	18
0.386914	-0.418566	0.447676	19
0.400490	-0.433252	0.531929	20
0.414066	-0.447939	0.627250	21
0.427642	-0.462625	0.734555	22
0.441218	-0.477312	0.854795	23
0.454794	-0.491998	0.988959	24
0.468370	-0.506685	1.138074	25
0.481946	-0.521371	1.303202	26
0.495522	-0.536058	1.485446	27
0.509098	-0.550744	1.685942	28
0.522674	-0.565431	1.905863	29
0.536250	-0.580117	2.146419	30
0.549826	-0.594804	2.408854	31
0.563402	-0.609490	2.694449	32
0.576978	-0.624177	3.004517	33
0.590554	-0.638863	3.340408	34
0.604130	-0.653550	3.703503	35
0.617706	-0.668236	4.095216	36
0.631282	-0.682923	4.516989	37
0.644857	-0.697609	4.970295	38
0.658433	-0.712296	5.456634	39
0.672009	-0.726982	5.977532	40
69
0.154207	-0.142549	0.000230	1
0.168893	-0.156125	0.000026	2
0.183580	-0.169701	0.000666	3
0.198266	-0.183277	0.002409	4
0.212953	-0.196853	0.005554	5
0.227639	-0.210429	0.010435	6
0.242325	-0.224005	0.017420	7
0.257012	-0.237581	0.026915	8
0.271698	-0.251158	0.039357	9
0.286385	-0.264734	0.055224	10
0.301071	-0.278310	0.075027	11
0.315757	-0.291886	0.099314	12
0.330444	-0.305462	0.128670	13
0.345130	-0.319038	0.163717	14
0.359816	-0.332614	0.205110	15
0.374503	-0.346190	0.253542	16
0.389189	-0.359766	0.309744	17
0.403876	-0.373342	0.374480	18
0.418562	-0.386918	0.448553	19
0.433248	-0.400494	0.532802	20
0.447935	-0.414071	0.628104	21
0.462621	-0.427647	0.735374	22
0.477308	-0.441223	0.855563	23
0.491994	-0.454799	0.989664	24
0.506680	-0.468375	1.138704	25
0.521367	-0.481951	1.303751	26
0.536053	-0.495527	1.485909	27
0.550740	-0.509103	1.686322	28
0.565426	-0.522679	1.906170	29
0.580112	-0.536255	2.146669	30
0.594799	-0.549831	2.409074	31
0.609485	-0.563407	2.694677	32
0.624171	-0.576984	3.004804	33
0.638858	-0.590560	3.340817	34
0.653544	-0.604136	3.704110	35
0.668231	-0.617712	4.096110	36
0.682917	-0.631288	4.518273	37
0.697603	-0.644864	4.972083	38
0.712290	-0.658440	5.459052	39
0.726976	-0.672016	5.980717	40
70
0.164916	-0.130011	0.000220	1
0.180622	-0.142392	0.000027	2
0.196328	-0.154774	0.000684	3
0.212035	-0.167156	0.002457	4
0.227741	-0.179538	0.005648	5
0.243447	-0.191920	0.010590	6
0.259154	-0.204302	0.017651	7
0.274860	-0.216684	0.027232	8
0.290566	-0.229066	0.039771	9
0.306272	-0.241448	0.055741	10
0.321979	-0.253830	0.075652	11
0.337685	-0.266212	0.100049	12
0.353391	-0.278594	0.129514	13
0.369098	-0.290976	0.164664	14
0.384804	-0.303358	0.206153	15
0.400510	-0.315740	0.254671	16
0.416216	-0.328122	0.310943	17
0.431923	-0.340504	0.375734	18
0.447629	-0.352886	0.449842	19
0.463335	-0.365268	0.534104	20
0.479042	-0.377650	0.629397	21
0.494748	-0.390032	0.736633	22
0.510454	-0.402413	0.856765	23
0.526160	-0.414795	0.990785	24
0.541867	-0.427177	1.139724	25
0.557573	-0.439559	1.304652	26
0.573279	-0.451941	1.486678	27
0.588985	-0.464323	1.686952	28
0.604692	-0.476705	1.906663	29
0.620398	-0.489087	2.147037	30
0.636104	-0.501469	2.409343	31
0.651811	-0.513851	2.694885	32
0.667517	-0.526233	3.005006	33
0.683223	-0.538615	3.341084	34
0.698929	-0.550997	3.704532	35
0.714636	-0.563379	4.096792	36
0.730342	-0.575761	4.519339	37
0.746048	-0.588143	4.973673	38
0.761755	-0.600525	5.461322	39
0.777461	-0.612907	5.983838	40
71
0.174608	-0.116671	0.000211	1
0.191237	-0.127782	0.000028	2
0.207867	-0.138894	0.000703	3
0.224496	-0.150005	0.002513	4
0.241125	-0.161117	0.005761	5
0.257755	-0.172228	0.010781	6
0.274384	-0.183339	0.017939	7
0.291013	-0.194451	0.027634	8
0.307643	-0.205562	0.040302	9
0.324272	-0.216674	0.056412	10
0.340901	-0.227785	0.076471	11
0.357531	-0.238897	0.101021	12
0.374160	-0.250008	0.130639	13
0.390789	-0.261120	0.165940	14
0.407419	-0.272231	0.207573	15
0.424048	-0.283343	0.256222	16
0.440677	-0.294454	0.312610	17
0.457307	-0.305566	0.377495	18
0.473936	-0.316677	0.451672	19
0.490565	-0.327789	0.535975	20
0.507195	-0.338900	0.631276	21
0.523824	-0.350012	0.738486	22
0.540454	-0.361123	0.858556	23
0.557083	-0.372235	0.992477	24
0.573712	-0.383346	1.141282	25
0.590342	-0.394458	1.306043	26
0.606971	-0.405569	1.487875	27
0.623600	-0.416681	1.687936	28
0.640230	-0.427792	1.907423	29
0.656859	-0.438904	2.147578	30
0.673488	-0.450015	2.409684	31
0.690118	-0.461127	2.695064	32
0.706747	-0.472238	3.005080	33
0.723376	-0.483350	3.341132	34
0.740006	-0.494461	3.704654	35
0.756635	-0.505573	4.097113	36
0.773264	-0.516684	4.520006	37
0.789894	-0.527796	4.974858	38
0.806523	-0.538907	5.463219	39
0.823152	-0.550018	5.986663	40
72
0.183224	-0.102611	0.000204	1
0.200674	-0.112384	0.000029	2
0.218123	-0.122156	0.000724	3
0.235573	-0.131929	0.002578	4
0.253023	-0.141701	0.005897	5
0.270473	-0.151474	0.011014	6
0.287923	-0.161246	0.018294	7
0.305373	-0.171019	0.028135	8
0.322823	-0.180791	0.040969	9
0.340273	-0.190564	0.057263	10
0.357722	-0.200336	0.077520	11
0.375172	-0.210109	0.102277	12
0.392622	-0.219881	0.132109	13
0.410072	-0.229654	0.167623	14
0.427522	-0.239426	0.209463	15
0.444972	-0.249199	0.258307	16
0.462422	-0.258972	0.314872	17
0.479871	-0.268744	0.379909	18
0.497321	-0.278517	0.454206	19
0.514771	-0.288289	0.538591	20
0.532221	-0.298062	0.633931	21
0.549671	-0.307834	0.741131	22
0.567121	-0.317607	0.861138	23
0.584571	-0.327379	0.994942	24
0.602021	-0.337152	1.143573	25
0.619470	-0.346924	1.308108	26
0.636920	-0.356697	1.489667	27
0.654370	-0.366469	1.689416	28
0.671820	-0.376242	1.908565	29
0.689270	-0.386014	2.148371	30
0.706720	-0.395787	2.410138	31
0.724170	-0.405559	2.695210	32
0.741620	-0.415332	3.004974	33
0.759069	-0.425104	3.340857	34
0.776519	-0.434877	3.704324	35
0.793969	-0.444649	4.096871	36
0.811419	-0.454422	4.520030	37
0.828869	-0.464194	4.975356	38
0.846319	-0.473967	5.464432	39
0.863769	-0.483739	5.988861	40
73
0.190710	-0.087919	0.000199	1
0.208872	-0.096293	0.000030	2
0.227035	-0.104666	0.000749	3
0.245198	-0.113039	0.002655	4
0.263361	-0.121413	0.006058	5
0.281524	-0.129786	0.011293	6
0.299687	-0.138159	0.018723	7
0.317849	-0.146532	0.028745	8
0.336012	-0.154906	0.041790	9
0.354175	-0.163279	0.058320	10
0.372338	-0.171652	0.078836	11
0.390501	-0.180026	0.103870	12
0.408663	-0.188399	0.133990	13
0.426826	-0.196772	0.169798	14
0.444989	-0.205145	0.211930	15
0.463152	-0.213519	0.261056	16
0.481315	-0.221892	0.317883	17
0.499478	-0.230265	0.383152	18
0.517640	-0.238639	0.457644	19
0.535803	-0.247012	0.542174	20
0.553966	-0.255385	0.637600	21
0.572129	-0.263758	0.744820	22
0.590292	-0.272132	0.864772	23
0.608455	-0.280505	0.998442	24
0.626617	-0.288878	1.146857	25
0.644780	-0.297252	1.311095	26
0.662943	-0.305625	1.492282	27
0.681106	-0.313998	1.691592	28
0.699269	-0.322371	1.910251	29
0.717431	-0.330745	2.149535	30
0.735594	-0.339118	2.410770	31
0.753757	-0.347491	2.695327	32
0.771920	-0.355865	3.004627	33
0.790083	-0.364238	3.340132	34
0.808246	-0.372611	3.703344	35
0.826408	-0.380984	4.095802	36
0.844571	-0.389358	4.519081	37
0.862734	-0.397731	4.974782	38
0.880897	-0.406104	5.464530	39
0.899060	-0.414478	5.989971	40
74
0.197020	-0.072686	0.000197	1
0.215784	-0.079608	0.000034	2
0.234547	-0.086530	0.000780	3
0.253311	-0.093453	0.002746	4
0.272075	-0.100375	0.006248	5
0.290839	-0.107298	0.011622	6
0.309603	-0.114220	0.019232	7
0.328366	-0.121143	0.029475	8
0.347130	-0.128065	0.042780	9
0.365894	-0.134987	0.059608	10
0.384658	-0.141910	0.080456	11
0.403422	-0.148832	0.105851	12
0.422185	-0.155755	0.136355	13
0.440949	-0.162677	0.172562	14
0.459713	-0.169600	0.215097	15
0.478477	-0.176522	0.264621	16
0.497240	-0.183445	0.321826	17
0.516004	-0.190367	0.387442	18
0.534768	-0.197289	0.462233	19
0.553532	-0.204212	0.547002	20
0.572296	-0.211134	0.642589	21
0.591059	-0.218057	0.749879	22
0.609823	-0.224979	0.869800	23
0.628587	-0.231902	1.003325	24
0.647351	-0.238824	1.151480	25
0.666115	-0.245746	1.315338	26
0.684878	-0.252669	1.496031	27
0.703642	-0.259591	1.694742	28
0.722406	-0.266514	1.912713	29
0.741170	-0.273436	2.151242	30
0.759934	-0.280359	2.411682	31
0.778697	-0.287281	2.695440	32
0.797461	-0.294203	3.003975	33
0.816225	-0.301126	3.338797	34
0.834989	-0.308048	3.701460	35
0.853753	-0.314971	4.093558	36
0.872516	-0.321893	4.516723	37
0.891280	-0.328816	4.972618	38
0.910044	-0.335738	5.462928	39
0.928808	-0.342661	5.989358	40
75
0.202115	-0.057004	0.000202	1
0.221364	-0.062432	0.000044	2
0.240613	-0.067861	0.000822	3
0.259863	-0.073290	0.002857	4
0.279112	-0.078719	0.006471	5
0.298361	-0.084148	0.012004	6
0.317610	-0.089577	0.019824	7
0.336859	-0.095006	0.030329	8
0.356108	-0.100435	0.043949	9
0.375357	-0.105864	0.061146	10
0.394606	-0.111293	0.082412	11
0.413855	-0.116721	0.108272	12
0.433104	-0.122150	0.139279	13
0.452353	-0.127579	0.176018	14
0.471602	-0.133008	0.219103	15
0.490851	-0.138437	0.269178	16
0.510101	-0.143866	0.326921	17
0.529350	-0.149295	0.393041	18
0.548599	-0.154724	0.468281	19
0.567848	-0.160153	0.553422	20
0.587097	-0.165582	0.649283	21
0.606346	-0.171011	0.756728	22
0.625595	-0.176439	0.876665	23
0.644844	-0.181868	1.010053	24
0.664093	-0.187297	1.157905	25
0.683342	-0.192726	1.321291	26
0.702591	-0.198155	1.501342	27
0.721840	-0.203584	1.699251	28
0.741089	-0.209013	1.916276	29
0.760339	-0.214442	2.153741	30
0.779588	-0.219871	2.413031	31
0.798837	-0.225300	2.695598	32
0.818086	-0.230729	3.002952	33
0.837335	-0.236157	3.336662	34
0.856584	-0.241586	3.698350	35
0.875833	-0.247015	4.089685	36
0.895082	-0.252444	4.512377	37
0.914331	-0.257873	4.968171	38
0.933580	-0.263302	5.458835	39
0.952829	-0.268731	5.986152	40
76
0.205965	-0.040970	0.000215	1
0.225580	-0.044872	0.000066	2
0.245196	-0.048774	0.000882	3
0.264812	-0.052676	0.002993	4
0.284427	-0.056578	0.006729	5
0.304043	-0.060480	0.012438	6
0.323659	-0.064381	0.020494	7
0.343274	-0.068283	0.031302	8
0.362890	-0.072185	0.045295	9
0.382506	-0.076087	0.062939	10
0.402122	-0.079989	0.084725	11
0.421737	-0.083891	0.111174	12
0.441353	-0.087793	0.142832	13
0.460969	-0.091695	0.180274	14
0.480584	-0.095597	0.224097	15
0.500200	-0.099499	0.274930	16
0.519816	-0.103401	0.333425	17
0.539431	-0.107302	0.400264	18
0.559047	-0.111204	0.476164	19
0.578663	-0.115106	0.561871	20
0.598278	-0.119008	0.658176	21
0.617894	-0.122910	0.765909	22
0.637510	-0.126812	0.885950	23
0.657125	-0.130714	1.019233	24
0.676741	-0.134616	1.166752	25
0.696357	-0.138518	1.329565	26
0.715973	-0.142420	1.508799	27
0.735588	-0.146322	1.705652	28
0.755204	-0.150223	1.921400	29
0.774820	-0.154125	2.157393	30
0.794435	-0.158027	2.415060	31
0.814051	-0.161929	2.695904	32
0.833667	-0.165831	3.001502	33
0.853282	-0.169733	3.333501	34
0.872898	-0.173635	3.693612	35
0.892514	-0.177537	4.083602	36
0.912129	-0.181439	4.505288	37
0.931745	-0.185341	4.960523	38
0.951361	-0.189243	5.451186	39
0.970976	-0.193144	5.979174	40
77
0.208544	-0.024684	0.000240	1
0.228406	-0.027035	0.000106	2
0.248267	-0.029386	0.000966	3
0.268128	-0.031736	0.003159	4
0.287990	-0.034087	0.007022	5
0.307851	-0.036438	0.012917	6
0.327712	-0.038789	0.021230	7
0.347574	-0.041140	0.032377	8
0.367435	-0.043491	0.046802	9
0.387296	-0.045842	0.064977	10
0.407158	-0.048192	0.087398	11
0.427019	-0.050543	0.114583	12
0.446881	-0.052894	0.147074	13
0.466742	-0.055245	0.185432	14
0.486603	-0.057596	0.230239	15
0.506465	-0.059947	0.282098	16
0.526326	-0.062298	0.341632	17
0.546187	-0.064648	0.409489	18
0.566049	-0.066999	0.486341	19
0.585910	-0.069350	0.572895	20
0.605771	-0.071701	0.669894	21
0.625633	-0.074052	0.778122	22
0.645494	-0.076403	0.898417	23
0.665355	-0.078754	1.031674	24
0.685217	-0.081104	1.178855	25
0.705078	-0.083455	1.340993	26
0.724940	-0.085806	1.519204	27
0.744801	-0.088157	1.714687	28
0.764662	-0.090508	1.928733	29
0.784524	-0.092859	2.162723	30
0.804385	-0.095209	2.418135	31
0.824246	-0.097560	2.696540	32
0.844108	-0.099911	2.999598	33
0.863969	-0.102262	3.329059	34
0.883830	-0.104613	3.686748	35
0.903692	-0.106964	4.074565	36
0.923553	-0.109315	4.494466	37
0.943414	-0.111665	4.948452	38
0.963276	-0.114016	5.438556	39
0.983137	-0.116367	5.966824	40
78
0.209838	-0.008246	0.000281	1
0.229823	-0.009031	0.000171	2
0.249807	-0.009816	0.001083	3
0.269792	-0.010602	0.003356	4
0.289776	-0.011387	0.007343	5
0.309761	-0.012172	0.013423	6
0.329746	-0.012957	0.022002	7
0.349730	-0.013743	0.033516	8
0.369715	-0.014528	0.048427	9
0.389699	-0.015313	0.067221	10
0.409684	-0.016099	0.090402	11
0.429668	-0.016884	0.118495	12
0.449653	-0.017669	0.152038	13
0.469638	-0.018455	0.191580	14
0.489622	-0.019240	0.237683	15
0.509607	-0.020025	0.290922	16
0.529591	-0.020810	0.351880	17
0.549576	-0.021596	0.421157	18
0.569560	-0.022381	0.499374	19
0.589545	-0.023166	0.587174	20
0.609530	-0.023952	0.685234	21
0.629514	-0.024737	0.794275	22
0.649499	-0.025522	0.915069	23
0.669483	-0.026308	1.048451	24
0.689468	-0.027093	1.195331	25
0.709452	-0.027878	1.356704	26
0.729437	-0.028664	1.533658	27
0.749422	-0.029449	1.727386	28
0.769406	-0.030234	1.939190	29
0.789391	-0.031019	2.170487	30
0.809375	-0.031805	2.422812	31
0.829360	-0.032590	2.697818	32
0.849345	-0.033375	2.997275	33
0.869329	-0.034161	3.323060	34
0.889314	-0.034946	3.677156	35
0.909298	-0.035731	4.061631	36
0.929283	-0.036517	4.478630	37
0.949267	-0.037302	4.930354	38
0.969252	-0.038087	5.419042	39
0.989237	-0.038872	5.946949	40
79
0.209838	0.008243	0.000343	1
0.229823	0.009029	0.000268	2
0.249807	0.009814	0.001234	3
0.269792	0.010599	0.003580	4
0.289776	0.011384	0.007675	5
0.309761	0.012169	0.013924	6
0.329746	0.012954	0.022761	7
0.349730	0.013739	0.034654	8
0.369715	0.014524	0.050093	9
0.389699	0.015309	0.069589	10
0.409684	0.016094	0.093666	11
0.429669	0.016879	0.122861	12
0.449653	0.017665	0.157714	13
0.469638	0.018450	0.198767	14
0.489622	0.019235	0.246563	15
0.509607	0.020020	0.301639	16
0.529592	0.020805	0.364533	17
0.549576	0.021590	0.435784	18
0.569561	0.022375	0.515935	19
0.589545	0.023160	0.605548	20
0.609530	0.023945	0.705207	21
0.629514	0.024730	0.815538	22
0.649499	0.025515	0.937217	23
0.669484	0.026301	1.070990	24
0.689468	0.027086	1.217686	25
0.709453	0.027871	1.378234	26
0.729437	0.028656	1.553678	27
0.749422	0.029441	1.745188	28
0.769407	0.030226	1.954071	29
0.789391	0.031011	2.181782	30
0.809376	0.031796	2.429923	31
0.829360	0.032581	2.700251	32
0.849345	0.033366	2.994672	33
0.869329	0.034151	3.315233	34
0.889314	0.034936	3.664114	35
0.909299	0.035722	4.043612	36
0.929283	0.036507	4.456123	37
0.949268	0.037292	4.904116	38
0.969252	0.038077	5.390113	39
0.989237	0.038862	5.916656	40
80
