time = 4.511	Re = 1	40	80
0.189414	0.014907	-0.020806
0.209353	0.016476	0.020806
0.229291	0.018046	0.058816
0.249229	0.019615	0.094085
0.269168	0.021184	0.127220
0.289106	0.022753	0.158661
0.309044	0.024322	0.188735
0.328983	0.025891	0.217691
0.348921	0.027461	0.245720
0.368859	0.029030	0.272971
0.388798	0.030599	0.299565
0.408736	0.032168	0.325598
0.428674	0.033737	0.351147
0.448613	0.035307	0.376277
0.468551	0.036876	0.401041
0.488489	0.038445	0.425485
0.508428	0.040014	0.449646
0.528366	0.041583	0.473555
0.548305	0.043152	0.497241
0.568243	0.044722	0.520727
0.588181	0.046291	0.544033
0.608120	0.047860	0.567177
0.628058	0.049429	0.590174
0.647996	0.050998	0.613038
0.667935	0.052568	0.635780
0.687873	0.054137	0.658412
0.707811	0.055706	0.680943
0.727750	0.057275	0.703380
0.747688	0.058844	0.725732
0.767626	0.060413	0.748005
0.787565	0.061983	0.770205
0.807503	0.063552	0.792338
0.827441	0.065121	0.814408
0.847380	0.066690	0.836420
0.867318	0.068259	0.858377
0.887256	0.069829	0.880284
0.907195	0.071398	0.902144
0.927133	0.072967	0.923960
0.947071	0.074536	0.945734
0.967010	0.076105	0.967469
0.986948	0.077674	0.989168
1.006887	0.079244	1.010832
0.187661	0.029723	-0.020806
0.207415	0.032851	0.020806
0.227168	0.035980	0.058816
0.246922	0.039109	0.094085
0.266676	0.042237	0.127220
0.286430	0.045366	0.158661
0.306183	0.048495	0.188735
0.325937	0.051623	0.217691
0.345691	0.054752	0.245720
0.365445	0.057881	0.272971
0.385198	0.061009	0.299565
0.404952	0.064138	0.325598
0.424706	0.067267	0.351147
0.444460	0.070395	0.376277
0.464214	0.073524	0.401041
0.483967	0.076653	0.425485
0.503721	0.079782	0.449646
0.523475	0.082910	0.473555
0.543229	0.086039	0.497241
0.562982	0.089168	0.520727
0.582736	0.092296	0.544033
0.602490	0.095425	0.567177
0.622244	0.098554	0.590174
0.641997	0.101682	0.613037
0.661751	0.104811	0.635780
0.681505	0.107940	0.658412
0.701259	0.111068	0.680943
0.721013	0.114197	0.703380
0.740766	0.117326	0.725732
0.760520	0.120454	0.748005
0.780274	0.123583	0.770205
0.800028	0.126712	0.792338
0.819781	0.129840	0.814408
0.839535	0.132969	0.836420
0.859289	0.136098	0.858377
0.879043	0.139227	0.880284
0.898796	0.142355	0.902144
0.918550	0.145484	0.923960
0.938304	0.148613	0.945734
0.958058	0.151741	0.967469
0.977811	0.154870	0.989168
0.997565	0.157999	1.010832
0.184750	0.044355	-0.020806
0.204198	0.049023	0.020806
0.223645	0.053692	0.058816
0.243092	0.058361	0.094085
0.262540	0.063030	0.127220
0.281987	0.067699	0.158661
0.301435	0.072368	0.188735
0.320882	0.077037	0.217691
0.340329	0.081706	0.245720
0.359777	0.086375	0.272971
0.379224	0.091044	0.299565
0.398672	0.095713	0.325598
0.418119	0.100381	0.351147
0.437566	0.105050	0.376277
0.457014	0.109719	0.401041
0.476461	0.114388	0.425485
0.495909	0.119057	0.449646
0.515356	0.123726	0.473555
0.534803	0.128395	0.497241
0.554251	0.133064	0.520727
0.573698	0.137733	0.544033
0.593146	0.142402	0.567176
0.612593	0.147070	0.590173
0.632040	0.151739	0.613037
0.651488	0.156408	0.635780
0.670935	0.161077	0.658412
0.690383	0.165746	0.680943
0.709830	0.170415	0.703380
0.729277	0.175084	0.725732
0.748725	0.179753	0.748005
0.768172	0.184422	0.770206
0.787620	0.189091	0.792338
0.807067	0.193759	0.814408
0.826514	0.198428	0.836420
0.845962	0.203097	0.858377
0.865409	0.207766	0.880284
0.884857	0.212435	0.902144
0.904304	0.217104	0.923959
0.923751	0.221773	0.945734
0.943199	0.226442	0.967469
0.962646	0.231111	0.989168
0.982094	0.235780	1.010832
0.180701	0.058713	-0.020806
0.199722	0.064894	0.020806
0.218743	0.071074	0.058816
0.237764	0.077254	0.094085
0.256785	0.083435	0.127220
0.275806	0.089615	0.158661
0.294828	0.095795	0.188735
0.313849	0.101976	0.217691
0.332870	0.108156	0.245720
0.351891	0.114336	0.272971
0.370912	0.120517	0.299565
0.389933	0.126697	0.325598
0.408954	0.132877	0.351147
0.427975	0.139058	0.376277
0.446997	0.145238	0.401041
0.466018	0.151418	0.425485
0.485039	0.157599	0.449645
0.504060	0.163779	0.473555
0.523081	0.169959	0.497241
0.542102	0.176140	0.520727
0.561123	0.182320	0.544033
0.580145	0.188500	0.567176
0.599166	0.194681	0.590173
0.618187	0.200861	0.613037
0.637208	0.207041	0.635780
0.656229	0.213222	0.658412
0.675250	0.219402	0.680943
0.694271	0.225582	0.703380
0.713292	0.231763	0.725732
0.732314	0.237943	0.748006
0.751335	0.244123	0.770206
0.770356	0.250304	0.792338
0.789377	0.256484	0.814408
0.808398	0.262664	0.836420
0.827419	0.268845	0.858377
0.846440	0.275025	0.880284
0.865462	0.281205	0.902144
0.884483	0.287386	0.923959
0.903504	0.293566	0.945734
0.922525	0.299746	0.967469
0.941546	0.305927	0.989168
0.960567	0.312107	1.010832
0.175537	0.072710	-0.020806
0.194015	0.080363	0.020806
0.212492	0.088017	0.058816
0.230970	0.095671	0.094085
0.249448	0.103324	0.127220
0.267925	0.110978	0.158661
0.286403	0.118632	0.188735
0.304880	0.126285	0.217691
0.323358	0.133939	0.245720
0.341835	0.141593	0.272971
0.360313	0.149246	0.299565
0.378791	0.156900	0.325598
0.397268	0.164554	0.351147
0.415746	0.172207	0.376277
0.434223	0.179861	0.401041
0.452701	0.187515	0.425485
0.471179	0.195168	0.449645
0.489656	0.202822	0.473555
0.508134	0.210476	0.497241
0.526611	0.218129	0.520727
0.545089	0.225783	0.544033
0.563567	0.233437	0.567176
0.582044	0.241090	0.590173
0.600522	0.248744	0.613037
0.618999	0.256398	0.635780
0.637477	0.264051	0.658412
0.655955	0.271705	0.680943
0.674432	0.279359	0.703381
0.692910	0.287012	0.725733
0.711387	0.294666	0.748006
0.729865	0.302320	0.770206
0.748343	0.309973	0.792338
0.766820	0.317627	0.814408
0.785298	0.325281	0.836420
0.803775	0.332934	0.858377
0.822253	0.340588	0.880284
0.840730	0.348242	0.902144
0.859208	0.355895	0.923959
0.877686	0.363549	0.945734
0.896163	0.371203	0.967469
0.914641	0.378856	0.989168
0.933118	0.386510	1.010832
0.169291	0.086258	-0.020806
0.187111	0.095338	0.020806
0.204932	0.104418	0.058816
0.222752	0.113498	0.094085
0.240572	0.122577	0.127220
0.258392	0.131657	0.158661
0.276212	0.140737	0.188735
0.294032	0.149817	0.217691
0.311852	0.158897	0.245720
0.329672	0.167976	0.272971
0.347493	0.177056	0.299565
0.365313	0.186136	0.325598
0.383133	0.195216	0.351147
0.400953	0.204296	0.376277
0.418773	0.213375	0.401041
0.436593	0.222455	0.425485
0.454413	0.231535	0.449645
0.472234	0.240615	0.473555
0.490054	0.249695	0.497241
0.507874	0.258774	0.520727
0.525694	0.267854	0.544033
0.543514	0.276934	0.567176
0.561334	0.286014	0.590174
0.579154	0.295094	0.613038
0.596974	0.304173	0.635780
0.614795	0.313253	0.658412
0.632615	0.322333	0.680943
0.650435	0.331413	0.703381
0.668255	0.340493	0.725733
0.686075	0.349572	0.748006
0.703895	0.358652	0.770206
0.721715	0.367732	0.792338
0.739536	0.376812	0.814408
0.757356	0.385892	0.836420
0.775176	0.394971	0.858377
0.792996	0.404051	0.880284
0.810816	0.413131	0.902144
0.828636	0.422211	0.923959
0.846456	0.431291	0.945734
0.864277	0.440370	0.967469
0.882097	0.449450	0.989168
0.899917	0.458530	1.010832
0.162002	0.099275	-0.020806
0.179054	0.109725	0.020806
0.196107	0.120175	0.058816
0.213160	0.130625	0.094085
0.230213	0.141075	0.127220
0.247266	0.151524	0.158661
0.264319	0.161974	0.188735
0.281371	0.172424	0.217691
0.298424	0.182874	0.245720
0.315477	0.193324	0.272971
0.332530	0.203774	0.299565
0.349583	0.214224	0.325598
0.366635	0.224674	0.351146
0.383688	0.235124	0.376277
0.400741	0.245574	0.401041
0.417794	0.256024	0.425485
0.434847	0.266474	0.449645
0.451899	0.276924	0.473555
0.468952	0.287374	0.497241
0.486005	0.297824	0.520727
0.503058	0.308274	0.544033
0.520111	0.318724	0.567177
0.537163	0.329174	0.590174
0.554216	0.339624	0.613038
0.571269	0.350074	0.635780
0.588322	0.360524	0.658412
0.605375	0.370974	0.680943
0.622427	0.381424	0.703381
0.639480	0.391874	0.725732
0.656533	0.402324	0.748005
0.673586	0.412774	0.770205
0.690639	0.423224	0.792338
0.707692	0.433673	0.814408
0.724744	0.444123	0.836420
0.741797	0.454573	0.858377
0.758850	0.465023	0.880284
0.775903	0.475473	0.902144
0.792956	0.485923	0.923959
0.810008	0.496373	0.945734
0.827061	0.506823	0.967469
0.844114	0.517273	0.989168
0.861167	0.527723	1.010832
0.153713	0.111679	-0.020806
0.169894	0.123435	0.020806
0.186074	0.135191	0.058816
0.202254	0.146946	0.094085
0.218435	0.158702	0.127220
0.234615	0.170458	0.158661
0.250795	0.182213	0.188735
0.266976	0.193969	0.217691
0.283156	0.205725	0.245720
0.299336	0.217480	0.272971
0.315517	0.229236	0.299565
0.331697	0.240992	0.325598
0.347877	0.252747	0.351146
0.364058	0.264503	0.376277
0.380238	0.276259	0.401041
0.396418	0.288015	0.425485
0.412599	0.299770	0.449645
0.428779	0.311526	0.473555
0.444960	0.323282	0.497241
0.461140	0.335037	0.520727
0.477320	0.346793	0.544033
0.493501	0.358549	0.567177
0.509681	0.370304	0.590174
0.525861	0.382060	0.613038
0.542042	0.393816	0.635780
0.558222	0.405572	0.658412
0.574402	0.417327	0.680943
0.590583	0.429083	0.703380
0.606763	0.440839	0.725732
0.622943	0.452594	0.748005
0.639124	0.464350	0.770205
0.655304	0.476106	0.792338
0.671484	0.487861	0.814408
0.687665	0.499617	0.836420
0.703845	0.511373	0.858377
0.720025	0.523128	0.880284
0.736206	0.534884	0.902144
0.752386	0.546640	0.923960
0.768566	0.558396	0.945734
0.784747	0.570151	0.967469
0.800927	0.581907	0.989168
0.817107	0.593663	1.010832
0.144477	0.123395	-0.020806
0.159685	0.136384	0.020806
0.174893	0.149373	0.058816
0.190102	0.162362	0.094085
0.205310	0.175351	0.127220
0.220518	0.188340	0.158661
0.235726	0.201329	0.188735
0.250934	0.214318	0.217691
0.266142	0.227307	0.245720
0.281350	0.240296	0.272971
0.296558	0.253285	0.299565
0.311767	0.266274	0.325598
0.326975	0.279262	0.351146
0.342183	0.292251	0.376277
0.357391	0.305240	0.401041
0.372599	0.318229	0.425485
0.387807	0.331218	0.449646
0.403015	0.344207	0.473555
0.418223	0.357196	0.497241
0.433432	0.370185	0.520727
0.448640	0.383174	0.544033
0.463848	0.396163	0.567177
0.479056	0.409152	0.590174
0.494264	0.422141	0.613038
0.509472	0.435130	0.635780
0.524680	0.448119	0.658412
0.539889	0.461108	0.680943
0.555097	0.474097	0.703380
0.570305	0.487086	0.725732
0.585513	0.500075	0.748005
0.600721	0.513064	0.770205
0.615929	0.526053	0.792338
0.631137	0.539042	0.814408
0.646345	0.552030	0.836420
0.661554	0.565019	0.858377
0.676762	0.578008	0.880284
0.691970	0.590997	0.902144
0.707178	0.603986	0.923960
0.722386	0.616975	0.945734
0.737594	0.629964	0.967469
0.752802	0.642953	0.989168
0.768010	0.655942	1.010832
0.134350	0.134350	-0.020806
0.148493	0.148492	0.020806
0.162635	0.162634	0.058816
0.176777	0.176777	0.094085
0.190919	0.190919	0.127220
0.205061	0.205061	0.158661
0.219203	0.219203	0.188735
0.233345	0.233345	0.217691
0.247488	0.247487	0.245720
0.261630	0.261629	0.272971
0.275772	0.275771	0.299565
0.289914	0.289914	0.325598
0.304056	0.304056	0.351147
0.318198	0.318198	0.376277
0.332340	0.332340	0.401041
0.346483	0.346482	0.425485
0.360625	0.360624	0.449646
0.374767	0.374766	0.473555
0.388909	0.388908	0.497241
0.403051	0.403051	0.520727
0.417193	0.417193	0.544033
0.431335	0.431335	0.567177
0.445478	0.445477	0.590174
0.459620	0.459619	0.613037
0.473762	0.473761	0.635780
0.487904	0.487903	0.658412
0.502046	0.502045	0.680943
0.516188	0.516188	0.703380
0.530330	0.530330	0.725732
0.544473	0.544472	0.748005
0.558615	0.558614	0.770205
0.572757	0.572756	0.792338
0.586899	0.586898	0.814408
0.601041	0.601040	0.836420
0.615183	0.615182	0.858377
0.629325	0.629325	0.880284
0.643468	0.643467	0.902144
0.657610	0.657609	0.923960
0.671752	0.671751	0.945734
0.685894	0.685893	0.967469
0.700036	0.700035	0.989168
0.714178	0.714177	1.010832
0.123395	0.144477	-0.020806
0.136384	0.159685	0.020806
0.149373	0.174893	0.058816
0.162362	0.190101	0.094085
0.175351	0.205309	0.127220
0.188340	0.220518	0.158661
0.201329	0.235726	0.188735
0.214318	0.250934	0.217691
0.227307	0.266142	0.245720
0.240296	0.281350	0.272971
0.253285	0.296558	0.299565
0.266274	0.311766	0.325598
0.279263	0.326974	0.351147
0.292252	0.342182	0.376277
0.305241	0.357391	0.401041
0.318230	0.372599	0.425485
0.331219	0.387807	0.449646
0.344208	0.403015	0.473555
0.357197	0.418223	0.497241
0.370186	0.433431	0.520727
0.383175	0.448639	0.544033
0.396164	0.463847	0.567176
0.409153	0.479055	0.590173
0.422142	0.494264	0.613037
0.435131	0.509472	0.635780
0.448120	0.524680	0.658412
0.461109	0.539888	0.680943
0.474097	0.555096	0.703380
0.487086	0.570304	0.725732
0.500075	0.585512	0.748005
0.513064	0.600720	0.770206
0.526053	0.615928	0.792338
0.539042	0.631137	0.814408
0.552031	0.646345	0.836420
0.565020	0.661553	0.858377
0.578009	0.676761	0.880284
0.590998	0.691969	0.902144
0.603987	0.707177	0.923960
0.616976	0.722385	0.945734
0.629965	0.737593	0.967469
0.642954	0.752801	0.989168
0.655943	0.768010	1.010832
0.111679	0.153713	-0.020806
0.123435	0.169893	0.020806
0.135191	0.186074	0.058816
0.146946	0.202254	0.094085
0.158702	0.218434	0.127220
0.170458	0.234615	0.158661
0.182214	0.250795	0.188735
0.193969	0.266975	0.217691
0.205725	0.283156	0.245720
0.217481	0.299336	0.272971
0.229236	0.315516	0.299565
0.240992	0.331697	0.325598
0.252748	0.347877	0.351147
0.264504	0.364057	0.376277
0.276259	0.380238	0.401041
0.288015	0.396418	0.425485
0.299771	0.412598	0.449646
0.311527	0.428779	0.473555
0.323282	0.444959	0.497241
0.335038	0.461139	0.520727
0.346794	0.477320	0.544033
0.358549	0.493500	0.567176
0.370305	0.509680	0.590173
0.382061	0.525861	0.613037
0.393817	0.542041	0.635780
0.405572	0.558221	0.658412
0.417328	0.574402	0.680943
0.429084	0.590582	0.703380
0.440839	0.606762	0.725732
0.452595	0.622943	0.748006
0.464351	0.639123	0.770206
0.476107	0.655303	0.792338
0.487862	0.671484	0.814408
0.499618	0.687664	0.836420
0.511374	0.703844	0.858377
0.523129	0.720025	0.880284
0.534885	0.736205	0.902144
0.546641	0.752385	0.923959
0.558397	0.768566	0.945734
0.570152	0.784746	0.967469
0.581908	0.800926	0.989168
0.593664	0.817107	1.010832
0.099275	0.162002	-0.020806
0.109725	0.179054	0.020806
0.120175	0.196107	0.058816
0.130625	0.213160	0.094085
0.141075	0.230213	0.127220
0.151525	0.247266	0.158661
0.161975	0.264318	0.188735
0.172425	0.281371	0.217691
0.182875	0.298424	0.245720
0.193325	0.315477	0.272971
0.203775	0.332529	0.299565
0.214225	0.349582	0.325598
0.224675	0.366635	0.351147
0.235125	0.383688	0.376277
0.245575	0.400741	0.401041
0.256025	0.417793	0.425485
0.266475	0.434846	0.449645
0.276925	0.451899	0.473555
0.287375	0.468952	0.497241
0.297825	0.486005	0.520727
0.308275	0.503057	0.544033
0.318725	0.520110	0.567176
0.329175	0.537163	0.590173
0.339625	0.554216	0.613037
0.350075	0.571269	0.635780
0.360525	0.588321	0.658412
0.370975	0.605374	0.680943
0.381424	0.622427	0.703380
0.391874	0.639480	0.725733
0.402324	0.656533	0.748006
0.412774	0.673585	0.770206
0.423224	0.690638	0.792338
0.433674	0.707691	0.814408
0.444124	0.724744	0.836420
0.454574	0.741797	0.858377
0.465024	0.758849	0.880284
0.475474	0.775902	0.902144
0.485924	0.792955	0.923959
0.496374	0.810008	0.945734
0.506824	0.827061	0.967469
0.517274	0.844113	0.989168
0.527724	0.861166	1.010832
0.086258	0.169291	-0.020806
0.095338	0.187111	0.020806
0.104418	0.204931	0.058816
0.113498	0.222752	0.094085
0.122578	0.240572	0.127220
0.131657	0.258392	0.158661
0.140737	0.276212	0.188735
0.149817	0.294032	0.217691
0.158897	0.311852	0.245720
0.167977	0.329672	0.272971
0.177057	0.347492	0.299565
0.186136	0.365313	0.325598
0.195216	0.383133	0.351147
0.204296	0.400953	0.376277
0.213376	0.418773	0.401041
0.222456	0.436593	0.425485
0.231536	0.454413	0.449645
0.240615	0.472233	0.473555
0.249695	0.490053	0.497241
0.258775	0.507873	0.520727
0.267855	0.525694	0.544033
0.276935	0.543514	0.567176
0.286015	0.561334	0.590173
0.295094	0.579154	0.613037
0.304174	0.596974	0.635780
0.313254	0.614794	0.658412
0.322334	0.632614	0.680943
0.331414	0.650434	0.703381
0.340493	0.668255	0.725733
0.349573	0.686075	0.748006
0.358653	0.703895	0.770206
0.367733	0.721715	0.792338
0.376813	0.739535	0.814408
0.385893	0.757355	0.836420
0.394972	0.775175	0.858377
0.404052	0.792995	0.880284
0.413132	0.810816	0.902144
0.422212	0.828636	0.923959
0.431292	0.846456	0.945734
0.440372	0.864276	0.967469
0.449451	0.882096	0.989168
0.458531	0.899916	1.010832
0.072710	0.175537	-0.020806
0.080364	0.194015	0.020806
0.088017	0.212492	0.058816
0.095671	0.230970	0.094085
0.103325	0.249447	0.127220
0.110978	0.267925	0.158661
0.118632	0.286403	0.188735
0.126286	0.304880	0.217691
0.133940	0.323358	0.245720
0.141593	0.341835	0.272971
0.149247	0.360313	0.299565
0.156901	0.378790	0.325598
0.164554	0.397268	0.351147
0.172208	0.415746	0.376277
0.179862	0.434223	0.401041
0.187515	0.452701	0.425485
0.195169	0.471178	0.449645
0.202823	0.489656	0.473555
0.210476	0.508134	0.497241
0.218130	0.526611	0.520727
0.225784	0.545089	0.544033
0.233437	0.563566	0.567176
0.241091	0.582044	0.590174
0.248745	0.600521	0.613038
0.256399	0.618999	0.635780
0.264052	0.637477	0.658412
0.271706	0.655954	0.680943
0.279360	0.674432	0.703381
0.287013	0.692909	0.725733
0.294667	0.711387	0.748006
0.302321	0.729865	0.770206
0.309974	0.748342	0.792338
0.317628	0.766820	0.814408
0.325282	0.785297	0.836420
0.332935	0.803775	0.858377
0.340589	0.822252	0.880284
0.348243	0.840730	0.902144
0.355896	0.859208	0.923959
0.363550	0.877685	0.945734
0.371204	0.896163	0.967469
0.378858	0.914640	0.989168
0.386511	0.933118	1.010832
0.058713	0.180701	-0.020806
0.064894	0.199722	0.020806
0.071074	0.218743	0.058816
0.077255	0.237764	0.094085
0.083435	0.256785	0.127220
0.089615	0.275806	0.158661
0.095796	0.294827	0.188735
0.101976	0.313849	0.217691
0.108156	0.332870	0.245720
0.114337	0.351891	0.272971
0.120517	0.370912	0.299565
0.126697	0.389933	0.325598
0.132878	0.408954	0.351146
0.139058	0.427975	0.376277
0.145238	0.446996	0.401041
0.151419	0.466018	0.425485
0.157599	0.485039	0.449645
0.163780	0.504060	0.473555
0.169960	0.523081	0.497241
0.176140	0.542102	0.520727
0.182321	0.561123	0.544033
0.188501	0.580144	0.567177
0.194681	0.599165	0.590174
0.200862	0.618187	0.613038
0.207042	0.637208	0.635780
0.213222	0.656229	0.658412
0.219403	0.675250	0.680943
0.225583	0.694271	0.703381
0.231764	0.713292	0.725732
0.237944	0.732313	0.748005
0.244124	0.751334	0.770205
0.250305	0.770356	0.792338
0.256485	0.789377	0.814408
0.262665	0.808398	0.836420
0.268846	0.827419	0.858377
0.275026	0.846440	0.880284
0.281206	0.865461	0.902144
0.287387	0.884482	0.923959
0.293567	0.903503	0.945734
0.299747	0.922525	0.967469
0.305928	0.941546	0.989168
0.312108	0.960567	1.010832
0.044355	0.184750	-0.020806
0.049024	0.204198	0.020806
0.053693	0.223645	0.058816
0.058362	0.243092	0.094085
0.063031	0.262540	0.127220
0.067699	0.281987	0.158661
0.072368	0.301435	0.188735
0.077037	0.320882	0.217691
0.081706	0.340329	0.245720
0.086375	0.359777	0.272971
0.091044	0.379224	0.299565
0.095713	0.398672	0.325598
0.100382	0.418119	0.351146
0.105051	0.437566	0.376277
0.109720	0.457014	0.401041
0.114389	0.476461	0.425485
0.119058	0.495909	0.449645
0.123727	0.515356	0.473555
0.128396	0.534803	0.497241
0.133064	0.554251	0.520727
0.137733	0.573698	0.544033
0.142402	0.593145	0.567177
0.147071	0.612593	0.590174
0.151740	0.632040	0.613038
0.156409	0.651488	0.635780
0.161078	0.670935	0.658412
0.165747	0.690382	0.680943
0.170416	0.709830	0.703380
0.175085	0.729277	0.725732
0.179754	0.748725	0.748005
0.184423	0.768172	0.770205
0.189092	0.787619	0.792338
0.193761	0.807067	0.814408
0.198429	0.826514	0.836420
0.203098	0.845962	0.858377
0.207767	0.865409	0.880284
0.212436	0.884856	0.902144
0.217105	0.904304	0.923960
0.221774	0.923751	0.945734
0.226443	0.943199	0.967469
0.231112	0.962646	0.989168
0.235781	0.982093	1.010832
0.029723	0.187661	-0.020806
0.032851	0.207415	0.020806
0.035980	0.227168	0.058816
0.039109	0.246922	0.094085
0.042238	0.266676	0.127220
0.045366	0.286430	0.158661
0.048495	0.306183	0.188735
0.051624	0.325937	0.217691
0.054752	0.345691	0.245720
0.057881	0.365445	0.272971
0.061010	0.385198	0.299565
0.064139	0.404952	0.325598
0.067267	0.424706	0.351146
0.070396	0.444460	0.376277
0.073525	0.464213	0.401041
0.076653	0.483967	0.425485
0.079782	0.503721	0.449646
0.082911	0.523475	0.473555
0.086040	0.543228	0.497241
0.089168	0.562982	0.520727
0.092297	0.582736	0.544033
0.095426	0.602490	0.567177
0.098554	0.622244	0.590174
0.101683	0.641997	0.613038
0.104812	0.661751	0.635780
0.107941	0.681505	0.658412
0.111069	0.701259	0.680943
0.114198	0.721012	0.703380
0.117327	0.740766	0.725732
0.120455	0.760520	0.748005
0.123584	0.780274	0.770205
0.126713	0.800027	0.792338
0.129842	0.819781	0.814408
0.132970	0.839535	0.836420
0.136099	0.859289	0.858377
0.139228	0.879042	0.880284
0.142356	0.898796	0.902144
0.145485	0.918550	0.923960
0.148614	0.938304	0.945734
0.151743	0.958058	0.967469
0.154871	0.977811	0.989168
0.158000	0.997565	1.010832
0.014907	0.189414	-0.020806
0.016477	0.209353	0.020806
0.018046	0.229291	0.058816
0.019615	0.249229	0.094085
0.021184	0.269168	0.127220
0.022754	0.289106	0.158661
0.024323	0.309044	0.188735
0.025892	0.328983	0.217691
0.027461	0.348921	0.245720
0.029030	0.368859	0.272971
0.030600	0.388798	0.299565
0.032169	0.408736	0.325598
0.033738	0.428674	0.351146
0.035307	0.448613	0.376277
0.036876	0.468551	0.401041
0.038446	0.488489	0.425485
0.040015	0.508428	0.449646
0.041584	0.528366	0.473555
0.043153	0.548304	0.497241
0.044722	0.568243	0.520727
0.046292	0.588181	0.544033
0.047861	0.608120	0.567177
0.049430	0.628058	0.590174
0.050999	0.647996	0.613037
0.052568	0.667935	0.635780
0.054138	0.687873	0.658412
0.055707	0.707811	0.680942
0.057276	0.727750	0.703380
0.058845	0.747688	0.725732
0.060414	0.767626	0.748005
0.061984	0.787565	0.770205
0.063553	0.807503	0.792338
0.065122	0.827441	0.814408
0.066691	0.847380	0.836420
0.068261	0.867318	0.858377
0.069830	0.887256	0.880284
0.071399	0.907195	0.902144
0.072968	0.927133	0.923960
0.074537	0.947071	0.945734
0.076107	0.967010	0.967469
0.077676	0.986948	0.989168
0.079245	1.006886	1.010832
0.000000	0.190000	-0.020806
0.000000	0.210000	0.020806
0.000000	0.230000	0.058816
0.000000	0.250000	0.094085
0.000000	0.270000	0.127220
0.000000	0.290000	0.158661
0.000000	0.310000	0.188735
0.000000	0.330000	0.217691
0.000000	0.350000	0.245720
0.000000	0.370000	0.272971
0.000001	0.390000	0.299565
0.000001	0.410000	0.325598
0.000001	0.430000	0.351147
0.000001	0.450000	0.376277
0.000001	0.470000	0.401041
0.000001	0.490000	0.425485
0.000001	0.510000	0.449646
0.000001	0.530000	0.473555
0.000001	0.550000	0.497241
0.000001	0.570000	0.520727
0.000001	0.590000	0.544033
0.000001	0.610000	0.567176
0.000001	0.630000	0.590173
0.000001	0.650000	0.613037
0.000001	0.670000	0.635780
0.000001	0.690000	0.658412
0.000001	0.710000	0.680942
0.000001	0.730000	0.703380
0.000001	0.750000	0.725732
0.000001	0.770000	0.748005
0.000001	0.790000	0.770206
0.000001	0.810000	0.792338
0.000001	0.830000	0.814408
0.000001	0.850000	0.836420
0.000001	0.870000	0.858377
0.000001	0.890000	0.880284
0.000001	0.910000	0.902144
0.000001	0.930000	0.923960
0.000001	0.950000	0.945734
0.000001	0.970000	0.967469
0.000001	0.990000	0.989168
0.000001	1.010000	1.010832
-0.014907	0.189414	-0.020806
-0.016476	0.209353	0.020806
-0.018045	0.229291	0.058816
-0.019614	0.249229	0.094085
-0.021184	0.269168	0.127220
-0.022753	0.289106	0.158661
-0.024322	0.309044	0.188735
-0.025891	0.328983	0.217691
-0.027460	0.348921	0.245720
-0.029029	0.368859	0.272971
-0.030599	0.388798	0.299565
-0.032168	0.408736	0.325598
-0.033737	0.428675	0.351147
-0.035306	0.448613	0.376277
-0.036875	0.468551	0.401041
-0.038444	0.488490	0.425485
-0.040013	0.508428	0.449646
-0.041583	0.528366	0.473555
-0.043152	0.548305	0.497241
-0.044721	0.568243	0.520727
-0.046290	0.588181	0.544033
-0.047859	0.608120	0.567176
-0.049428	0.628058	0.590173
-0.050998	0.647996	0.613037
-0.052567	0.667935	0.635780
-0.054136	0.687873	0.658412
-0.055705	0.707811	0.680943
-0.057274	0.727750	0.703380
-0.058843	0.747688	0.725732
-0.060412	0.767626	0.748006
-0.061982	0.787565	0.770206
-0.063551	0.807503	0.792338
-0.065120	0.827441	0.814408
-0.066689	0.847380	0.836420
-0.068258	0.867318	0.858377
-0.069827	0.887257	0.880284
-0.071397	0.907195	0.902144
-0.072966	0.927133	0.923959
-0.074535	0.947072	0.945734
-0.076104	0.967010	0.967469
-0.077673	0.986948	0.989168
-0.079242	1.006887	1.010832
-0.029722	0.187661	-0.020806
-0.032851	0.207415	0.020806
-0.035980	0.227168	0.058816
-0.039108	0.246922	0.094085
-0.042237	0.266676	0.127220
-0.045366	0.286430	0.158661
-0.048494	0.306183	0.188735
-0.051623	0.325937	0.217691
-0.054752	0.345691	0.245720
-0.057880	0.365445	0.272971
-0.061009	0.385199	0.299565
-0.064138	0.404952	0.325598
-0.067266	0.424706	0.351147
-0.070395	0.444460	0.376277
-0.073524	0.464214	0.401041
-0.076652	0.483967	0.425485
-0.079781	0.503721	0.449646
-0.082910	0.523475	0.473555
-0.086038	0.543229	0.497241
-0.089167	0.562982	0.520727
-0.092295	0.582736	0.544032
-0.095424	0.602490	0.567176
-0.098553	0.622244	0.590173
-0.101681	0.641998	0.613037
-0.104810	0.661751	0.635780
-0.107939	0.681505	0.658412
-0.111067	0.701259	0.680943
-0.114196	0.721013	0.703380
-0.117325	0.740766	0.725733
-0.120453	0.760520	0.748006
-0.123582	0.780274	0.770206
-0.126711	0.800028	0.792338
-0.129839	0.819782	0.814408
-0.132968	0.839535	0.836420
-0.136097	0.859289	0.858377
-0.139225	0.879043	0.880284
-0.142354	0.898797	0.902144
-0.145483	0.918550	0.923959
-0.148611	0.938304	0.945734
-0.151740	0.958058	0.967469
-0.154869	0.977812	0.989168
-0.157997	0.997565	1.010832
-0.044354	0.184750	-0.020806
-0.049023	0.204198	0.020806
-0.053692	0.223645	0.058816
-0.058361	0.243093	0.094085
-0.063030	0.262540	0.127220
-0.067699	0.281987	0.158661
-0.072368	0.301435	0.188735
-0.077036	0.320882	0.217691
-0.081705	0.340330	0.245720
-0.086374	0.359777	0.272971
-0.091043	0.379224	0.299565
-0.095712	0.398672	0.325598
-0.100381	0.418119	0.351147
-0.105050	0.437567	0.376277
-0.109719	0.457014	0.401041
-0.114388	0.476461	0.425485
-0.119056	0.495909	0.449645
-0.123725	0.515356	0.473555
-0.128394	0.534804	0.497241
-0.133063	0.554251	0.520727
-0.137732	0.573698	0.544032
-0.142401	0.593146	0.567176
-0.147070	0.612593	0.590173
-0.151739	0.632041	0.613037
-0.156407	0.651488	0.635780
-0.161076	0.670935	0.658412
-0.165745	0.690383	0.680943
-0.170414	0.709830	0.703381
-0.175083	0.729278	0.725733
-0.179752	0.748725	0.748006
-0.184421	0.768173	0.770206
-0.189090	0.787620	0.792338
-0.193758	0.807067	0.814408
-0.198427	0.826515	0.836420
-0.203096	0.845962	0.858377
-0.207765	0.865410	0.880284
-0.212434	0.884857	0.902144
-0.217103	0.904304	0.923959
-0.221772	0.923752	0.945734
-0.226441	0.943199	0.967469
-0.231109	0.962647	0.989168
-0.235778	0.982094	1.010832
-0.058713	0.180701	-0.020806
-0.064893	0.199722	0.020806
-0.071074	0.218743	0.058816
-0.077254	0.237764	0.094085
-0.083434	0.256785	0.127220
-0.089614	0.275807	0.158661
-0.095795	0.294828	0.188735
-0.101975	0.313849	0.217691
-0.108155	0.332870	0.245720
-0.114336	0.351891	0.272971
-0.120516	0.370912	0.299565
-0.126696	0.389933	0.325598
-0.132877	0.408955	0.351147
-0.139057	0.427976	0.376277
-0.145237	0.446997	0.401041
-0.151418	0.466018	0.425485
-0.157598	0.485039	0.449645
-0.163778	0.504060	0.473555
-0.169959	0.523081	0.497241
-0.176139	0.542102	0.520727
-0.182319	0.561124	0.544033
-0.188499	0.580145	0.567176
-0.194680	0.599166	0.590174
-0.200860	0.618187	0.613038
-0.207040	0.637208	0.635780
-0.213221	0.656229	0.658412
-0.219401	0.675250	0.680943
-0.225581	0.694272	0.703381
-0.231762	0.713293	0.725733
-0.237942	0.732314	0.748006
-0.244122	0.751335	0.770206
-0.250303	0.770356	0.792338
-0.256483	0.789377	0.814408
-0.262663	0.808398	0.836420
-0.268843	0.827420	0.858377
-0.275024	0.846441	0.880284
-0.281204	0.865462	0.902144
-0.287384	0.884483	0.923959
-0.293565	0.903504	0.945734
-0.299745	0.922525	0.967469
-0.305925	0.941546	0.989168
-0.312106	0.960568	1.010832
-0.072710	0.175537	-0.020806
-0.080363	0.194015	0.020806
-0.088017	0.212492	0.058816
-0.095670	0.230970	0.094085
-0.103324	0.249448	0.127220
-0.110978	0.267925	0.158661
-0.118631	0.286403	0.188735
-0.126285	0.304880	0.217691
-0.133939	0.323358	0.245720
-0.141592	0.341836	0.272971
-0.149246	0.360313	0.299565
-0.156900	0.378791	0.325598
-0.164553	0.397268	0.351146
-0.172207	0.415746	0.376277
-0.179860	0.434224	0.401041
-0.187514	0.452701	0.425485
-0.195168	0.471179	0.449645
-0.202821	0.489656	0.473555
-0.210475	0.508134	0.497241
-0.218129	0.526612	0.520727
-0.225782	0.545089	0.544033
-0.233436	0.563567	0.567177
-0.241090	0.582045	0.590174
-0.248743	0.600522	0.613038
-0.256397	0.619000	0.635781
-0.264051	0.637477	0.658412
-0.271704	0.655955	0.680943
-0.279358	0.674433	0.703381
-0.287011	0.692910	0.725732
-0.294665	0.711388	0.748005
-0.302319	0.729865	0.770205
-0.309972	0.748343	0.792338
-0.317626	0.766821	0.814408
-0.325280	0.785298	0.836420
-0.332933	0.803776	0.858377
-0.340587	0.822253	0.880284
-0.348241	0.840731	0.902144
-0.355894	0.859209	0.923959
-0.363548	0.877686	0.945734
-0.371201	0.896164	0.967469
-0.378855	0.914641	0.989168
-0.386509	0.933119	1.010832
-0.086258	0.169291	-0.020806
-0.095338	0.187112	0.020806
-0.104417	0.204932	0.058816
-0.113497	0.222752	0.094085
-0.122577	0.240572	0.127220
-0.131657	0.258392	0.158661
-0.140737	0.276212	0.188735
-0.149816	0.294032	0.217691
-0.158896	0.311853	0.245720
-0.167976	0.329673	0.272971
-0.177056	0.347493	0.299565
-0.186135	0.365313	0.325598
-0.195215	0.383133	0.351146
-0.204295	0.400953	0.376276
-0.213375	0.418773	0.401041
-0.222455	0.436594	0.425485
-0.231534	0.454414	0.449645
-0.240614	0.472234	0.473555
-0.249694	0.490054	0.497241
-0.258774	0.507874	0.520727
-0.267853	0.525694	0.544033
-0.276933	0.543514	0.567177
-0.286013	0.561335	0.590174
-0.295093	0.579155	0.613038
-0.304173	0.596975	0.635780
-0.313252	0.614795	0.658412
-0.322332	0.632615	0.680943
-0.331412	0.650435	0.703380
-0.340492	0.668255	0.725732
-0.349572	0.686076	0.748005
-0.358651	0.703896	0.770205
-0.367731	0.721716	0.792338
-0.376811	0.739536	0.814408
-0.385891	0.757356	0.836420
-0.394970	0.775176	0.858377
-0.404050	0.792997	0.880284
-0.413130	0.810817	0.902144
-0.422210	0.828637	0.923960
-0.431290	0.846457	0.945734
-0.440369	0.864277	0.967469
-0.449449	0.882097	0.989168
-0.458529	0.899917	1.010832
-0.099274	0.162002	-0.020806
-0.109724	0.179055	0.020806
-0.120174	0.196107	0.058816
-0.130624	0.213160	0.094085
-0.141074	0.230213	0.127220
-0.151524	0.247266	0.158661
-0.161974	0.264319	0.188735
-0.172424	0.281372	0.217691
-0.182874	0.298424	0.245720
-0.193324	0.315477	0.272971
-0.203774	0.332530	0.299565
-0.214224	0.349583	0.325598
-0.224674	0.366636	0.351146
-0.235124	0.383688	0.376276
-0.245574	0.400741	0.401041
-0.256024	0.417794	0.425485
-0.266473	0.434847	0.449645
-0.276923	0.451900	0.473555
-0.287373	0.468953	0.497241
-0.297823	0.486005	0.520727
-0.308273	0.503058	0.544033
-0.318723	0.520111	0.567177
-0.329173	0.537164	0.590174
-0.339623	0.554217	0.613038
-0.350073	0.571270	0.635780
-0.360523	0.588322	0.658412
-0.370973	0.605375	0.680943
-0.381423	0.622428	0.703380
-0.391873	0.639481	0.725732
-0.402323	0.656534	0.748005
-0.412773	0.673586	0.770205
-0.423223	0.690639	0.792338
-0.433673	0.707692	0.814408
-0.444122	0.724745	0.836420
-0.454572	0.741798	0.858377
-0.465022	0.758851	0.880284
-0.475472	0.775903	0.902144
-0.485922	0.792956	0.923960
-0.496372	0.810009	0.945734
-0.506822	0.827062	0.967469
-0.517272	0.844115	0.989168
-0.527722	0.861168	1.010832
-0.111679	0.153713	-0.020806
-0.123435	0.169894	0.020806
-0.135190	0.186074	0.058816
-0.146946	0.202255	0.094085
-0.158702	0.218435	0.127220
-0.170457	0.234615	0.158661
-0.182213	0.250796	0.188735
-0.193969	0.266976	0.217691
-0.205724	0.283156	0.245720
-0.217480	0.299337	0.272971
-0.229236	0.315517	0.299565
-0.240991	0.331697	0.325598
-0.252747	0.347878	0.351146
-0.264503	0.364058	0.376277
-0.276258	0.380239	0.401041
-0.288014	0.396419	0.425485
-0.299770	0.412599	0.449646
-0.311525	0.428780	0.473555
-0.323281	0.444960	0.497241
-0.335037	0.461140	0.520727
-0.346792	0.477321	0.544033
-0.358548	0.493501	0.567177
-0.370304	0.509681	0.590174
-0.382059	0.525862	0.613038
-0.393815	0.542042	0.635780
-0.405571	0.558222	0.658412
-0.417326	0.574403	0.680942
-0.429082	0.590583	0.703380
-0.440838	0.606764	0.725732
-0.452593	0.622944	0.748005
-0.464349	0.639124	0.770205
-0.476105	0.655305	0.792338
-0.487861	0.671485	0.814408
-0.499616	0.687665	0.836420
-0.511372	0.703846	0.858377
-0.523128	0.720026	0.880284
-0.534883	0.736206	0.902144
-0.546639	0.752387	0.923960
-0.558395	0.768567	0.945734
-0.570150	0.784748	0.967469
-0.581906	0.800928	0.989168
-0.593662	0.817108	1.010832
-0.123395	0.144477	-0.020806
-0.136384	0.159686	0.020806
-0.149373	0.174894	0.058816
-0.162362	0.190102	0.094085
-0.175351	0.205310	0.127220
-0.188340	0.220518	0.158661
-0.201328	0.235726	0.188735
-0.214317	0.250934	0.217691
-0.227306	0.266143	0.245720
-0.240295	0.281351	0.272971
-0.253284	0.296559	0.299565
-0.266273	0.311767	0.325598
-0.279262	0.326975	0.351147
-0.292251	0.342183	0.376277
-0.305240	0.357391	0.401041
-0.318229	0.372600	0.425485
-0.331218	0.387808	0.449646
-0.344207	0.403016	0.473555
-0.357196	0.418224	0.497241
-0.370185	0.433432	0.520727
-0.383173	0.448640	0.544033
-0.396162	0.463848	0.567176
-0.409151	0.479057	0.590173
-0.422140	0.494265	0.613037
-0.435129	0.509473	0.635780
-0.448118	0.524681	0.658412
-0.461107	0.539889	0.680942
-0.474096	0.555097	0.703380
-0.487085	0.570305	0.725732
-0.500074	0.585514	0.748005
-0.513063	0.600722	0.770206
-0.526052	0.615930	0.792338
-0.539041	0.631138	0.814408
-0.552030	0.646346	0.836420
-0.565019	0.661554	0.858377
-0.578007	0.676762	0.880284
-0.590996	0.691971	0.902144
-0.603985	0.707179	0.923960
-0.616974	0.722387	0.945734
-0.629963	0.737595	0.967469
-0.642952	0.752803	0.989168
-0.655941	0.768011	1.010832
-0.134350	0.134351	-0.020806
-0.148492	0.148493	0.020806
-0.162634	0.162635	0.058816
-0.176776	0.176777	0.094085
-0.190918	0.190919	0.127220
-0.205061	0.205061	0.158661
-0.219203	0.219204	0.188735
-0.233345	0.233346	0.217691
-0.247487	0.247488	0.245720
-0.261629	0.261630	0.272971
-0.275771	0.275772	0.299565
-0.289913	0.289914	0.325598
-0.304055	0.304057	0.351147
-0.318197	0.318199	0.376277
-0.332340	0.332341	0.401041
-0.346482	0.346483	0.425485
-0.360624	0.360625	0.449646
-0.374766	0.374767	0.473555
-0.388908	0.388910	0.497241
-0.403050	0.403052	0.520727
-0.417192	0.417194	0.544033
-0.431334	0.431336	0.567176
-0.445476	0.445478	0.590173
-0.459618	0.459620	0.613037
-0.473761	0.473762	0.635780
-0.487903	0.487905	0.658412
-0.502045	0.502047	0.680943
-0.516187	0.516189	0.703380
-0.530329	0.530331	0.725732
-0.544471	0.544473	0.748006
-0.558613	0.558615	0.770206
-0.572755	0.572758	0.792338
-0.586897	0.586900	0.814408
-0.601040	0.601042	0.836420
-0.615182	0.615184	0.858377
-0.629324	0.629326	0.880284
-0.643466	0.643468	0.902144
-0.657608	0.657611	0.923959
-0.671750	0.671753	0.945734
-0.685892	0.685895	0.967469
-0.700034	0.700037	0.989168
-0.714176	0.714179	1.010832
-0.144477	0.123395	-0.020806
-0.159685	0.136384	0.020806
-0.174893	0.149373	0.058816
-0.190101	0.162362	0.094085
-0.205309	0.175351	0.127220
-0.220517	0.188340	0.158661
-0.235725	0.201329	0.188735
-0.250934	0.214318	0.217691
-0.266142	0.227307	0.245720
-0.281350	0.240296	0.272971
-0.296558	0.253285	0.299565
-0.311766	0.266274	0.325598
-0.326974	0.279263	0.351147
-0.342182	0.292252	0.376277
-0.357390	0.305241	0.401041
-0.372598	0.318230	0.425485
-0.387806	0.331219	0.449646
-0.403014	0.344208	0.473555
-0.418223	0.357197	0.497241
-0.433431	0.370186	0.520727
-0.448639	0.383175	0.544032
-0.463847	0.396164	0.567176
-0.479055	0.409153	0.590173
-0.494263	0.422142	0.613037
-0.509471	0.435131	0.635780
-0.524679	0.448120	0.658412
-0.539887	0.461109	0.680943
-0.555095	0.474098	0.703380
-0.570303	0.487087	0.725733
-0.585512	0.500076	0.748006
-0.600720	0.513065	0.770206
-0.615928	0.526054	0.792338
-0.631136	0.539043	0.814408
-0.646344	0.552032	0.836420
-0.661552	0.565021	0.858377
-0.676760	0.578010	0.880284
-0.691968	0.590999	0.902144
-0.707176	0.603988	0.923959
-0.722384	0.616977	0.945734
-0.737592	0.629966	0.967469
-0.752801	0.642955	0.989168
-0.768009	0.655944	1.010832
-0.153713	0.111680	-0.020806
-0.169893	0.123435	0.020806
-0.186074	0.135191	0.058816
-0.202254	0.146947	0.094085
-0.218434	0.158702	0.127220
-0.234615	0.170458	0.158661
-0.250795	0.182214	0.188735
-0.266975	0.193970	0.217691
-0.283156	0.205725	0.245720
-0.299336	0.217481	0.272971
-0.315516	0.229237	0.299565
-0.331696	0.240993	0.325598
-0.347877	0.252748	0.351147
-0.364057	0.264504	0.376277
-0.380237	0.276260	0.401041
-0.396418	0.288016	0.425485
-0.412598	0.299771	0.449645
-0.428778	0.311527	0.473555
-0.444959	0.323283	0.497241
-0.461139	0.335039	0.520727
-0.477319	0.346794	0.544032
-0.493500	0.358550	0.567176
-0.509680	0.370306	0.590173
-0.525860	0.382062	0.613037
-0.542041	0.393817	0.635780
-0.558221	0.405573	0.658412
-0.574401	0.417329	0.680943
-0.590581	0.429084	0.703381
-0.606762	0.440840	0.725733
-0.622942	0.452596	0.748006
-0.639122	0.464352	0.770206
-0.655303	0.476107	0.792338
-0.671483	0.487863	0.814408
-0.687663	0.499619	0.836420
-0.703844	0.511375	0.858377
-0.720024	0.523130	0.880284
-0.736204	0.534886	0.902144
-0.752385	0.546642	0.923959
-0.768565	0.558398	0.945734
-0.784745	0.570153	0.967469
-0.800926	0.581909	0.989168
-0.817106	0.593665	1.010832
-0.162001	0.099275	-0.020806
-0.179054	0.109725	0.020806
-0.196107	0.120175	0.058816
-0.213160	0.130625	0.094085
-0.230213	0.141075	0.127220
-0.247265	0.151525	0.158661
-0.264318	0.161975	0.188735
-0.281371	0.172425	0.217691
-0.298424	0.182875	0.245720
-0.315476	0.193325	0.272971
-0.332529	0.203775	0.299565
-0.349582	0.214225	0.325598
-0.366635	0.224675	0.351147
-0.383688	0.235125	0.376277
-0.400740	0.245575	0.401041
-0.417793	0.256025	0.425485
-0.434846	0.266475	0.449645
-0.451899	0.276925	0.473555
-0.468951	0.287375	0.497241
-0.486004	0.297825	0.520727
-0.503057	0.308275	0.544033
-0.520110	0.318725	0.567176
-0.537163	0.329175	0.590174
-0.554215	0.339625	0.613038
-0.571268	0.350075	0.635780
-0.588321	0.360525	0.658412
-0.605374	0.370975	0.680943
-0.622426	0.381425	0.703381
-0.639479	0.391875	0.725733
-0.656532	0.402325	0.748006
-0.673585	0.412775	0.770206
-0.690638	0.423225	0.792338
-0.707690	0.433675	0.814408
-0.724743	0.444125	0.836420
-0.741796	0.454575	0.858377
-0.758849	0.465025	0.880284
-0.775902	0.475475	0.902144
-0.792954	0.485925	0.923959
-0.810007	0.496375	0.945734
-0.827060	0.506825	0.967469
-0.844113	0.517275	0.989168
-0.861165	0.527725	1.010832
-0.169291	0.086259	-0.020806
-0.187111	0.095338	0.020806
-0.204931	0.104418	0.058816
-0.222751	0.113498	0.094085
-0.240571	0.122578	0.127220
-0.258392	0.131658	0.158661
-0.276212	0.140738	0.188735
-0.294032	0.149818	0.217691
-0.311852	0.158897	0.245720
-0.329672	0.167977	0.272971
-0.347492	0.177057	0.299565
-0.365312	0.186137	0.325598
-0.383132	0.195217	0.351147
-0.400952	0.204297	0.376277
-0.418773	0.213376	0.401041
-0.436593	0.222456	0.425485
-0.454413	0.231536	0.449645
-0.472233	0.240616	0.473555
-0.490053	0.249696	0.497241
-0.507873	0.258776	0.520727
-0.525693	0.267856	0.544033
-0.543513	0.276935	0.567177
-0.561333	0.286015	0.590174
-0.579154	0.295095	0.613038
-0.596974	0.304175	0.635781
-0.614794	0.313255	0.658413
-0.632614	0.322335	0.680943
-0.650434	0.331415	0.703381
-0.668254	0.340494	0.725732
-0.686074	0.349574	0.748005
-0.703894	0.358654	0.770205
-0.721714	0.367734	0.792338
-0.739535	0.376814	0.814408
-0.757355	0.385894	0.836420
-0.775175	0.394973	0.858377
-0.792995	0.404053	0.880284
-0.810815	0.413133	0.902144
-0.828635	0.422213	0.923959
-0.846455	0.431293	0.945734
-0.864275	0.440373	0.967469
-0.882095	0.449453	0.989168
-0.899916	0.458532	1.010832
-0.175537	0.072710	-0.020806
-0.194015	0.080364	0.020806
-0.212492	0.088018	0.058816
-0.230970	0.095671	0.094085
-0.249447	0.103325	0.127220
-0.267925	0.110979	0.158661
-0.286402	0.118633	0.188735
-0.304880	0.126286	0.217691
-0.323358	0.133940	0.245720
-0.341835	0.141594	0.272971
-0.360313	0.149247	0.299565
-0.378790	0.156901	0.325598
-0.397268	0.164555	0.351146
-0.415745	0.172209	0.376276
-0.434223	0.179862	0.401041
-0.452701	0.187516	0.425485
-0.471178	0.195170	0.449645
-0.489656	0.202823	0.473555
-0.508133	0.210477	0.497241
-0.526611	0.218131	0.520727
-0.545088	0.225784	0.544033
-0.563566	0.233438	0.567177
-0.582044	0.241092	0.590174
-0.600521	0.248746	0.613038
-0.618999	0.256399	0.635780
-0.637476	0.264053	0.658412
-0.655954	0.271707	0.680943
-0.674431	0.279360	0.703380
-0.692909	0.287014	0.725732
-0.711387	0.294668	0.748005
-0.729864	0.302322	0.770205
-0.748342	0.309975	0.792338
-0.766819	0.317629	0.814408
-0.785297	0.325283	0.836420
-0.803774	0.332936	0.858377
-0.822252	0.340590	0.880284
-0.840730	0.348244	0.902144
-0.859207	0.355898	0.923960
-0.877685	0.363551	0.945734
-0.896162	0.371205	0.967469
-0.914640	0.378859	0.989168
-0.933117	0.386512	1.010832
-0.180701	0.058714	-0.020806
-0.199722	0.064894	0.020806
-0.218743	0.071074	0.058816
-0.237764	0.077255	0.094085
-0.256785	0.083435	0.127220
-0.275806	0.089616	0.158661
-0.294827	0.095796	0.188735
-0.313848	0.101976	0.217691
-0.332870	0.108157	0.245720
-0.351891	0.114337	0.272971
-0.370912	0.120518	0.299565
-0.389933	0.126698	0.325598
-0.408954	0.132878	0.351146
-0.427975	0.139059	0.376276
-0.446996	0.145239	0.401041
-0.466017	0.151419	0.425485
-0.485038	0.157600	0.449645
-0.504060	0.163780	0.473555
-0.523081	0.169961	0.497241
-0.542102	0.176141	0.520727
-0.561123	0.182321	0.544033
-0.580144	0.188502	0.567177
-0.599165	0.194682	0.590174
-0.618186	0.200863	0.613038
-0.637207	0.207043	0.635780
-0.656228	0.213223	0.658412
-0.675250	0.219404	0.680943
-0.694271	0.225584	0.703380
-0.713292	0.231764	0.725732
-0.732313	0.237945	0.748005
-0.751334	0.244125	0.770205
-0.770355	0.250306	0.792338
-0.789376	0.256486	0.814408
-0.808397	0.262666	0.836420
-0.827419	0.268847	0.858377
-0.846440	0.275027	0.880284
-0.865461	0.281208	0.902144
-0.884482	0.287388	0.923960
-0.903503	0.293568	0.945734
-0.922524	0.299749	0.967469
-0.941545	0.305929	0.989168
-0.960566	0.312109	1.010832
-0.184750	0.044355	-0.020806
-0.204198	0.049024	0.020806
-0.223645	0.053693	0.058816
-0.243092	0.058362	0.094085
-0.262540	0.063031	0.127220
-0.281987	0.067700	0.158661
-0.301434	0.072369	0.188735
-0.320882	0.077038	0.217691
-0.340329	0.081707	0.245720
-0.359777	0.086376	0.272971
-0.379224	0.091045	0.299565
-0.398671	0.095714	0.325598
-0.418119	0.100383	0.351146
-0.437566	0.105051	0.376277
-0.457014	0.109720	0.401041
-0.476461	0.114389	0.425485
-0.495908	0.119058	0.449646
-0.515356	0.123727	0.473555
-0.534803	0.128396	0.497241
-0.554251	0.133065	0.520727
-0.573698	0.137734	0.544033
-0.593145	0.142403	0.567177
-0.612593	0.147072	0.590174
-0.632040	0.151741	0.613038
-0.651487	0.156410	0.635780
-0.670935	0.161079	0.658412
-0.690382	0.165748	0.680942
-0.709830	0.170417	0.703380
-0.729277	0.175086	0.725732
-0.748724	0.179755	0.748005
-0.768172	0.184424	0.770205
-0.787619	0.189093	0.792338
-0.807067	0.193762	0.814408
-0.826514	0.198431	0.836420
-0.845961	0.203100	0.858377
-0.865409	0.207768	0.880284
-0.884856	0.212437	0.902144
-0.904303	0.217106	0.923960
-0.923751	0.221775	0.945734
-0.943198	0.226444	0.967469
-0.962646	0.231113	0.989168
-0.982093	0.235782	1.010832
-0.187661	0.029723	-0.020806
-0.207414	0.032852	0.020806
-0.227168	0.035980	0.058816
-0.246922	0.039109	0.094085
-0.266676	0.042238	0.127220
-0.286430	0.045367	0.158661
-0.306183	0.048495	0.188735
-0.325937	0.051624	0.217691
-0.345691	0.054753	0.245720
-0.365445	0.057882	0.272971
-0.385198	0.061010	0.299565
-0.404952	0.064139	0.325598
-0.424706	0.067268	0.351146
-0.444460	0.070397	0.376277
-0.464213	0.073525	0.401041
-0.483967	0.076654	0.425485
-0.503721	0.079783	0.449646
-0.523475	0.082912	0.473555
-0.543228	0.086040	0.497241
-0.562982	0.089169	0.520727
-0.582736	0.092298	0.544033
-0.602490	0.095427	0.567177
-0.622243	0.098555	0.590174
-0.641997	0.101684	0.613037
-0.661751	0.104813	0.635780
-0.681505	0.107941	0.658412
-0.701258	0.111070	0.680942
-0.721012	0.114199	0.703380
-0.740766	0.117328	0.725732
-0.760520	0.120456	0.748005
-0.780273	0.123585	0.770206
-0.800027	0.126714	0.792338
-0.819781	0.129843	0.814408
-0.839535	0.132971	0.836420
-0.859289	0.136100	0.858377
-0.879042	0.139229	0.880284
-0.898796	0.142358	0.902144
-0.918550	0.145486	0.923960
-0.938304	0.148615	0.945734
-0.958057	0.151744	0.967469
-0.977811	0.154873	0.989168
-0.997565	0.158001	1.010832
-0.189414	0.014908	-0.020806
-0.209353	0.016477	0.020806
-0.229291	0.018046	0.058816
-0.249229	0.019615	0.094085
-0.269168	0.021185	0.127220
-0.289106	0.022754	0.158661
-0.309044	0.024323	0.188735
-0.328983	0.025892	0.217691
-0.348921	0.027462	0.245720
-0.368859	0.029031	0.272971
-0.388798	0.030600	0.299565
-0.408736	0.032169	0.325598
-0.428674	0.033739	0.351147
-0.448613	0.035308	0.376277
-0.468551	0.036877	0.401041
-0.488489	0.038446	0.425485
-0.508428	0.040015	0.449646
-0.528366	0.041585	0.473555
-0.548304	0.043154	0.497241
-0.568243	0.044723	0.520727
-0.588181	0.046292	0.544033
-0.608119	0.047862	0.567176
-0.628058	0.049431	0.590173
-0.647996	0.051000	0.613037
-0.667934	0.052569	0.635780
-0.687873	0.054139	0.658412
-0.707811	0.055708	0.680943
-0.727750	0.057277	0.703380
-0.747688	0.058846	0.725732
-0.767626	0.060415	0.748006
-0.787565	0.061985	0.770206
-0.807503	0.063554	0.792338
-0.827441	0.065123	0.814408
-0.847380	0.066692	0.836420
-0.867318	0.068262	0.858377
-0.887256	0.069831	0.880284
-0.907195	0.071400	0.902144
-0.927133	0.072969	0.923959
-0.947071	0.074539	0.945734
-0.967010	0.076108	0.967469
-0.986948	0.077677	0.989168
-1.006886	0.079246	1.010832
-0.190000	0.000001	-0.020806
-0.210000	0.000001	0.020806
-0.230000	0.000001	0.058816
-0.250000	0.000001	0.094085
-0.270000	0.000001	0.127220
-0.290000	0.000001	0.158661
-0.310000	0.000001	0.188735
-0.330000	0.000001	0.217691
-0.350000	0.000001	0.245720
-0.370000	0.000001	0.272971
-0.390000	0.000001	0.299565
-0.410000	0.000001	0.325598
-0.430000	0.000001	0.351147
-0.450000	0.000001	0.376277
-0.470000	0.000001	0.401041
-0.490000	0.000001	0.425485
-0.510000	0.000001	0.449646
-0.530000	0.000001	0.473555
-0.550000	0.000001	0.497241
-0.570000	0.000002	0.520727
-0.590000	0.000002	0.544033
-0.610000	0.000002	0.567176
-0.630000	0.000002	0.590173
-0.650000	0.000002	0.613037
-0.670000	0.000002	0.635780
-0.690000	0.000002	0.658412
-0.710000	0.000002	0.680943
-0.730000	0.000002	0.703380
-0.750000	0.000002	0.725733
-0.770000	0.000002	0.748006
-0.790000	0.000002	0.770206
-0.810000	0.000002	0.792338
-0.830000	0.000002	0.814408
-0.850000	0.000002	0.836420
-0.870000	0.000002	0.858377
-0.890000	0.000002	0.880284
-0.910000	0.000002	0.902144
-0.930000	0.000002	0.923959
-0.950000	0.000003	0.945734
-0.970000	0.000003	0.967469
-0.990000	0.000003	0.989168
-1.010000	0.000003	1.010832
-0.189414	-0.014907	-0.020806
-0.209353	-0.016476	0.020806
-0.229291	-0.018045	0.058816
-0.249229	-0.019614	0.094085
-0.269168	-0.021183	0.127220
-0.289106	-0.022752	0.158661
-0.309044	-0.024321	0.188735
-0.328983	-0.025891	0.217691
-0.348921	-0.027460	0.245720
-0.368859	-0.029029	0.272971
-0.388798	-0.030598	0.299565
-0.408736	-0.032167	0.325598
-0.428675	-0.033736	0.351147
-0.448613	-0.035305	0.376277
-0.468551	-0.036875	0.401041
-0.488490	-0.038444	0.425485
-0.508428	-0.040013	0.449645
-0.528366	-0.041582	0.473555
-0.548305	-0.043151	0.497241
-0.568243	-0.044720	0.520727
-0.588181	-0.046289	0.544032
-0.608120	-0.047858	0.567176
-0.628058	-0.049428	0.590173
-0.647996	-0.050997	0.613037
-0.667935	-0.052566	0.635780
-0.687873	-0.054135	0.658412
-0.707811	-0.055704	0.680943
-0.727750	-0.057273	0.703381
-0.747688	-0.058842	0.725733
-0.767627	-0.060411	0.748006
-0.787565	-0.061981	0.770206
-0.807503	-0.063550	0.792338
-0.827442	-0.065119	0.814408
-0.847380	-0.066688	0.836420
-0.867318	-0.068257	0.858377
-0.887257	-0.069826	0.880284
-0.907195	-0.071395	0.902144
-0.927133	-0.072964	0.923959
-0.947072	-0.074534	0.945734
-0.967010	-0.076103	0.967469
-0.986948	-0.077672	0.989168
-1.006887	-0.079241	1.010832
-0.187661	-0.029722	-0.020806
-0.207415	-0.032851	0.020806
-0.227168	-0.035979	0.058816
-0.246922	-0.039108	0.094085
-0.266676	-0.042237	0.127220
-0.286430	-0.045365	0.158661
-0.306184	-0.048494	0.188735
-0.325937	-0.051622	0.217691
-0.345691	-0.054751	0.245720
-0.365445	-0.057880	0.272971
-0.385199	-0.061008	0.299565
-0.404952	-0.064137	0.325598
-0.424706	-0.067266	0.351147
-0.444460	-0.070394	0.376277
-0.464214	-0.073523	0.401041
-0.483968	-0.076652	0.425485
-0.503721	-0.079780	0.449645
-0.523475	-0.082909	0.473555
-0.543229	-0.086037	0.497241
-0.562983	-0.089166	0.520727
-0.582736	-0.092295	0.544033
-0.602490	-0.095423	0.567176
-0.622244	-0.098552	0.590174
-0.641998	-0.101681	0.613038
-0.661751	-0.104809	0.635780
-0.681505	-0.107938	0.658412
-0.701259	-0.111067	0.680943
-0.721013	-0.114195	0.703381
-0.740767	-0.117324	0.725733
-0.760520	-0.120452	0.748006
-0.780274	-0.123581	0.770206
-0.800028	-0.126710	0.792338
-0.819782	-0.129838	0.814408
-0.839535	-0.132967	0.836420
-0.859289	-0.136096	0.858377
-0.879043	-0.139224	0.880284
-0.898797	-0.142353	0.902144
-0.918551	-0.145481	0.923959
-0.938304	-0.148610	0.945734
-0.958058	-0.151739	0.967469
-0.977812	-0.154867	0.989168
-0.997566	-0.157996	1.010832
-0.184750	-0.044354	-0.020806
-0.204198	-0.049023	0.020806
-0.223645	-0.053692	0.058816
-0.243093	-0.058361	0.094085
-0.262540	-0.063029	0.127220
-0.281987	-0.067698	0.158661
-0.301435	-0.072367	0.188735
-0.320882	-0.077036	0.217691
-0.340330	-0.081705	0.245720
-0.359777	-0.086374	0.272971
-0.379225	-0.091043	0.299565
-0.398672	-0.095711	0.325598
-0.418119	-0.100380	0.351147
-0.437567	-0.105049	0.376277
-0.457014	-0.109718	0.401041
-0.476462	-0.114387	0.425485
-0.495909	-0.119056	0.449645
-0.515356	-0.123725	0.473555
-0.534804	-0.128393	0.497241
-0.554251	-0.133062	0.520727
-0.573699	-0.137731	0.544033
-0.593146	-0.142400	0.567177
-0.612593	-0.147069	0.590174
-0.632041	-0.151738	0.613038
-0.651488	-0.156407	0.635781
-0.670936	-0.161075	0.658412
-0.690383	-0.165744	0.680943
-0.709831	-0.170413	0.703381
-0.729278	-0.175082	0.725732
-0.748725	-0.179751	0.748005
-0.768173	-0.184420	0.770205
-0.787620	-0.189088	0.792338
-0.807068	-0.193757	0.814408
-0.826515	-0.198426	0.836420
-0.845962	-0.203095	0.858377
-0.865410	-0.207764	0.880284
-0.884857	-0.212433	0.902144
-0.904305	-0.217102	0.923959
-0.923752	-0.221770	0.945734
-0.943199	-0.226439	0.967469
-0.962647	-0.231108	0.989168
-0.982094	-0.235777	1.010832
-0.180701	-0.058713	-0.020806
-0.199722	-0.064893	0.020806
-0.218743	-0.071073	0.058816
-0.237764	-0.077254	0.094085
-0.256786	-0.083434	0.127220
-0.275807	-0.089614	0.158661
-0.294828	-0.095794	0.188735
-0.313849	-0.101975	0.217691
-0.332870	-0.108155	0.245720
-0.351891	-0.114335	0.272971
-0.370912	-0.120516	0.299565
-0.389934	-0.126696	0.325598
-0.408955	-0.132876	0.351146
-0.427976	-0.139056	0.376277
-0.446997	-0.145237	0.401041
-0.466018	-0.151417	0.425485
-0.485039	-0.157597	0.449645
-0.504060	-0.163778	0.473555
-0.523082	-0.169958	0.497241
-0.542103	-0.176138	0.520727
-0.561124	-0.182318	0.544033
-0.580145	-0.188499	0.567177
-0.599166	-0.194679	0.590174
-0.618187	-0.200859	0.613038
-0.637208	-0.207040	0.635780
-0.656230	-0.213220	0.658412
-0.675251	-0.219400	0.680943
-0.694272	-0.225580	0.703380
-0.713293	-0.231761	0.725732
-0.732314	-0.237941	0.748005
-0.751335	-0.244121	0.770205
-0.770357	-0.250302	0.792338
-0.789378	-0.256482	0.814408
-0.808399	-0.262662	0.836420
-0.827420	-0.268842	0.858377
-0.846441	-0.275023	0.880284
-0.865462	-0.281203	0.902144
-0.884483	-0.287383	0.923960
-0.903505	-0.293564	0.945734
-0.922526	-0.299744	0.967469
-0.941547	-0.305924	0.989168
-0.960568	-0.312104	1.010832
-0.175537	-0.072709	-0.020806
-0.194015	-0.080363	0.020806
-0.212493	-0.088017	0.058816
-0.230970	-0.095670	0.094085
-0.249448	-0.103324	0.127220
-0.267925	-0.110977	0.158661
-0.286403	-0.118631	0.188735
-0.304881	-0.126285	0.217691
-0.323358	-0.133938	0.245720
-0.341836	-0.141592	0.272971
-0.360313	-0.149245	0.299565
-0.378791	-0.156899	0.325598
-0.397269	-0.164553	0.351146
-0.415746	-0.172206	0.376276
-0.434224	-0.179860	0.401041
-0.452702	-0.187514	0.425485
-0.471179	-0.195167	0.449645
-0.489657	-0.202821	0.473555
-0.508134	-0.210474	0.497241
-0.526612	-0.218128	0.520727
-0.545090	-0.225782	0.544033
-0.563567	-0.233435	0.567177
-0.582045	-0.241089	0.590174
-0.600522	-0.248742	0.613038
-0.619000	-0.256396	0.635780
-0.637478	-0.264050	0.658412
-0.655955	-0.271703	0.680943
-0.674433	-0.279357	0.703380
-0.692911	-0.287011	0.725732
-0.711388	-0.294664	0.748005
-0.729866	-0.302318	0.770205
-0.748343	-0.309971	0.792338
-0.766821	-0.317625	0.814408
-0.785299	-0.325279	0.836420
-0.803776	-0.332932	0.858377
-0.822254	-0.340586	0.880284
-0.840731	-0.348239	0.902144
-0.859209	-0.355893	0.923960
-0.877687	-0.363547	0.945734
-0.896164	-0.371200	0.967469
-0.914642	-0.378854	0.989168
-0.933119	-0.386507	1.010832
-0.169292	-0.086258	-0.020806
-0.187112	-0.095337	0.020806
-0.204932	-0.104417	0.058816
-0.222752	-0.113497	0.094085
-0.240572	-0.122577	0.127220
-0.258392	-0.131656	0.158661
-0.276212	-0.140736	0.188735
-0.294033	-0.149816	0.217691
-0.311853	-0.158896	0.245720
-0.329673	-0.167975	0.272971
-0.347493	-0.177055	0.299565
-0.365313	-0.186135	0.325598
-0.383133	-0.195215	0.351146
-0.400954	-0.204295	0.376277
-0.418774	-0.213374	0.401041
-0.436594	-0.222454	0.425485
-0.454414	-0.231534	0.449646
-0.472234	-0.240614	0.473555
-0.490054	-0.249693	0.497241
-0.507875	-0.258773	0.520727
-0.525695	-0.267853	0.544033
-0.543515	-0.276933	0.567177
-0.561335	-0.286012	0.590174
-0.579155	-0.295092	0.613038
-0.596975	-0.304172	0.635780
-0.614795	-0.313252	0.658412
-0.632616	-0.322331	0.680943
-0.650436	-0.331411	0.703380
-0.668256	-0.340491	0.725732
-0.686076	-0.349571	0.748005
-0.703896	-0.358650	0.770205
-0.721716	-0.367730	0.792338
-0.739537	-0.376810	0.814408
-0.757357	-0.385890	0.836420
-0.775177	-0.394969	0.858377
-0.792997	-0.404049	0.880284
-0.810817	-0.413129	0.902144
-0.828637	-0.422209	0.923960
-0.846458	-0.431288	0.945734
-0.864278	-0.440368	0.967469
-0.882098	-0.449448	0.989168
-0.899918	-0.458528	1.010832
-0.162002	-0.099274	-0.020806
-0.179055	-0.109724	0.020806
-0.196108	-0.120174	0.058816
-0.213160	-0.130624	0.094085
-0.230213	-0.141074	0.127220
-0.247266	-0.151524	0.158661
-0.264319	-0.161974	0.188735
-0.281372	-0.172424	0.217691
-0.298425	-0.182874	0.245720
-0.315477	-0.193323	0.272971
-0.332530	-0.203773	0.299565
-0.349583	-0.214223	0.325598
-0.366636	-0.224673	0.351146
-0.383689	-0.235123	0.376277
-0.400742	-0.245573	0.401041
-0.417794	-0.256023	0.425485
-0.434847	-0.266473	0.449646
-0.451900	-0.276923	0.473555
-0.468953	-0.287373	0.497241
-0.486006	-0.297823	0.520727
-0.503059	-0.308273	0.544033
-0.520111	-0.318723	0.567177
-0.537164	-0.329172	0.590174
-0.554217	-0.339622	0.613037
-0.571270	-0.350072	0.635780
-0.588323	-0.360522	0.658412
-0.605376	-0.370972	0.680942
-0.622429	-0.381422	0.703380
-0.639481	-0.391872	0.725732
-0.656534	-0.402322	0.748005
-0.673587	-0.412772	0.770206
-0.690640	-0.423222	0.792338
-0.707693	-0.433672	0.814408
-0.724746	-0.444122	0.836420
-0.741798	-0.454571	0.858377
-0.758851	-0.465021	0.880284
-0.775904	-0.475471	0.902144
-0.792957	-0.485921	0.923960
-0.810010	-0.496371	0.945734
-0.827063	-0.506821	0.967469
-0.844115	-0.517271	0.989168
-0.861168	-0.527721	1.010832
-0.153714	-0.111679	-0.020806
-0.169894	-0.123434	0.020806
-0.186074	-0.135190	0.058816
-0.202255	-0.146946	0.094085
-0.218435	-0.158701	0.127220
-0.234615	-0.170457	0.158661
-0.250796	-0.182213	0.188735
-0.266976	-0.193968	0.217691
-0.283157	-0.205724	0.245720
-0.299337	-0.217480	0.272971
-0.315517	-0.229235	0.299565
-0.331698	-0.240991	0.325598
-0.347878	-0.252747	0.351147
-0.364058	-0.264502	0.376277
-0.380239	-0.276258	0.401041
-0.396419	-0.288014	0.425485
-0.412600	-0.299769	0.449646
-0.428780	-0.311525	0.473555
-0.444960	-0.323280	0.497241
-0.461141	-0.335036	0.520727
-0.477321	-0.346792	0.544033
-0.493502	-0.358547	0.567176
-0.509682	-0.370303	0.590173
-0.525862	-0.382059	0.613037
-0.542043	-0.393814	0.635780
-0.558223	-0.405570	0.658412
-0.574403	-0.417326	0.680943
-0.590584	-0.429081	0.703380
-0.606764	-0.440837	0.725732
-0.622945	-0.452593	0.748005
-0.639125	-0.464348	0.770206
-0.655305	-0.476104	0.792338
-0.671486	-0.487860	0.814408
-0.687666	-0.499615	0.836420
-0.703846	-0.511371	0.858377
-0.720027	-0.523127	0.880284
-0.736207	-0.534882	0.902144
-0.752388	-0.546638	0.923959
-0.768568	-0.558394	0.945734
-0.784748	-0.570149	0.967469
-0.800929	-0.581905	0.989168
-0.817109	-0.593661	1.010832
-0.144478	-0.123395	-0.020806
-0.159686	-0.136384	0.020806
-0.174894	-0.149372	0.058816
-0.190102	-0.162361	0.094085
-0.205310	-0.175350	0.127220
-0.220518	-0.188339	0.158661
-0.235727	-0.201328	0.188735
-0.250935	-0.214317	0.217691
-0.266143	-0.227306	0.245720
-0.281351	-0.240295	0.272971
-0.296559	-0.253284	0.299565
-0.311767	-0.266273	0.325598
-0.326975	-0.279262	0.351147
-0.342184	-0.292251	0.376277
-0.357392	-0.305239	0.401041
-0.372600	-0.318228	0.425485
-0.387808	-0.331217	0.449646
-0.403016	-0.344206	0.473555
-0.418224	-0.357195	0.497241
-0.433433	-0.370184	0.520727
-0.448641	-0.383173	0.544033
-0.463849	-0.396162	0.567176
-0.479057	-0.409151	0.590173
-0.494265	-0.422140	0.613037
-0.509473	-0.435129	0.635780
-0.524682	-0.448117	0.658412
-0.539890	-0.461106	0.680943
-0.555098	-0.474095	0.703380
-0.570306	-0.487084	0.725733
-0.585514	-0.500073	0.748006
-0.600722	-0.513062	0.770206
-0.615931	-0.526051	0.792338
-0.631139	-0.539040	0.814408
-0.646347	-0.552029	0.836420
-0.661555	-0.565018	0.858377
-0.676763	-0.578007	0.880284
-0.691971	-0.590995	0.902144
-0.707180	-0.603984	0.923959
-0.722388	-0.616973	0.945734
-0.737596	-0.629962	0.967469
-0.752804	-0.642951	0.989168
-0.768012	-0.655940	1.010832
-0.134351	-0.134350	-0.020806
-0.148493	-0.148492	0.020806
-0.162635	-0.162634	0.058816
-0.176777	-0.176776	0.094085
-0.190919	-0.190918	0.127220
-0.205062	-0.205060	0.158661
-0.219204	-0.219202	0.188735
-0.233346	-0.233344	0.217691
-0.247488	-0.247487	0.245720
-0.261630	-0.261629	0.272971
-0.275773	-0.275771	0.299565
-0.289915	-0.289913	0.325598
-0.304057	-0.304055	0.351147
-0.318199	-0.318197	0.376277
-0.332341	-0.332339	0.401041
-0.346483	-0.346481	0.425485
-0.360626	-0.360623	0.449645
-0.374768	-0.374765	0.473555
-0.388910	-0.388907	0.497241
-0.403052	-0.403050	0.520727
-0.417194	-0.417192	0.544032
-0.431337	-0.431334	0.567176
-0.445479	-0.445476	0.590173
-0.459621	-0.459618	0.613037
-0.473763	-0.473760	0.635780
-0.487905	-0.487902	0.658412
-0.502047	-0.502044	0.680943
-0.516190	-0.516186	0.703381
-0.530332	-0.530328	0.725733
-0.544474	-0.544470	0.748006
-0.558616	-0.558613	0.770206
-0.572758	-0.572755	0.792338
-0.586901	-0.586897	0.814408
-0.601043	-0.601039	0.836420
-0.615185	-0.615181	0.858377
-0.629327	-0.629323	0.880284
-0.643469	-0.643465	0.902144
-0.657611	-0.657607	0.923959
-0.671754	-0.671749	0.945734
-0.685896	-0.685891	0.967469
-0.700038	-0.700033	0.989168
-0.714180	-0.714175	1.010832
-0.123396	-0.144477	-0.020806
-0.136385	-0.159685	0.020806
-0.149374	-0.174893	0.058816
-0.162363	-0.190101	0.094085
-0.175352	-0.205309	0.127220
-0.188341	-0.220517	0.158661
-0.201330	-0.235725	0.188735
-0.214319	-0.250933	0.217691
-0.227308	-0.266141	0.245720
-0.240297	-0.281349	0.272971
-0.253286	-0.296557	0.299565
-0.266275	-0.311766	0.325598
-0.279264	-0.326974	0.351147
-0.292253	-0.342182	0.376277
-0.305242	-0.357390	0.401041
-0.318231	-0.372598	0.425485
-0.331220	-0.387806	0.449645
-0.344209	-0.403014	0.473555
-0.357198	-0.418222	0.497241
-0.370187	-0.433430	0.520727
-0.383176	-0.448638	0.544033
-0.396165	-0.463846	0.567176
-0.409154	-0.479054	0.590174
-0.422143	-0.494262	0.613038
-0.435132	-0.509471	0.635780
-0.448121	-0.524679	0.658412
-0.461110	-0.539887	0.680943
-0.474099	-0.555095	0.703381
-0.487088	-0.570303	0.725733
-0.500077	-0.585511	0.748006
-0.513066	-0.600719	0.770206
-0.526055	-0.615927	0.792338
-0.539044	-0.631135	0.814408
-0.552033	-0.646343	0.836420
-0.565022	-0.661551	0.858377
-0.578011	-0.676759	0.880284
-0.591000	-0.691967	0.902144
-0.603989	-0.707176	0.923959
-0.616978	-0.722384	0.945734
-0.629967	-0.737592	0.967469
-0.642956	-0.752800	0.989168
-0.655945	-0.768008	1.010832
-0.111680	-0.153713	-0.020806
-0.123435	-0.169893	0.020806
-0.135191	-0.186073	0.058816
-0.146947	-0.202254	0.094085
-0.158703	-0.218434	0.127220
-0.170459	-0.234614	0.158661
-0.182214	-0.250795	0.188735
-0.193970	-0.266975	0.217691
-0.205726	-0.283155	0.245720
-0.217482	-0.299336	0.272971
-0.229237	-0.315516	0.299565
-0.240993	-0.331696	0.325598
-0.252749	-0.347876	0.351147
-0.264505	-0.364057	0.376277
-0.276260	-0.380237	0.401041
-0.288016	-0.396417	0.425485
-0.299772	-0.412598	0.449645
-0.311528	-0.428778	0.473555
-0.323283	-0.444958	0.497241
-0.335039	-0.461139	0.520727
-0.346795	-0.477319	0.544033
-0.358551	-0.493499	0.567177
-0.370306	-0.509679	0.590174
-0.382062	-0.525860	0.613038
-0.393818	-0.542040	0.635780
-0.405574	-0.558220	0.658412
-0.417330	-0.574401	0.680943
-0.429085	-0.590581	0.703381
-0.440841	-0.606761	0.725732
-0.452597	-0.622942	0.748005
-0.464353	-0.639122	0.770205
-0.476108	-0.655302	0.792338
-0.487864	-0.671482	0.814408
-0.499620	-0.687663	0.836420
-0.511376	-0.703843	0.858377
-0.523131	-0.720023	0.880284
-0.534887	-0.736204	0.902144
-0.546643	-0.752384	0.923959
-0.558399	-0.768564	0.945734
-0.570154	-0.784745	0.967469
-0.581910	-0.800925	0.989168
-0.593666	-0.817105	1.010832
-0.099275	-0.162001	-0.020806
-0.109725	-0.179054	0.020806
-0.120175	-0.196107	0.058816
-0.130625	-0.213160	0.094085
-0.141075	-0.230212	0.127220
-0.151525	-0.247265	0.158661
-0.161975	-0.264318	0.188735
-0.172426	-0.281371	0.217691
-0.182876	-0.298423	0.245720
-0.193326	-0.315476	0.272971
-0.203776	-0.332529	0.299565
-0.214226	-0.349582	0.325598
-0.224676	-0.366634	0.351147
-0.235126	-0.383687	0.376277
-0.245576	-0.400740	0.401041
-0.256026	-0.417793	0.425485
-0.266476	-0.434846	0.449645
-0.276926	-0.451898	0.473555
-0.287376	-0.468951	0.497241
-0.297826	-0.486004	0.520727
-0.308276	-0.503057	0.544033
-0.318726	-0.520109	0.567177
-0.329176	-0.537162	0.590174
-0.339626	-0.554215	0.613038
-0.350076	-0.571268	0.635780
-0.360526	-0.588320	0.658412
-0.370976	-0.605373	0.680943
-0.381426	-0.622426	0.703380
-0.391876	-0.639479	0.725732
-0.402326	-0.656532	0.748005
-0.412776	-0.673584	0.770205
-0.423226	-0.690637	0.792338
-0.433676	-0.707690	0.814408
-0.444126	-0.724743	0.836420
-0.454576	-0.741795	0.858377
-0.465026	-0.758848	0.880284
-0.475476	-0.775901	0.902144
-0.485926	-0.792954	0.923960
-0.496376	-0.810006	0.945734
-0.506827	-0.827059	0.967469
-0.517277	-0.844112	0.989168
-0.527727	-0.861165	1.010832
-0.086259	-0.169291	-0.020806
-0.095339	-0.187111	0.020806
-0.104419	-0.204931	0.058816
-0.113498	-0.222751	0.094085
-0.122578	-0.240571	0.127220
-0.131658	-0.258391	0.158661
-0.140738	-0.276212	0.188735
-0.149818	-0.294032	0.217691
-0.158898	-0.311852	0.245720
-0.167978	-0.329672	0.272971
-0.177058	-0.347492	0.299565
-0.186137	-0.365312	0.325598
-0.195217	-0.383132	0.351146
-0.204297	-0.400952	0.376277
-0.213377	-0.418772	0.401041
-0.222457	-0.436592	0.425485
-0.231537	-0.454412	0.449645
-0.240617	-0.472233	0.473555
-0.249697	-0.490053	0.497241
-0.258776	-0.507873	0.520727
-0.267856	-0.525693	0.544033
-0.276936	-0.543513	0.567177
-0.286016	-0.561333	0.590174
-0.295096	-0.579153	0.613038
-0.304176	-0.596973	0.635780
-0.313256	-0.614793	0.658412
-0.322336	-0.632613	0.680943
-0.331415	-0.650434	0.703380
-0.340495	-0.668254	0.725732
-0.349575	-0.686074	0.748005
-0.358655	-0.703894	0.770205
-0.367735	-0.721714	0.792338
-0.376815	-0.739534	0.814408
-0.385895	-0.757354	0.836420
-0.394975	-0.775174	0.858377
-0.404054	-0.792994	0.880284
-0.413134	-0.810814	0.902144
-0.422214	-0.828635	0.923960
-0.431294	-0.846455	0.945734
-0.440374	-0.864275	0.967469
-0.449454	-0.882095	0.989168
-0.458534	-0.899915	1.010832
-0.072710	-0.175537	-0.020806
-0.080364	-0.194014	0.020806
-0.088018	-0.212492	0.058816
-0.095672	-0.230970	0.094085
-0.103325	-0.249447	0.127220
-0.110979	-0.267925	0.158661
-0.118633	-0.286402	0.188735
-0.126287	-0.304880	0.217691
-0.133940	-0.323357	0.245720
-0.141594	-0.341835	0.272971
-0.149248	-0.360312	0.299565
-0.156902	-0.378790	0.325598
-0.164555	-0.397268	0.351146
-0.172209	-0.415745	0.376277
-0.179863	-0.434223	0.401041
-0.187517	-0.452700	0.425485
-0.195170	-0.471178	0.449645
-0.202824	-0.489655	0.473555
-0.210478	-0.508133	0.497241
-0.218131	-0.526611	0.520727
-0.225785	-0.545088	0.544033
-0.233439	-0.563566	0.567177
-0.241093	-0.582043	0.590174
-0.248746	-0.600521	0.613038
-0.256400	-0.618998	0.635780
-0.264054	-0.637476	0.658412
-0.271708	-0.655953	0.680943
-0.279361	-0.674431	0.703380
-0.287015	-0.692909	0.725732
-0.294669	-0.711386	0.748005
-0.302323	-0.729864	0.770205
-0.309976	-0.748341	0.792338
-0.317630	-0.766819	0.814408
-0.325284	-0.785296	0.836420
-0.332938	-0.803774	0.858377
-0.340591	-0.822252	0.880284
-0.348245	-0.840729	0.902144
-0.355899	-0.859207	0.923960
-0.363552	-0.877684	0.945734
-0.371206	-0.896162	0.967469
-0.378860	-0.914639	0.989168
-0.386514	-0.933117	1.010832
-0.058714	-0.180701	-0.020806
-0.064894	-0.199722	0.020806
-0.071075	-0.218743	0.058816
-0.077255	-0.237764	0.094085
-0.083436	-0.256785	0.127220
-0.089616	-0.275806	0.158661
-0.095796	-0.294827	0.188735
-0.101977	-0.313848	0.217691
-0.108157	-0.332869	0.245720
-0.114338	-0.351890	0.272971
-0.120518	-0.370912	0.299565
-0.126698	-0.389933	0.325598
-0.132879	-0.408954	0.351146
-0.139059	-0.427975	0.376277
-0.145240	-0.446996	0.401041
-0.151420	-0.466017	0.425485
-0.157600	-0.485038	0.449646
-0.163781	-0.504059	0.473555
-0.169961	-0.523080	0.497241
-0.176142	-0.542102	0.520727
-0.182322	-0.561123	0.544033
-0.188503	-0.580144	0.567177
-0.194683	-0.599165	0.590174
-0.200863	-0.618186	0.613037
-0.207044	-0.637207	0.635780
-0.213224	-0.656228	0.658412
-0.219405	-0.675249	0.680942
-0.225585	-0.694270	0.703380
-0.231765	-0.713292	0.725732
-0.237946	-0.732313	0.748005
-0.244126	-0.751334	0.770206
-0.250307	-0.770355	0.792338
-0.256487	-0.789376	0.814408
-0.262667	-0.808397	0.836420
-0.268848	-0.827418	0.858377
-0.275028	-0.846439	0.880284
-0.281209	-0.865460	0.902144
-0.287389	-0.884481	0.923960
-0.293570	-0.903503	0.945734
-0.299750	-0.922524	0.967469
-0.305930	-0.941545	0.989168
-0.312111	-0.960566	1.010832
-0.044355	-0.184750	-0.020806
-0.049024	-0.204197	0.020806
-0.053693	-0.223645	0.058816
-0.058362	-0.243092	0.094085
-0.063031	-0.262540	0.127220
-0.067700	-0.281987	0.158661
-0.072369	-0.301434	0.188735
-0.077038	-0.320882	0.217691
-0.081707	-0.340329	0.245720
-0.086376	-0.359777	0.272971
-0.091045	-0.379224	0.299565
-0.095714	-0.398671	0.325598
-0.100383	-0.418119	0.351147
-0.105052	-0.437566	0.376277
-0.109721	-0.457013	0.401041
-0.114390	-0.476461	0.425485
-0.119059	-0.495908	0.449646
-0.123728	-0.515356	0.473555
-0.128397	-0.534803	0.497241
-0.133066	-0.554250	0.520727
-0.137735	-0.573698	0.544033
-0.142404	-0.593145	0.567176
-0.147073	-0.612592	0.590173
-0.151742	-0.632040	0.613037
-0.156411	-0.651487	0.635780
-0.161080	-0.670935	0.658412
-0.165749	-0.690382	0.680943
-0.170418	-0.709829	0.703380
-0.175087	-0.729277	0.725732
-0.179756	-0.748724	0.748005
-0.184425	-0.768172	0.770206
-0.189094	-0.787619	0.792338
-0.193763	-0.807066	0.814408
-0.198432	-0.826514	0.836420
-0.203101	-0.845961	0.858377
-0.207770	-0.865408	0.880284
-0.212439	-0.884856	0.902144
-0.217108	-0.904303	0.923959
-0.221777	-0.923751	0.945734
-0.226446	-0.943198	0.967469
-0.231115	-0.962645	0.989168
-0.235784	-0.982093	1.010832
-0.029723	-0.187661	-0.020806
-0.032852	-0.207414	0.020806
-0.035981	-0.227168	0.058816
-0.039110	-0.246922	0.094085
-0.042238	-0.266676	0.127220
-0.045367	-0.286429	0.158661
-0.048496	-0.306183	0.188735
-0.051625	-0.325937	0.217691
-0.054753	-0.345691	0.245720
-0.057882	-0.365444	0.272971
-0.061011	-0.385198	0.299565
-0.064140	-0.404952	0.325598
-0.067268	-0.424706	0.351147
-0.070397	-0.444459	0.376277
-0.073526	-0.464213	0.401041
-0.076655	-0.483967	0.425485
-0.079784	-0.503721	0.449646
-0.082912	-0.523475	0.473555
-0.086041	-0.543228	0.497241
-0.089170	-0.562982	0.520727
-0.092299	-0.582736	0.544033
-0.095427	-0.602490	0.567176
-0.098556	-0.622243	0.590173
-0.101685	-0.641997	0.613037
-0.104814	-0.661751	0.635780
-0.107942	-0.681505	0.658412
-0.111071	-0.701258	0.680943
-0.114200	-0.721012	0.703380
-0.117329	-0.740766	0.725733
-0.120457	-0.760520	0.748006
-0.123586	-0.780273	0.770206
-0.126715	-0.800027	0.792338
-0.129844	-0.819781	0.814408
-0.132973	-0.839535	0.836420
-0.136101	-0.859288	0.858377
-0.139230	-0.879042	0.880284
-0.142359	-0.898796	0.902144
-0.145488	-0.918550	0.923959
-0.148616	-0.938303	0.945734
-0.151745	-0.958057	0.967469
-0.154874	-0.977811	0.989168
-0.158003	-0.997565	1.010832
-0.014908	-0.189414	-0.020806
-0.016477	-0.209353	0.020806
-0.018046	-0.229291	0.058816
-0.019616	-0.249229	0.094085
-0.021185	-0.269168	0.127220
-0.022754	-0.289106	0.158661
-0.024324	-0.309044	0.188735
-0.025893	-0.328983	0.217691
-0.027462	-0.348921	0.245720
-0.029031	-0.368859	0.272971
-0.030601	-0.388798	0.299565
-0.032170	-0.408736	0.325598
-0.033739	-0.428674	0.351147
-0.035308	-0.448613	0.376277
-0.036878	-0.468551	0.401041
-0.038447	-0.488489	0.425485
-0.040016	-0.508428	0.449646
-0.041585	-0.528366	0.473555
-0.043155	-0.548304	0.497241
-0.044724	-0.568243	0.520727
-0.046293	-0.588181	0.544033
-0.047862	-0.608119	0.567176
-0.049432	-0.628058	0.590173
-0.051001	-0.647996	0.613037
-0.052570	-0.667934	0.635780
-0.054139	-0.687873	0.658412
-0.055709	-0.707811	0.680943
-0.057278	-0.727749	0.703381
-0.058847	-0.747688	0.725733
-0.060417	-0.767626	0.748006
-0.061986	-0.787564	0.770206
-0.063555	-0.807503	0.792338
-0.065124	-0.827441	0.814408
-0.066694	-0.847379	0.836420
-0.068263	-0.867318	0.858377
-0.069832	-0.887256	0.880284
-0.071401	-0.907194	0.902144
-0.072971	-0.927133	0.923959
-0.074540	-0.947071	0.945734
-0.076109	-0.967010	0.967469
-0.077678	-0.986948	0.989168
-0.079248	-1.006886	1.010832
-0.000001	-0.190000	-0.020806
-0.000001	-0.210000	0.020806
-0.000001	-0.230000	0.058816
-0.000001	-0.250000	0.094085
-0.000001	-0.270000	0.127220
-0.000001	-0.290000	0.158661
-0.000001	-0.310000	0.188735
-0.000001	-0.330000	0.217691
-0.000001	-0.350000	0.245720
-0.000001	-0.370000	0.272971
-0.000002	-0.390000	0.299565
-0.000002	-0.410000	0.325598
-0.000002	-0.430000	0.351147
-0.000002	-0.450000	0.376277
-0.000002	-0.470000	0.401041
-0.000002	-0.490000	0.425485
-0.000002	-0.510000	0.449645
-0.000002	-0.530000	0.473555
-0.000002	-0.550000	0.497241
-0.000002	-0.570000	0.520727
-0.000002	-0.590000	0.544033
-0.000002	-0.610000	0.567176
-0.000003	-0.630000	0.590174
-0.000003	-0.650000	0.613038
-0.000003	-0.670000	0.635780
-0.000003	-0.690000	0.658412
-0.000003	-0.710000	0.680943
-0.000003	-0.730000	0.703381
-0.000003	-0.750000	0.725733
-0.000003	-0.770000	0.748006
-0.000003	-0.790000	0.770206
-0.000003	-0.810000	0.792338
-0.000003	-0.830000	0.814408
-0.000003	-0.850000	0.836420
-0.000003	-0.870000	0.858377
-0.000004	-0.890000	0.880284
-0.000004	-0.910000	0.902144
-0.000004	-0.930000	0.923959
-0.000004	-0.950000	0.945734
-0.000004	-0.970000	0.967469
-0.000004	-0.990000	0.989168
-0.000004	-1.010000	1.010832
0.014906	-0.189414	-0.020806
0.016476	-0.209353	0.020806
0.018045	-0.229291	0.058816
0.019614	-0.249229	0.094085
0.021183	-0.269168	0.127220
0.022752	-0.289106	0.158661
0.024321	-0.309044	0.188735
0.025890	-0.328983	0.217691
0.027459	-0.348921	0.245720
0.029028	-0.368860	0.272971
0.030597	-0.388798	0.299565
0.032167	-0.408736	0.325598
0.033736	-0.428675	0.351147
0.035305	-0.448613	0.376277
0.036874	-0.468551	0.401041
0.038443	-0.488490	0.425485
0.040012	-0.508428	0.449645
0.041581	-0.528366	0.473555
0.043150	-0.548305	0.497241
0.044719	-0.568243	0.520727
0.046288	-0.588181	0.544033
0.047858	-0.608120	0.567177
0.049427	-0.628058	0.590174
0.050996	-0.647996	0.613038
0.052565	-0.667935	0.635780
0.054134	-0.687873	0.658412
0.055703	-0.707812	0.680943
0.057272	-0.727750	0.703381
0.058841	-0.747688	0.725732
0.060410	-0.767627	0.748005
0.061979	-0.787565	0.770205
0.063549	-0.807503	0.792338
0.065118	-0.827442	0.814408
0.066687	-0.847380	0.836420
0.068256	-0.867318	0.858377
0.069825	-0.887257	0.880284
0.071394	-0.907195	0.902144
0.072963	-0.927133	0.923959
0.074532	-0.947072	0.945734
0.076101	-0.967010	0.967469
0.077671	-0.986948	0.989168
0.079240	-1.006887	1.010832
0.029722	-0.187661	-0.020806
0.032850	-0.207415	0.020806
0.035979	-0.227168	0.058816
0.039108	-0.246922	0.094085
0.042236	-0.266676	0.127220
0.045365	-0.286430	0.158661
0.048493	-0.306184	0.188735
0.051622	-0.325937	0.217691
0.054751	-0.345691	0.245720
0.057879	-0.365445	0.272971
0.061008	-0.385199	0.299565
0.064136	-0.404952	0.325598
0.067265	-0.424706	0.351147
0.070394	-0.444460	0.376277
0.073522	-0.464214	0.401041
0.076651	-0.483968	0.425485
0.079780	-0.503721	0.449645
0.082908	-0.523475	0.473555
0.086037	-0.543229	0.497241
0.089165	-0.562983	0.520727
0.092294	-0.582737	0.544033
0.095423	-0.602490	0.567177
0.098551	-0.622244	0.590174
0.101680	-0.641998	0.613038
0.104808	-0.661752	0.635780
0.107937	-0.681505	0.658412
0.111066	-0.701259	0.680943
0.114194	-0.721013	0.703380
0.117323	-0.740767	0.725732
0.120451	-0.760521	0.748005
0.123580	-0.780274	0.770205
0.126709	-0.800028	0.792338
0.129837	-0.819782	0.814408
0.132966	-0.839536	0.836420
0.136094	-0.859289	0.858377
0.139223	-0.879043	0.880284
0.142352	-0.898797	0.902144
0.145480	-0.918551	0.923960
0.148609	-0.938305	0.945734
0.151737	-0.958058	0.967469
0.154866	-0.977812	0.989168
0.157995	-0.997566	1.010832
0.044354	-0.184750	-0.020806
0.049023	-0.204198	0.020806
0.053691	-0.223645	0.058816
0.058360	-0.243093	0.094085
0.063029	-0.262540	0.127220
0.067698	-0.281988	0.158661
0.072367	-0.301435	0.188735
0.077036	-0.320882	0.217691
0.081704	-0.340330	0.245720
0.086373	-0.359777	0.272971
0.091042	-0.379225	0.299565
0.095711	-0.398672	0.325598
0.100380	-0.418119	0.351147
0.105049	-0.437567	0.376277
0.109717	-0.457014	0.401041
0.114386	-0.476462	0.425485
0.119055	-0.495909	0.449645
0.123724	-0.515357	0.473555
0.128393	-0.534804	0.497241
0.133062	-0.554251	0.520727
0.137730	-0.573699	0.544033
0.142399	-0.593146	0.567177
0.147068	-0.612594	0.590174
0.151737	-0.632041	0.613038
0.156406	-0.651489	0.635780
0.161074	-0.670936	0.658412
0.165743	-0.690383	0.680943
0.170412	-0.709831	0.703380
0.175081	-0.729278	0.725732
0.179750	-0.748726	0.748005
0.184419	-0.768173	0.770205
0.189087	-0.787620	0.792338
0.193756	-0.807068	0.814408
0.198425	-0.826515	0.836420
0.203094	-0.845963	0.858377
0.207763	-0.865410	0.880284
0.212432	-0.884858	0.902144
0.217100	-0.904305	0.923960
0.221769	-0.923752	0.945734
0.226438	-0.943200	0.967469
0.231107	-0.962647	0.989168
0.235776	-0.982095	1.010832
0.058712	-0.180701	-0.020806
0.064893	-0.199722	0.020806
0.071073	-0.218743	0.058816
0.077253	-0.237764	0.094085
0.083433	-0.256786	0.127220
0.089614	-0.275807	0.158661
0.095794	-0.294828	0.188735
0.101974	-0.313849	0.217691
0.108155	-0.332870	0.245720
0.114335	-0.351891	0.272971
0.120515	-0.370913	0.299565
0.126695	-0.389934	0.325598
0.132876	-0.408955	0.351146
0.139056	-0.427976	0.376277
0.145236	-0.446997	0.401041
0.151416	-0.466018	0.425485
0.157597	-0.485039	0.449645
0.163777	-0.504061	0.473555
0.169957	-0.523082	0.497241
0.176137	-0.542103	0.520727
0.182318	-0.561124	0.544033
0.188498	-0.580145	0.567177
0.194678	-0.599166	0.590174
0.200858	-0.618188	0.613038
0.207039	-0.637209	0.635780
0.213219	-0.656230	0.658412
0.219399	-0.675251	0.680943
0.225579	-0.694272	0.703380
0.231760	-0.713293	0.725732
0.237940	-0.732315	0.748005
0.244120	-0.751336	0.770205
0.250300	-0.770357	0.792338
0.256481	-0.789378	0.814408
0.262661	-0.808399	0.836420
0.268841	-0.827420	0.858377
0.275022	-0.846441	0.880284
0.281202	-0.865463	0.902144
0.287382	-0.884484	0.923960
0.293562	-0.903505	0.945734
0.299743	-0.922526	0.967469
0.305923	-0.941547	0.989168
0.312103	-0.960568	1.010832
0.072709	-0.175537	-0.020806
0.080363	-0.194015	0.020806
0.088016	-0.212493	0.058816
0.095670	-0.230970	0.094085
0.103323	-0.249448	0.127220
0.110977	-0.267926	0.158661
0.118631	-0.286403	0.188735
0.126284	-0.304881	0.217691
0.133938	-0.323358	0.245720
0.141591	-0.341836	0.272971
0.149245	-0.360314	0.299565
0.156899	-0.378791	0.325598
0.164552	-0.397269	0.351146
0.172206	-0.415747	0.376277
0.179859	-0.434224	0.401041
0.187513	-0.452702	0.425485
0.195167	-0.471179	0.449646
0.202820	-0.489657	0.473555
0.210474	-0.508135	0.497241
0.218127	-0.526612	0.520727
0.225781	-0.545090	0.544033
0.233434	-0.563568	0.567177
0.241088	-0.582045	0.590174
0.248742	-0.600523	0.613037
0.256395	-0.619000	0.635780
0.264049	-0.637478	0.658412
0.271702	-0.655956	0.680943
0.279356	-0.674433	0.703380
0.287010	-0.692911	0.725732
0.294663	-0.711389	0.748005
0.302317	-0.729866	0.770206
0.309970	-0.748344	0.792338
0.317624	-0.766821	0.814408
0.325278	-0.785299	0.836420
0.332931	-0.803777	0.858377
0.340585	-0.822254	0.880284
0.348238	-0.840732	0.902144
0.355892	-0.859209	0.923960
0.363545	-0.877687	0.945734
0.371199	-0.896165	0.967469
0.378853	-0.914642	0.989168
0.386506	-0.933120	1.010832
0.086257	-0.169292	-0.020806
0.095337	-0.187112	0.020806
0.104417	-0.204932	0.058816
0.113497	-0.222752	0.094085
0.122576	-0.240572	0.127220
0.131656	-0.258392	0.158661
0.140736	-0.276213	0.188735
0.149816	-0.294033	0.217691
0.158895	-0.311853	0.245720
0.167975	-0.329673	0.272971
0.177055	-0.347493	0.299565
0.186135	-0.365313	0.325598
0.195214	-0.383134	0.351147
0.204294	-0.400954	0.376277
0.213374	-0.418774	0.401041
0.222453	-0.436594	0.425485
0.231533	-0.454414	0.449646
0.240613	-0.472235	0.473555
0.249693	-0.490055	0.497241
0.258772	-0.507875	0.520727
0.267852	-0.525695	0.544033
0.276932	-0.543515	0.567176
0.286012	-0.561335	0.590173
0.295091	-0.579156	0.613037
0.304171	-0.596976	0.635780
0.313251	-0.614796	0.658412
0.322330	-0.632616	0.680943
0.331410	-0.650436	0.703380
0.340490	-0.668256	0.725732
0.349570	-0.686077	0.748005
0.358649	-0.703897	0.770206
0.367729	-0.721717	0.792338
0.376809	-0.739537	0.814408
0.385889	-0.757357	0.836420
0.394968	-0.775177	0.858377
0.404048	-0.792998	0.880284
0.413128	-0.810818	0.902144
0.422208	-0.828638	0.923959
0.431287	-0.846458	0.945734
0.440367	-0.864278	0.967469
0.449447	-0.882098	0.989168
0.458526	-0.899919	1.010832
0.099274	-0.162002	-0.020806
0.109724	-0.179055	0.020806
0.120174	-0.196108	0.058816
0.130624	-0.213161	0.094085
0.141074	-0.230213	0.127220
0.151523	-0.247266	0.158661
0.161973	-0.264319	0.188735
0.172423	-0.281372	0.217691
0.182873	-0.298425	0.245720
0.193323	-0.315478	0.272971
0.203773	-0.332531	0.299565
0.214223	-0.349583	0.325598
0.224673	-0.366636	0.351147
0.235123	-0.383689	0.376277
0.245573	-0.400742	0.401041
0.256022	-0.417795	0.425485
0.266472	-0.434848	0.449646
0.276922	-0.451901	0.473555
0.287372	-0.468953	0.497241
0.297822	-0.486006	0.520727
0.308272	-0.503059	0.544033
0.318722	-0.520112	0.567176
0.329172	-0.537165	0.590173
0.339622	-0.554218	0.613037
0.350071	-0.571270	0.635780
0.360521	-0.588323	0.658412
0.370971	-0.605376	0.680943
0.381421	-0.622429	0.703380
0.391871	-0.639482	0.725733
0.402321	-0.656535	0.748006
0.412771	-0.673588	0.770206
0.423221	-0.690640	0.792338
0.433671	-0.707693	0.814408
0.444121	-0.724746	0.836420
0.454570	-0.741799	0.858377
0.465020	-0.758852	0.880284
0.475470	-0.775905	0.902144
0.485920	-0.792958	0.923959
0.496370	-0.810010	0.945734
0.506820	-0.827063	0.967469
0.517270	-0.844116	0.989168
0.527720	-0.861169	1.010832
0.111679	-0.153714	-0.020806
0.123434	-0.169894	0.020806
0.135190	-0.186075	0.058816
0.146945	-0.202255	0.094085
0.158701	-0.218435	0.127220
0.170457	-0.234616	0.158661
0.182212	-0.250796	0.188735
0.193968	-0.266976	0.217691
0.205724	-0.283157	0.245720
0.217479	-0.299337	0.272971
0.229235	-0.315518	0.299565
0.240990	-0.331698	0.325598
0.252746	-0.347878	0.351147
0.264502	-0.364059	0.376277
0.276257	-0.380239	0.401041
0.288013	-0.396420	0.425485
0.299769	-0.412600	0.449645
0.311524	-0.428780	0.473555
0.323280	-0.444961	0.497241
0.335036	-0.461141	0.520727
0.346791	-0.477322	0.544033
0.358547	-0.493502	0.567176
0.370302	-0.509682	0.590173
0.382058	-0.525863	0.613037
0.393814	-0.542043	0.635780
0.405569	-0.558224	0.658412
0.417325	-0.574404	0.680943
0.429081	-0.590584	0.703381
0.440836	-0.606765	0.725733
0.452592	-0.622945	0.748006
0.464347	-0.639126	0.770206
0.476103	-0.655306	0.792338
0.487859	-0.671486	0.814408
0.499614	-0.687667	0.836420
0.511370	-0.703847	0.858377
0.523126	-0.720027	0.880284
0.534881	-0.736208	0.902144
0.546637	-0.752388	0.923959
0.558393	-0.768569	0.945734
0.570148	-0.784749	0.967469
0.581904	-0.800929	0.989168
0.593659	-0.817110	1.010832
0.123394	-0.144478	-0.020806
0.136383	-0.159686	0.020806
0.149372	-0.174894	0.058816
0.162361	-0.190102	0.094085
0.175350	-0.205310	0.127220
0.188339	-0.220519	0.158661
0.201328	-0.235727	0.188735
0.214317	-0.250935	0.217691
0.227306	-0.266143	0.245720
0.240294	-0.281351	0.272971
0.253283	-0.296559	0.299565
0.266272	-0.311768	0.325598
0.279261	-0.326976	0.351147
0.292250	-0.342184	0.376277
0.305239	-0.357392	0.401041
0.318228	-0.372600	0.425485
0.331217	-0.387809	0.449645
0.344206	-0.403017	0.473555
0.357195	-0.418225	0.497241
0.370183	-0.433433	0.520727
0.383172	-0.448641	0.544033
0.396161	-0.463849	0.567176
0.409150	-0.479058	0.590174
0.422139	-0.494266	0.613038
0.435128	-0.509474	0.635780
0.448117	-0.524682	0.658412
0.461106	-0.539890	0.680943
0.474095	-0.555099	0.703381
0.487083	-0.570307	0.725733
0.500072	-0.585515	0.748006
0.513061	-0.600723	0.770206
0.526050	-0.615931	0.792338
0.539039	-0.631139	0.814408
0.552028	-0.646348	0.836420
0.565017	-0.661556	0.858377
0.578006	-0.676764	0.880284
0.590995	-0.691972	0.902144
0.603983	-0.707180	0.923959
0.616972	-0.722388	0.945734
0.629961	-0.737597	0.967469
0.642950	-0.752805	0.989168
0.655939	-0.768013	1.010832
0.134350	-0.134351	-0.020806
0.148492	-0.148493	0.020806
0.162634	-0.162635	0.058816
0.176776	-0.176778	0.094085
0.190918	-0.190920	0.127220
0.205060	-0.205062	0.158661
0.219202	-0.219204	0.188735
0.233344	-0.233346	0.217691
0.247486	-0.247489	0.245720
0.261628	-0.261631	0.272971
0.275770	-0.275773	0.299565
0.289912	-0.289915	0.325598
0.304055	-0.304057	0.351147
0.318197	-0.318200	0.376277
0.332339	-0.332342	0.401041
0.346481	-0.346484	0.425485
0.360623	-0.360626	0.449645
0.374765	-0.374768	0.473555
0.388907	-0.388911	0.497241
0.403049	-0.403053	0.520727
0.417191	-0.417195	0.544033
0.431333	-0.431337	0.567177
0.445475	-0.445479	0.590174
0.459617	-0.459622	0.613038
0.473759	-0.473764	0.635780
0.487901	-0.487906	0.658412
0.502043	-0.502048	0.680943
0.516186	-0.516190	0.703380
0.530328	-0.530333	0.725732
0.544470	-0.544475	0.748005
0.558612	-0.558617	0.770205
0.572754	-0.572759	0.792338
0.586896	-0.586901	0.814408
0.601038	-0.601044	0.836420
0.615180	-0.615186	0.858377
0.629322	-0.629328	0.880284
0.643464	-0.643470	0.902144
0.657606	-0.657612	0.923959
0.671748	-0.671755	0.945734
0.685890	-0.685897	0.967469
0.700032	-0.700039	0.989168
0.714175	-0.714181	1.010832
0.144477	-0.123396	-0.020806
0.159685	-0.136385	0.020806
0.174893	-0.149374	0.058816
0.190101	-0.162363	0.094085
0.205309	-0.175352	0.127220
0.220517	-0.188341	0.158661
0.235725	-0.201330	0.188735
0.250933	-0.214319	0.217691
0.266141	-0.227308	0.245720
0.281349	-0.240297	0.272971
0.296557	-0.253286	0.299565
0.311765	-0.266275	0.325598
0.326973	-0.279264	0.351147
0.342181	-0.292253	0.376277
0.357389	-0.305242	0.401041
0.372597	-0.318231	0.425485
0.387805	-0.331220	0.449645
0.403014	-0.344209	0.473555
0.418222	-0.357198	0.497241
0.433430	-0.370187	0.520727
0.448638	-0.383176	0.544033
0.463846	-0.396165	0.567177
0.479054	-0.409155	0.590174
0.494262	-0.422144	0.613038
0.509470	-0.435133	0.635780
0.524678	-0.448122	0.658412
0.539886	-0.461111	0.680943
0.555094	-0.474100	0.703380
0.570302	-0.487089	0.725732
0.585510	-0.500078	0.748005
0.600718	-0.513067	0.770205
0.615926	-0.526056	0.792338
0.631134	-0.539045	0.814408
0.646342	-0.552034	0.836420
0.661551	-0.565023	0.858377
0.676759	-0.578012	0.880284
0.691967	-0.591001	0.902144
0.707175	-0.603990	0.923960
0.722383	-0.616979	0.945734
0.737591	-0.629968	0.967469
0.752799	-0.642957	0.989168
0.768007	-0.655946	1.010832
0.153713	-0.111680	-0.020806
0.169893	-0.123436	0.020806
0.186073	-0.135191	0.058816
0.202254	-0.146947	0.094085
0.218434	-0.158703	0.127220
0.234614	-0.170459	0.158661
0.250794	-0.182215	0.188735
0.266975	-0.193970	0.217691
0.283155	-0.205726	0.245720
0.299335	-0.217482	0.272971
0.315516	-0.229238	0.299565
0.331696	-0.240994	0.325598
0.347876	-0.252749	0.351147
0.364056	-0.264505	0.376277
0.380237	-0.276261	0.401041
0.396417	-0.288017	0.425485
0.412597	-0.299772	0.449645
0.428778	-0.311528	0.473555
0.444958	-0.323284	0.497241
0.461138	-0.335040	0.520727
0.477318	-0.346796	0.544033
0.493499	-0.358551	0.567177
0.509679	-0.370307	0.590174
0.525859	-0.382063	0.613038
0.542040	-0.393819	0.635780
0.558220	-0.405574	0.658412
0.574400	-0.417330	0.680943
0.590580	-0.429086	0.703380
0.606761	-0.440842	0.725732
0.622941	-0.452598	0.748005
0.639121	-0.464353	0.770205
0.655301	-0.476109	0.792338
0.671482	-0.487865	0.814408
0.687662	-0.499621	0.836420
0.703842	-0.511377	0.858377
0.720023	-0.523132	0.880284
0.736203	-0.534888	0.902144
0.752383	-0.546644	0.923960
0.768563	-0.558400	0.945734
0.784744	-0.570155	0.967469
0.800924	-0.581911	0.989168
0.817104	-0.593667	1.010832
0.162001	-0.099276	-0.020806
0.179054	-0.109726	0.020806
0.196107	-0.120176	0.058816
0.213159	-0.130626	0.094085
0.230212	-0.141076	0.127220
0.247265	-0.151526	0.158661
0.264318	-0.161976	0.188735
0.281370	-0.172426	0.217691
0.298423	-0.182876	0.245720
0.315476	-0.193326	0.272971
0.332529	-0.203776	0.299565
0.349581	-0.214226	0.325598
0.366634	-0.224676	0.351147
0.383687	-0.235126	0.376277
0.400740	-0.245576	0.401041
0.417792	-0.256026	0.425485
0.434845	-0.266476	0.449645
0.451898	-0.276926	0.473555
0.468951	-0.287376	0.497241
0.486003	-0.297827	0.520727
0.503056	-0.308277	0.544033
0.520109	-0.318727	0.567177
0.537162	-0.329177	0.590174
0.554214	-0.339627	0.613037
0.571267	-0.350077	0.635780
0.588320	-0.360527	0.658412
0.605373	-0.370977	0.680943
0.622425	-0.381427	0.703380
0.639478	-0.391877	0.725732
0.656531	-0.402327	0.748005
0.673584	-0.412777	0.770205
0.690636	-0.423227	0.792338
0.707689	-0.433677	0.814408
0.724742	-0.444127	0.836420
0.741795	-0.454577	0.858377
0.758847	-0.465027	0.880284
0.775900	-0.475477	0.902144
0.792953	-0.485928	0.923960
0.810006	-0.496378	0.945734
0.827059	-0.506828	0.967469
0.844111	-0.517278	0.989168
0.861164	-0.527728	1.010832
0.169291	-0.086259	-0.020806
0.187111	-0.095339	0.020806
0.204931	-0.104419	0.058816
0.222751	-0.113499	0.094085
0.240571	-0.122579	0.127220
0.258391	-0.131659	0.158661
0.276211	-0.140738	0.188735
0.294031	-0.149818	0.217691
0.311852	-0.158898	0.245720
0.329672	-0.167978	0.272971
0.347492	-0.177058	0.299565
0.365312	-0.186138	0.325598
0.383132	-0.195218	0.351147
0.400952	-0.204298	0.376277
0.418772	-0.213378	0.401041
0.436592	-0.222457	0.425485
0.454412	-0.231537	0.449646
0.472232	-0.240617	0.473555
0.490052	-0.249697	0.497241
0.507872	-0.258777	0.520727
0.525693	-0.267857	0.544033
0.543513	-0.276937	0.567176
0.561333	-0.286017	0.590174
0.579153	-0.295097	0.613037
0.596973	-0.304177	0.635780
0.614793	-0.313256	0.658412
0.632613	-0.322336	0.680943
0.650433	-0.331416	0.703380
0.668253	-0.340496	0.725732
0.686073	-0.349576	0.748005
0.703893	-0.358656	0.770206
0.721713	-0.367736	0.792338
0.739534	-0.376816	0.814408
0.757354	-0.385896	0.836420
0.775174	-0.394976	0.858377
0.792994	-0.404055	0.880284
0.810814	-0.413135	0.902144
0.828634	-0.422215	0.923959
0.846454	-0.431295	0.945734
0.864274	-0.440375	0.967469
0.882094	-0.449455	0.989168
0.899914	-0.458535	1.010832
0.175537	-0.072711	-0.020806
0.194014	-0.080364	0.020806
0.212492	-0.088018	0.058816
0.230969	-0.095672	0.094085
0.249447	-0.103326	0.127220
0.267925	-0.110980	0.158661
0.286402	-0.118633	0.188735
0.304880	-0.126287	0.217691
0.323357	-0.133941	0.245720
0.341835	-0.141595	0.272971
0.360312	-0.149248	0.299565
0.378790	-0.156902	0.325598
0.397267	-0.164556	0.351147
0.415745	-0.172210	0.376277
0.434222	-0.179863	0.401041
0.452700	-0.187517	0.425485
0.471178	-0.195171	0.449646
0.489655	-0.202825	0.473555
0.508133	-0.210478	0.497241
0.526610	-0.218132	0.520727
0.545088	-0.225786	0.544033
0.563565	-0.233440	0.567176
0.582043	-0.241093	0.590173
0.600520	-0.248747	0.613037
0.618998	-0.256401	0.635780
0.637476	-0.264055	0.658412
0.655953	-0.271709	0.680943
0.674431	-0.279362	0.703380
0.692908	-0.287016	0.725732
0.711386	-0.294670	0.748006
0.729863	-0.302324	0.770206
0.748341	-0.309977	0.792338
0.766818	-0.317631	0.814408
0.785296	-0.325285	0.836420
0.803774	-0.332939	0.858377
0.822251	-0.340592	0.880284
0.840729	-0.348246	0.902144
0.859206	-0.355900	0.923959
0.877684	-0.363554	0.945734
0.896161	-0.371207	0.967469
0.914639	-0.378861	0.989168
0.933116	-0.386515	1.010832
0.180700	-0.058714	-0.020806
0.199722	-0.064895	0.020806
0.218743	-0.071075	0.058816
0.237764	-0.077255	0.094085
0.256785	-0.083436	0.127220
0.275806	-0.089616	0.158661
0.294827	-0.095797	0.188735
0.313848	-0.101977	0.217691
0.332869	-0.108158	0.245720
0.351890	-0.114338	0.272971
0.370911	-0.120518	0.299565
0.389933	-0.126699	0.325598
0.408954	-0.132879	0.351147
0.427975	-0.139060	0.376277
0.446996	-0.145240	0.401041
0.466017	-0.151421	0.425485
0.485038	-0.157601	0.449645
0.504059	-0.163782	0.473555
0.523080	-0.169962	0.497241
0.542101	-0.176142	0.520727
0.561122	-0.182323	0.544033
0.580144	-0.188503	0.567176
0.599165	-0.194684	0.590173
0.618186	-0.200864	0.613037
0.637207	-0.207045	0.635780
0.656228	-0.213225	0.658412
0.675249	-0.219405	0.680943
0.694270	-0.225586	0.703380
0.713291	-0.231766	0.725733
0.732312	-0.237947	0.748006
0.751333	-0.244127	0.770206
0.770355	-0.250308	0.792338
0.789376	-0.256488	0.814408
0.808397	-0.262669	0.836420
0.827418	-0.268849	0.858377
0.846439	-0.275029	0.880284
0.865460	-0.281210	0.902144
0.884481	-0.287390	0.923959
0.903502	-0.293571	0.945734
0.922523	-0.299751	0.967469
0.941544	-0.305932	0.989168
0.960566	-0.312112	1.010832
0.184750	-0.044356	-0.020806
0.204197	-0.049025	0.020806
0.223645	-0.053694	0.058816
0.243092	-0.058363	0.094085
0.262540	-0.063032	0.127220
0.281987	-0.067701	0.158661
0.301434	-0.072370	0.188735
0.320882	-0.077039	0.217691
0.340329	-0.081708	0.245720
0.359776	-0.086377	0.272971
0.379224	-0.091046	0.299565
0.398671	-0.095715	0.325598
0.418119	-0.100384	0.351147
0.437566	-0.105053	0.376277
0.457013	-0.109722	0.401041
0.476461	-0.114391	0.425485
0.495908	-0.119060	0.449645
0.515355	-0.123729	0.473555
0.534803	-0.128398	0.497241
0.554250	-0.133067	0.520727
0.573698	-0.137736	0.544033
0.593145	-0.142405	0.567176
0.612592	-0.147074	0.590174
0.632040	-0.151743	0.613038
0.651487	-0.156412	0.635780
0.670934	-0.161081	0.658412
0.690382	-0.165750	0.680943
0.709829	-0.170419	0.703381
0.729277	-0.175088	0.725733
0.748724	-0.179757	0.748006
0.768171	-0.184426	0.770206
0.787619	-0.189095	0.792338
0.807066	-0.193764	0.814408
0.826513	-0.198433	0.836420
0.845961	-0.203102	0.858377
0.865408	-0.207771	0.880284
0.884856	-0.212440	0.902144
0.904303	-0.217109	0.923959
0.923750	-0.221778	0.945734
0.943198	-0.226447	0.967469
0.962645	-0.231116	0.989168
0.982092	-0.235785	1.010832
0.187661	-0.029724	-0.020806
0.207414	-0.032852	0.020806
0.227168	-0.035981	0.058816
0.246922	-0.039110	0.094085
0.266676	-0.042239	0.127220
0.286429	-0.045367	0.158661
0.306183	-0.048496	0.188735
0.325937	-0.051625	0.217691
0.345691	-0.054754	0.245720
0.365444	-0.057883	0.272971
0.385198	-0.061011	0.299565
0.404952	-0.064140	0.325598
0.424706	-0.067269	0.351147
0.444459	-0.070398	0.376277
0.464213	-0.073527	0.401041
0.483967	-0.076655	0.425485
0.503721	-0.079784	0.449645
0.523474	-0.082913	0.473555
0.543228	-0.086042	0.497241
0.562982	-0.089171	0.520727
0.582736	-0.092299	0.544033
0.602489	-0.095428	0.567177
0.622243	-0.098557	0.590174
0.641997	-0.101686	0.613038
0.661751	-0.104815	0.635780
0.681504	-0.107943	0.658412
0.701258	-0.111072	0.680943
0.721012	-0.114201	0.703381
0.740766	-0.117330	0.725732
0.760519	-0.120458	0.748005
0.780273	-0.123587	0.770206
0.800027	-0.126716	0.792338
0.819781	-0.129845	0.814408
0.839534	-0.132974	0.836420
0.859288	-0.136102	0.858377
0.879042	-0.139231	0.880284
0.898796	-0.142360	0.902144
0.918549	-0.145489	0.923959
0.938303	-0.148618	0.945734
0.958057	-0.151746	0.967469
0.977811	-0.154875	0.989168
0.997564	-0.158004	1.010832
0.189414	-0.014908	-0.020806
0.209353	-0.016478	0.020806
0.229291	-0.018047	0.058816
0.249229	-0.019616	0.094085
0.269168	-0.021185	0.127220
0.289106	-0.022755	0.158661
0.309044	-0.024324	0.188735
0.328983	-0.025893	0.217691
0.348921	-0.027463	0.245720
0.368859	-0.029032	0.272971
0.388798	-0.030601	0.299565
0.408736	-0.032170	0.325598
0.428674	-0.033740	0.351147
0.448613	-0.035309	0.376277
0.468551	-0.036878	0.401041
0.488489	-0.038448	0.425485
0.508428	-0.040017	0.449645
0.528366	-0.041586	0.473555
0.548304	-0.043155	0.497241
0.568243	-0.044725	0.520727
0.588181	-0.046294	0.544033
0.608119	-0.047863	0.567177
0.628058	-0.049433	0.590174
0.647996	-0.051002	0.613038
0.667934	-0.052571	0.635780
0.687873	-0.054140	0.658412
0.707811	-0.055710	0.680943
0.727749	-0.057279	0.703380
0.747688	-0.058848	0.725732
0.767626	-0.060418	0.748005
0.787564	-0.061987	0.770205
0.807503	-0.063556	0.792338
0.827441	-0.065125	0.814408
0.847379	-0.066695	0.836420
0.867318	-0.068264	0.858377
0.887256	-0.069833	0.880284
0.907194	-0.071403	0.902144
0.927133	-0.072972	0.923959
0.947071	-0.074541	0.945734
0.967009	-0.076110	0.967469
0.986948	-0.077680	0.989168
1.006886	-0.079249	1.010832
0.190000	-0.000001	-0.020806
0.210000	-0.000001	0.020806
0.230000	-0.000001	0.058816
0.250000	-0.000001	0.094085
0.270000	-0.000001	0.127220
0.290000	-0.000002	0.158661
0.310000	-0.000002	0.188735
0.330000	-0.000002	0.217691
0.350000	-0.000002	0.245720
0.370000	-0.000002	0.272971
0.390000	-0.000002	0.299565
0.410000	-0.000002	0.325598
0.430000	-0.000002	0.351147
0.450000	-0.000002	0.376277
0.470000	-0.000002	0.401041
0.490000	-0.000003	0.425485
0.510000	-0.000003	0.449645
0.530000	-0.000003	0.473555
0.550000	-0.000003	0.497241
0.570000	-0.000003	0.520727
0.590000	-0.000003	0.544033
0.610000	-0.000003	0.567177
0.630000	-0.000003	0.590174
0.650000	-0.000003	0.613038
0.670000	-0.000004	0.635780
0.690000	-0.000004	0.658412
0.710000	-0.000004	0.680943
0.730000	-0.000004	0.703380
0.750000	-0.000004	0.725732
0.770000	-0.000004	0.748005
0.790000	-0.000004	0.770205
0.810000	-0.000004	0.792338
0.830000	-0.000004	0.814408
0.850000	-0.000005	0.836420
0.870000	-0.000005	0.858377
0.890000	-0.000005	0.880284
0.910000	-0.000005	0.902144
0.930000	-0.000005	0.923960
0.950000	-0.000005	0.945734
0.970000	-0.000005	0.967469
0.990000	-0.000005	0.989168
1.010000	-0.000005	1.010832
