time = 13.4499	Re = 1	40	80
0.200553	0.005372	0.200625	0.910310
0.199981	0.022564	0.201250	0.995885
0.197955	0.039592	0.201875	1.080928
0.194480	0.056424	0.202500	1.165906
0.189644	0.072765	0.203125	1.249900
0.183439	0.088680	0.203750	1.333832
0.175951	0.103974	0.204375	1.417249
0.167193	0.118624	0.205000	1.500605
0.157401	0.132313	0.205625	1.582547
0.146495	0.145184	0.206250	1.664434
0.134613	0.157088	0.206875	1.745825
0.121771	0.168012	0.207500	1.827163
0.108208	0.177784	0.208125	1.907573
0.093868	0.186455	0.208750	1.987934
0.078926	0.193929	0.209375	2.067813
0.063398	0.200202	0.210000	2.147644
0.034879	0.208351	0.211250	2.288456
0.005499	0.212429	0.212500	2.428445
-0.023988	0.212400	0.213750	2.566788
-0.053194	0.208316	0.215000	2.704336
-0.081241	0.200410	0.216250	2.839455
-0.107975	0.188806	0.217500	2.973816
-0.132786	0.173837	0.218750	3.106633
-0.155407	0.155720	0.220000	3.238718
-0.175125	0.135214	0.221250	3.367629
-0.192057	0.112341	0.222500	3.495851
-0.205870	0.087645	0.223750	3.622633
-0.216462	0.061395	0.225000	3.748750
-0.223627	0.034351	0.226250	3.872706
-0.227404	0.006618	0.227500	3.996026
-0.227764	-0.021213	0.228750	4.117991
-0.224743	-0.048895	0.230000	4.239342
-0.219381	-0.073134	0.231250	4.346901
-0.211443	-0.096685	0.232500	4.454000
-0.201109	-0.119140	0.233750	4.559946
-0.188447	-0.140402	0.235000	4.665445
-0.173824	-0.159998	0.236250	4.769126
-0.157234	-0.177999	0.237500	4.872381
-0.138988	-0.194123	0.238750	4.974548
-0.119171	-0.208323	0.240000	5.076304
-0.098444	-0.220251	0.241250	5.175592
-0.076610	-0.230081	0.242500	5.274496
-0.054035	-0.237685	0.243750	5.372379
-0.030796	-0.243057	0.245000	5.469889
-0.007425	-0.246138	0.246250	5.565762
0.016166	-0.246971	0.247500	5.661281
0.039609	-0.245576	0.248750	5.755833
0.062849	-0.241971	0.250000	5.850041
0.083343	-0.237024	0.251250	5.934038
0.103391	-0.230362	0.252500	6.017793
0.122721	-0.222100	0.253750	6.100716
0.141339	-0.212246	0.255000	6.183404
0.158880	-0.201050	0.256250	6.264688
0.175490	-0.188439	0.257500	6.345750
0.190958	-0.174604	0.258750	6.426023
0.205297	-0.159541	0.260000	6.506079
0.218160	-0.143728	0.261250	6.584166
0.229776	-0.126922	0.262500	6.662053
0.240012	-0.109354	0.263750	6.739197
0.248882	-0.091009	0.265000	6.816148
0.256254	-0.072271	0.266250	6.891824
0.262200	-0.052986	0.267500	6.967317
0.266666	-0.033403	0.268750	7.042103
0.269662	-0.013495	0.270000	7.116711
0.271212	0.004566	0.271250	7.183550
0.271549	0.022745	0.272500	7.250282
0.270689	0.040823	0.273750	7.316399
0.268628	0.058858	0.275000	7.382411
0.265446	0.076502	0.276250	7.447313
0.261111	0.093955	0.277500	7.512117
0.255690	0.111015	0.278750	7.576335
0.249162	0.127742	0.280000	7.640459
0.241770	0.143697	0.281250	7.702975
0.233366	0.159206	0.282500	7.765407
0.224061	0.174100	0.283750	7.827285
0.213819	0.188431	0.285000	7.889082
0.202865	0.201953	0.286250	7.949861
0.191070	0.214822	0.287500	8.010566
0.178578	0.226906	0.288750	8.070741
0.165339	0.238250	0.290000	8.130843
0.152882	0.247899	0.291250	8.184895
0.139869	0.256891	0.292500	8.238923
0.126453	0.265139	0.293750	8.292487
0.112560	0.272682	0.295000	8.346029
0.098471	0.279406	0.296250	8.398672
0.083991	0.285398	0.297500	8.451297
0.069281	0.290606	0.298750	8.503477
0.054261	0.295052	0.300000	8.555640
0.039365	0.298667	0.301250	8.606464
0.024244	0.301527	0.302500	8.657279
0.009062	0.303615	0.303750	8.707672
-0.006265	0.304936	0.305000	8.758054
-0.021450	0.305498	0.306250	8.807608
-0.036703	0.305302	0.307500	8.857156
-0.051866	0.304362	0.308750	8.906299
-0.067023	0.302668	0.310000	8.955436
-0.094322	0.297925	0.312500	9.044123
-0.121110	0.290787	0.315000	9.132153
-0.146968	0.281437	0.317500	9.218764
-0.171938	0.269884	0.320000	9.304750
-0.195437	0.256535	0.322500	9.388543
-0.217758	0.241260	0.325000	9.471753
-0.238588	0.224348	0.327500	9.553661
-0.257985	0.205776	0.330000	9.635013
-0.274495	0.187640	0.332500	9.708686
-0.289651	0.168307	0.335000	9.781923
-0.303273	0.148094	0.337500	9.854047
-0.315423	0.126918	0.340000	9.925755
-0.325896	0.105348	0.342500	9.995653
-0.334852	0.083060	0.345000	10.065164
-0.342213	0.060386	0.347500	10.133649
-0.348015	0.037220	0.350000	10.201763
-0.352148	0.015742	0.352500	10.263634
-0.354949	-0.006005	0.355000	10.325224
-0.356423	-0.027721	0.357500	10.385928
-0.356575	-0.049542	0.360000	10.446363
-0.355490	-0.070943	0.362500	10.505284
-0.353137	-0.092299	0.365000	10.563958
-0.349588	-0.113334	0.367500	10.621808
-0.344812	-0.134182	0.370000	10.679421
-0.339579	-0.153108	0.372500	10.731888
-0.333334	-0.171795	0.375000	10.784185
-0.326193	-0.190011	0.377500	10.835767
-0.318089	-0.207892	0.380000	10.887185
-0.309293	-0.225043	0.382500	10.937321
-0.299607	-0.241786	0.385000	10.987307
-0.289189	-0.257926	0.387500	11.036627
-0.277942	-0.273584	0.390000	11.085804
-0.267088	-0.287611	0.392500	11.130687
-0.255559	-0.301188	0.395000	11.175479
-0.243531	-0.314164	0.397500	11.219687
-0.230880	-0.326641	0.400000	11.263807
-0.217972	-0.338370	0.402500	11.306828
-0.204508	-0.349573	0.405000	11.349771
-0.190677	-0.360137	0.407500	11.392168
-0.176344	-0.370139	0.410000	11.434491
-0.162879	-0.378981	0.412500	11.473191
-0.149005	-0.387327	0.415000	11.511856
-0.134918	-0.395099	0.417500	11.550040
-0.120467	-0.402353	0.420000	11.588191
-0.106047	-0.408974	0.422500	11.625390
-0.091312	-0.415075	0.425000	11.662564
-0.076459	-0.420607	0.427500	11.699285
-0.061333	-0.425603	0.430000	11.735981
-0.032983	-0.433748	0.435000	11.803207
-0.004162	-0.439980	0.440000	11.869643
0.024610	-0.444319	0.445000	11.934436
0.053598	-0.446796	0.450000	11.998495
0.080648	-0.447795	0.455000	12.057293
0.107728	-0.447208	0.460000	12.115489
0.134389	-0.445157	0.465000	12.172296
0.160913	-0.441596	0.470000	12.228540
0.185488	-0.437286	0.475000	12.280279
0.209845	-0.431700	0.480000	12.331561
0.233608	-0.425032	0.485000	12.381658
0.257045	-0.417166	0.490000	12.431327
0.278682	-0.409098	0.495000	12.477109
0.299976	-0.400018	0.500000	12.522546
0.320618	-0.390165	0.505000	12.566966
0.340848	-0.379371	0.510000	12.611064
0.359499	-0.368762	0.515000	12.651784
0.377755	-0.357353	0.520000	12.692248
0.395366	-0.345413	0.525000	12.731833
0.412540	-0.332732	0.530000	12.771180
0.428376	-0.320498	0.535000	12.807572
0.443807	-0.307629	0.540000	12.843780
0.458637	-0.294410	0.545000	12.879223
0.473033	-0.280605	0.550000	12.914493
0.486328	-0.267413	0.555000	12.947164
0.499229	-0.253712	0.560000	12.979707
0.511588	-0.239796	0.565000	13.011581
0.523536	-0.225410	0.570000	13.043335
0.534596	-0.211735	0.575000	13.072790
0.545285	-0.197648	0.580000	13.102162
0.555494	-0.183441	0.585000	13.130944
0.565321	-0.168854	0.590000	13.159649
0.574449	-0.155026	0.595000	13.186311
0.583231	-0.140858	0.600000	13.212925
0.591597	-0.126640	0.605000	13.239018
0.599610	-0.112108	0.610000	13.265066
0.607085	-0.098350	0.615000	13.289291
0.614241	-0.084308	0.620000	13.313496
0.621038	-0.070265	0.625000	13.337238
0.627510	-0.055957	0.630000	13.360962
0.639359	-0.028635	0.640000	13.405143
0.649999	-0.000908	0.650000	13.448503
0.659497	0.025763	0.660000	13.488945
0.667922	0.052732	0.670000	13.528686
0.675436	0.078652	0.680000	13.565825
0.681996	0.104793	0.690000	13.602364
0.687839	0.129915	0.700000	13.636574
0.692830	0.155200	0.710000	13.670271
0.697263	0.179510	0.720000	13.701878
0.700933	0.203945	0.730000	13.733044
0.704176	0.227454	0.740000	13.762329
0.706731	0.251059	0.750000	13.791235
0.708969	0.273794	0.760000	13.818442
0.710582	0.296603	0.770000	13.845324
0.711965	0.318600	0.780000	13.870667
0.712779	0.340655	0.790000	13.895732
0.713435	0.361953	0.800000	13.919401
0.713570	0.383299	0.810000	13.942830
0.713604	0.403942	0.820000	13.964989
0.713157	0.424626	0.830000	13.986943
0.712657	0.444657	0.840000	14.007738
0.711711	0.464723	0.850000	14.028358
0.710749	0.484186	0.860000	14.047920
0.709371	0.503680	0.870000	14.067331
0.708007	0.522615	0.880000	14.085774
0.706253	0.541578	0.890000	14.104088
0.704536	0.560026	0.900000	14.121515
0.702452	0.578499	0.910000	14.138832
0.700424	0.596495	0.920000	14.155334
0.698048	0.614515	0.930000	14.171742
0.695742	0.632094	0.940000	14.187401
0.693106	0.649696	0.950000	14.202981
0.690549	0.666890	0.960000	14.217871
0.687677	0.684105	0.970000	14.232695
0.684892	0.700945	0.980000	14.246881
0.681806	0.717803	0.990000	14.261012
