time = 29.6499	Re = 1	40	80
-0.179885	0.088128	0.200312	0.920023
-0.187746	0.070722	0.200625	1.015314
-0.193910	0.052677	0.200937	1.110309
-0.198338	0.034112	0.201250	1.205241
-0.200982	0.015288	0.201562	1.299647
-0.201841	-0.003719	0.201875	1.393991
-0.200910	-0.022694	0.202187	1.488043
-0.198199	-0.041513	0.202500	1.582034
-0.193772	-0.059879	0.202812	1.675277
-0.187648	-0.077769	0.203125	1.768460
-0.179901	-0.094986	0.203437	1.861357
-0.170582	-0.111426	0.203750	1.954195
-0.159827	-0.126873	0.204062	2.046522
-0.147683	-0.141276	0.204375	2.138792
-0.134287	-0.154480	0.204687	2.230781
-0.119720	-0.166409	0.205000	2.322712
-0.104266	-0.176867	0.205312	2.413686
-0.087910	-0.185885	0.205625	2.504606
-0.070831	-0.193373	0.205937	2.595250
-0.053127	-0.199290	0.206250	2.685840
-0.035034	-0.203570	0.206562	2.775935
-0.016612	-0.206207	0.206875	2.865977
0.001944	-0.207178	0.207187	2.955748
0.020530	-0.206482	0.207500	3.045466
0.038862	-0.204146	0.207812	3.134477
0.056931	-0.200187	0.208125	3.223438
0.074551	-0.194649	0.208437	3.312132
0.091628	-0.187566	0.208750	3.400776
0.107948	-0.179037	0.209062	3.488940
0.123469	-0.169095	0.209375	3.577055
0.138035	-0.157845	0.209687	3.664907
0.151570	-0.145349	0.210000	3.752710
0.162745	-0.133212	0.210312	3.831221
0.172946	-0.120219	0.210625	3.909710
0.182085	-0.106489	0.210937	3.987967
0.190132	-0.092068	0.211250	4.066203
0.197003	-0.077127	0.211562	4.143997
0.202699	-0.061679	0.211875	4.221771
0.207173	-0.045859	0.212187	4.299316
0.210411	-0.029720	0.212500	4.376841
0.212384	-0.013491	0.212812	4.453721
0.213106	0.002861	0.213125	4.530583
0.212572	0.019196	0.213437	4.607219
0.210788	0.035463	0.213750	4.683837
0.207780	0.051479	0.214062	4.760026
0.203557	0.067239	0.214375	4.836197
0.198157	0.082611	0.214687	4.912146
0.191598	0.097547	0.215000	4.988078
0.184006	0.111809	0.215312	5.063173
0.175355	0.125478	0.215625	5.138252
0.165719	0.138442	0.215937	5.213115
0.155127	0.150664	0.216250	5.287961
0.143702	0.162016	0.216562	5.362391
0.131448	0.172500	0.216875	5.436806
0.118469	0.182032	0.217187	5.511007
0.104802	0.190585	0.217500	5.585193
0.090639	0.198058	0.217812	5.658768
0.075946	0.204477	0.218125	5.732330
0.060844	0.209793	0.218437	5.805682
0.045373	0.213993	0.218750	5.879020
0.029701	0.217040	0.219062	5.951952
0.013830	0.218939	0.219375	6.024872
-0.002115	0.219677	0.219687	6.097585
-0.018092	0.219255	0.220000	6.170285
-0.033797	0.217705	0.220312	6.241969
-0.049371	0.215030	0.220625	6.313644
-0.064692	0.211254	0.220937	6.385116
-0.079723	0.206387	0.221250	6.456577
-0.094310	0.200488	0.221562	6.527646
-0.108459	0.193559	0.221875	6.598705
-0.122063	0.185655	0.222187	6.669564
-0.135089	0.176797	0.222500	6.740413
-0.147376	0.167110	0.222812	6.810684
-0.158967	0.156571	0.223125	6.880946
-0.169775	0.145261	0.223437	6.951012
-0.179778	0.133206	0.223750	7.021070
-0.188879	0.120535	0.224062	7.090744
-0.197086	0.107244	0.224375	7.160411
-0.204339	0.093434	0.224687	7.229885
-0.210624	0.079136	0.225000	7.299350
-0.215860	0.064578	0.225312	7.368061
-0.220089	0.049675	0.225625	7.436766
-0.223282	0.034539	0.225937	7.505281
-0.225434	0.019199	0.226250	7.573790
-0.226530	0.003812	0.226562	7.641926
-0.226576	-0.011635	0.226875	7.710058
-0.225574	-0.027028	0.227187	7.778001
-0.223526	-0.042337	0.227500	7.845940
-0.220470	-0.057371	0.227812	7.913328
-0.216403	-0.072185	0.228125	7.980713
-0.211357	-0.086672	0.228437	8.047913
-0.205341	-0.100806	0.228750	8.115108
-0.198421	-0.114450	0.229062	8.181941
-0.190595	-0.127619	0.229375	8.248771
-0.181920	-0.140220	0.229687	8.315418
-0.172412	-0.152230	0.230000	8.382062
-0.153374	-0.172233	0.230625	8.502003
-0.132077	-0.189821	0.231250	8.621648
-0.108901	-0.204711	0.231875	8.740647
-0.084118	-0.216750	0.232500	8.859353
-0.058235	-0.225734	0.233125	8.977074
-0.031469	-0.231622	0.233750	9.094509
-0.004273	-0.234336	0.234375	9.211317
0.023063	-0.233866	0.235000	9.327844
0.049928	-0.230274	0.235625	9.443062
0.076211	-0.223620	0.236250	9.558007
0.101494	-0.214030	0.236875	9.672345
0.125526	-0.201617	0.237500	9.786414
0.147873	-0.186647	0.238125	9.899550
0.168395	-0.169247	0.238750	10.012422
0.186786	-0.149704	0.239375	10.124705
0.202879	-0.128219	0.240000	10.236729
0.216333	-0.105358	0.240625	10.347138
0.227193	-0.081146	0.241250	10.457298
0.235314	-0.055956	0.241875	10.566888
0.240635	-0.030020	0.242500	10.676232
0.243095	-0.003805	0.243125	10.784693
0.242706	0.022532	0.243750	10.892915
0.239492	0.048607	0.244375	11.000581
0.233495	0.074195	0.245000	11.108012
0.224883	0.098790	0.245625	11.214260
0.213708	0.122343	0.246250	11.320279
0.200146	0.144529	0.246875	11.425760
0.184320	0.165174	0.247500	11.531015
0.166520	0.183949	0.248125	11.635432
0.146854	0.200775	0.248750	11.739627
0.125603	0.215434	0.249375	11.843300
0.102940	0.227823	0.250000	11.946754
0.081380	0.237044	0.250625	12.040435
0.059038	0.244215	0.251250	12.133947
0.036181	0.249263	0.251875	12.226995
0.012939	0.252168	0.252500	12.319876
-0.010340	0.252914	0.253125	12.412002
-0.033606	0.251515	0.253750	12.503967
-0.056589	0.248001	0.254375	12.595479
-0.079171	0.242398	0.255000	12.686831
-0.100958	0.234844	0.255625	12.777149
-0.121991	0.225349	0.256250	12.867313
-0.142038	0.214032	0.256875	12.957038
-0.161006	0.200956	0.257500	13.046611
-0.178635	0.186328	0.258125	13.135464
-0.194910	0.170181	0.258750	13.224169
-0.209660	0.152703	0.259375	13.312446
-0.222822	0.133978	0.260000	13.400577
-0.234163	0.114425	0.260625	13.487404
-0.243774	0.093947	0.261250	13.574092
-0.251562	0.072766	0.261875	13.660365
-0.257503	0.050976	0.262500	13.746499
-0.261535	0.028882	0.263125	13.831951
-0.263670	0.006506	0.263750	13.917267
-0.263895	-0.015917	0.264375	14.002180
-0.262218	-0.038296	0.265000	14.086959
-0.258699	-0.060261	0.265625	14.170796
-0.253349	-0.081873	0.266250	14.254504
-0.246234	-0.102913	0.266875	14.337820
-0.237386	-0.123306	0.267500	14.421009
-0.226941	-0.142790	0.268125	14.503546
-0.214916	-0.161362	0.268750	14.585959
-0.201439	-0.178844	0.269375	14.667989
-0.186563	-0.195177	0.270000	14.749897
-0.171903	-0.209014	0.270625	14.824454
-0.156237	-0.221736	0.271250	14.898921
-0.139708	-0.233233	0.271875	14.973046
-0.122353	-0.243487	0.272500	15.047084
-0.104396	-0.252386	0.273125	15.120528
-0.085813	-0.259952	0.273750	15.193887
-0.066770	-0.266127	0.274375	15.266912
-0.047305	-0.270901	0.275000	15.339853
-0.027729	-0.274227	0.275625	15.411959
-0.007941	-0.276136	0.276250	15.483985
0.011889	-0.276620	0.276875	15.555685
0.031724	-0.275681	0.277500	15.627306
0.051331	-0.273347	0.278125	15.698359
0.070746	-0.269623	0.278750	15.769336
0.089805	-0.264547	0.279375	15.839994
0.108481	-0.258132	0.280000	15.910577
0.126428	-0.250532	0.280625	15.980086
0.143826	-0.241693	0.281250	16.049524
0.160533	-0.231695	0.281875	16.118653
0.176529	-0.220553	0.282500	16.187712
0.191637	-0.208410	0.283125	16.256229
0.205896	-0.195245	0.283750	16.324677
0.219195	-0.181170	0.284375	16.392824
0.231520	-0.166203	0.285000	16.460904
0.242705	-0.150584	0.285625	16.528215
0.252828	-0.134228	0.286250	16.595462
0.261812	-0.117268	0.286875	16.662415
0.269651	-0.099723	0.287500	16.729305
0.276270	-0.081797	0.288125	16.795675
0.281693	-0.063449	0.288750	16.861984
0.285882	-0.044824	0.289375	16.928005
0.288838	-0.025939	0.290000	16.993965
0.290501	-0.008503	0.290625	17.054266
0.291110	0.009027	0.291250	17.114529
0.290667	0.026525	0.291875	17.174533
0.289173	0.043991	0.292500	17.234500
0.286657	0.061237	0.293125	17.293991
0.283114	0.078329	0.293750	17.353446
0.278575	0.095145	0.294375	17.412648
0.273040	0.111688	0.295000	17.471815
0.266609	0.127725	0.295625	17.530294
0.259240	0.143382	0.296250	17.588739
0.250990	0.158552	0.296875	17.646938
0.241856	0.173239	0.297500	17.705105
0.231948	0.187293	0.298125	17.762814
0.221228	0.200772	0.298750	17.820492
0.209776	0.213587	0.299375	17.877929
0.197588	0.225741	0.300000	17.935335
0.184908	0.237033	0.300625	17.991841
0.171589	0.247606	0.301250	18.048320
0.157725	0.257393	0.301875	18.104564
0.143309	0.266399	0.302500	18.160781
0.128500	0.274541	0.303125	18.216560
0.113235	0.281854	0.303750	18.272313
0.097619	0.288296	0.304375	18.327836
0.081645	0.293869	0.305000	18.383334
0.065542	0.298514	0.305625	18.438194
0.049183	0.302275	0.306250	18.493031
0.032676	0.305130	0.306875	18.547643
0.016011	0.307083	0.307500	18.602233
-0.000639	0.308124	0.308125	18.656401
-0.017349	0.308262	0.308750	18.710546
-0.034008	0.307500	0.309375	18.764473
-0.050628	0.305838	0.310000	18.818377
-0.065819	0.303572	0.310625	18.867836
-0.080907	0.300550	0.311250	18.917289
-0.095799	0.296797	0.311875	18.966544
-0.110515	0.292306	0.312500	19.015794
-0.124909	0.287132	0.313125	19.064654
-0.139059	0.281250	0.313750	19.113510
-0.152879	0.274699	0.314375	19.162171
-0.166389	0.267469	0.315000	19.210829
-0.179407	0.259677	0.315625	19.258909
-0.192059	0.251251	0.316250	19.306986
-0.204269	0.242247	0.316875	19.354874
-0.216056	0.232650	0.317500	19.402759
-0.227308	0.222564	0.318125	19.450269
-0.238088	0.211933	0.318750	19.497777
-0.248333	0.200826	0.319375	19.545099
-0.258058	0.189224	0.320000	19.592419
-0.275606	0.165054	0.321250	19.685529
-0.290835	0.139359	0.322500	19.778278
-0.303584	0.112476	0.323750	19.870308
-0.313813	0.084536	0.325000	19.961984
-0.321406	0.056010	0.326250	20.052590
-0.326392	0.026912	0.327500	20.142854
-0.328741	-0.002402	0.328750	20.232429
-0.328463	-0.031811	0.330000	20.321669
-0.325975	-0.058879	0.331250	20.403819
-0.321276	-0.085662	0.332500	20.485692
-0.314441	-0.111875	0.333750	20.566947
-0.305500	-0.137458	0.335000	20.647930
-0.294627	-0.162045	0.336250	20.727965
-0.281821	-0.185696	0.337500	20.807737
-0.267237	-0.208173	0.338750	20.886916
-0.250915	-0.229438	0.340000	20.965838
-0.233218	-0.249120	0.341250	21.043477
-0.214041	-0.267381	0.342500	21.120869
-0.193592	-0.284053	0.343750	21.197694
-0.171914	-0.299116	0.345000	21.274278
-0.149338	-0.312389	0.346250	21.349983
-0.125812	-0.323925	0.347500	21.425454
-0.101575	-0.333630	0.348750	21.500380
-0.076667	-0.341500	0.350000	21.575078
-0.053138	-0.347207	0.351250	21.644052
-0.029252	-0.351284	0.352500	21.712839
-0.005229	-0.353711	0.353750	21.781136
0.018924	-0.354495	0.355000	21.849250
0.042881	-0.353660	0.356250	21.916578
0.066748	-0.351213	0.357500	21.983728
0.090316	-0.347195	0.358750	22.050407
0.113584	-0.341612	0.360000	22.116913
0.136143	-0.334614	0.361250	22.182330
0.158217	-0.326149	0.362500	22.247581
0.179622	-0.316307	0.363750	22.312380
0.200364	-0.305089	0.365000	22.377017
0.220190	-0.292669	0.366250	22.440922
0.239200	-0.278997	0.367500	22.504669
0.257245	-0.264199	0.368750	22.567981
0.274334	-0.248275	0.370000	22.631139
0.289349	-0.232602	0.371250	22.689613
0.303440	-0.216057	0.372500	22.747964
0.316504	-0.198782	0.373750	22.805922
0.328561	-0.180756	0.375000	22.863761
0.339481	-0.162223	0.376250	22.920939
0.349337	-0.143072	0.377500	22.978001
0.358063	-0.123459	0.378750	23.034684
0.365674	-0.103357	0.380000	23.091253
0.372075	-0.083136	0.381250	23.146888
0.377349	-0.062562	0.382500	23.202415
0.381467	-0.041798	0.383750	23.257577
0.384437	-0.020811	0.385000	23.312634
0.386250	0.000138	0.386250	23.367073
0.386920	0.021184	0.387500	23.421410
0.386456	0.042167	0.388750	23.475396
0.384858	0.063122	0.390000	23.529281
0.382444	0.082543	0.391250	23.579285
0.379055	0.101851	0.392500	23.629213
0.374727	0.120907	0.393750	23.678822
0.369450	0.139755	0.395000	23.728357
0.363312	0.158173	0.396250	23.777330
0.356266	0.176298	0.397500	23.826233
0.348374	0.194003	0.398750	23.874827
0.339615	0.211333	0.400000	23.923351
0.330177	0.228001	0.401250	23.971064
0.319937	0.244227	0.402500	24.018711
0.308975	0.259901	0.403750	24.066061
0.297262	0.275064	0.405000	24.113348
0.284957	0.289549	0.406250	24.160106
0.271964	0.303466	0.407500	24.206803
0.258383	0.316725	0.408750	24.253213
0.244175	0.329361	0.410000	24.299562
0.230459	0.340610	0.411250	24.342658
0.216240	0.351278	0.412500	24.385714
0.201624	0.361299	0.413750	24.428507
0.186559	0.370703	0.415000	24.471260
0.171242	0.379394	0.416250	24.513530
0.155537	0.387446	0.417500	24.555763
0.139557	0.394810	0.418750	24.597741
0.123247	0.401510	0.420000	24.639681
0.106911	0.407457	0.421250	24.680911
0.090306	0.412736	0.422500	24.722106
0.073551	0.417318	0.423750	24.763057
0.056585	0.421216	0.425000	24.803974
0.039616	0.424405	0.426250	24.844436
0.022495	0.426908	0.427500	24.884866
0.005339	0.428717	0.428750	24.925058
-0.011913	0.429835	0.430000	24.965220
-0.028062	0.430336	0.431250	25.002628
-0.044258	0.430229	0.432500	25.040020
-0.060391	0.429525	0.433750	25.077195
-0.076526	0.428216	0.435000	25.114354
-0.092469	0.426337	0.436250	25.151095
-0.108371	0.423865	0.437500	25.187822
-0.124126	0.420825	0.438750	25.224337
-0.139798	0.417201	0.440000	25.260838
-0.155111	0.413088	0.441250	25.296712
-0.170303	0.408415	0.442500	25.332574
-0.185277	0.403220	0.443750	25.368232
-0.200092	0.397477	0.445000	25.403879
-0.214577	0.391274	0.446250	25.439130
-0.228870	0.384545	0.447500	25.474372
-0.242879	0.377341	0.448750	25.509415
-0.256659	0.369629	0.450000	25.544448
-0.281812	0.354031	0.452500	25.609815
-0.305896	0.336827	0.455000	25.674822
-0.328697	0.318220	0.457500	25.739103
-0.350261	0.298190	0.460000	25.803037
-0.370293	0.277109	0.462500	25.865862
-0.388967	0.254812	0.465000	25.928356
-0.406137	0.231537	0.467500	25.990167
-0.421841	0.207244	0.470000	26.051656
-0.435350	0.183647	0.472500	26.109118
-0.447490	0.159303	0.475000	26.166304
-0.458180	0.134450	0.477500	26.222877
-0.467455	0.109020	0.480000	26.279184
-0.475232	0.083429	0.482500	26.334523
-0.481587	0.057434	0.485000	26.389608
-0.486496	0.031272	0.487500	26.444115
-0.489976	0.004867	0.490000	26.498375
-0.492089	-0.020116	0.492500	26.549164
-0.492932	-0.045198	0.495000	26.599743
-0.492528	-0.070158	0.497500	26.649801
-0.490874	-0.095091	0.500000	26.699655
-0.488055	-0.119618	0.502500	26.748660
-0.484034	-0.144001	0.505000	26.797471
-0.478873	-0.168039	0.507500	26.845789
-0.472550	-0.191824	0.510000	26.893919
-0.465689	-0.213986	0.512500	26.939037
-0.457823	-0.235845	0.515000	26.983997
-0.449044	-0.257227	0.517500	27.028511
-0.439307	-0.278224	0.520000	27.072871
-0.428812	-0.298540	0.522500	27.116480
-0.417424	-0.318406	0.525000	27.159943
-0.405258	-0.337672	0.527500	27.202983
-0.392254	-0.356422	0.530000	27.245881
-0.379369	-0.373678	0.532500	27.286149
-0.365773	-0.390430	0.535000	27.326301
-0.351597	-0.406554	0.537500	27.366067
-0.336763	-0.422127	0.540000	27.405720
-0.321536	-0.436945	0.542500	27.444704
-0.305713	-0.451181	0.545000	27.483582
-0.289437	-0.464739	0.547500	27.522093
-0.272618	-0.477681	0.550000	27.560499
-0.256361	-0.489423	0.552500	27.596595
-0.239653	-0.500591	0.555000	27.632607
-0.222643	-0.511113	0.557500	27.668286
-0.205228	-0.521039	0.560000	27.703883
-0.187704	-0.530258	0.562500	27.738882
-0.169828	-0.538872	0.565000	27.773803
-0.151751	-0.546834	0.567500	27.808407
-0.133368	-0.554178	0.570000	27.842936
-0.115802	-0.560666	0.572500	27.875424
-0.097988	-0.566589	0.575000	27.907854
-0.080077	-0.571921	0.577500	27.939994
-0.061957	-0.576681	0.580000	27.972078
-0.043926	-0.580841	0.582500	28.003623
-0.025725	-0.584434	0.585000	28.035115
-0.007504	-0.587452	0.587500	28.066331
0.010850	-0.589900	0.590000	28.097495
0.028277	-0.591825	0.592500	28.126847
0.045805	-0.593234	0.595000	28.156162
0.063288	-0.594139	0.597500	28.185223
0.080840	-0.594529	0.600000	28.214249
0.098180	-0.594447	0.602500	28.242787
0.115560	-0.593861	0.605000	28.271293
0.132842	-0.592798	0.607500	28.299555
0.150137	-0.591235	0.610000	28.327785
0.166497	-0.589436	0.612500	28.354399
0.182855	-0.587187	0.615000	28.380994
0.199080	-0.584528	0.617500	28.407364
0.215280	-0.581425	0.620000	28.433714
0.231198	-0.577974	0.622500	28.459624
0.247072	-0.574091	0.625000	28.485515
0.262777	-0.569828	0.627500	28.511193
0.278416	-0.565141	0.630000	28.536853
0.293176	-0.560450	0.632500	28.561066
0.307867	-0.555376	0.635000	28.585273
0.322375	-0.549982	0.637500	28.609281
0.336797	-0.544213	0.640000	28.633283
0.350911	-0.538208	0.642500	28.656883
0.364926	-0.531840	0.645000	28.680478
0.378735	-0.525182	0.647500	28.703883
0.392429	-0.518169	0.650000	28.727284
0.418134	-0.504172	0.655000	28.771485
0.443194	-0.489059	0.660000	28.815344
0.467384	-0.473051	0.665000	28.858476
0.490862	-0.456020	0.670000	28.901281
0.512709	-0.439038	0.675000	28.941754
0.533859	-0.421183	0.680000	28.981939
0.554133	-0.402692	0.685000	29.021474
0.573670	-0.383410	0.690000	29.060736
0.591777	-0.364452	0.695000	29.097900
0.609179	-0.344821	0.700000	29.134824
0.625742	-0.324763	0.705000	29.171164
0.641578	-0.304102	0.710000	29.207275
0.656195	-0.283960	0.715000	29.241494
0.670127	-0.263305	0.720000	29.275513
0.683281	-0.242389	0.725000	29.309006
0.695737	-0.221019	0.730000	29.342307
0.707182	-0.200297	0.735000	29.373896
0.717977	-0.179191	0.740000	29.405319
0.728064	-0.157950	0.745000	29.436266
0.737497	-0.136372	0.750000	29.467053
0.746110	-0.115522	0.755000	29.496287
0.754116	-0.094388	0.760000	29.525383
0.761488	-0.073215	0.765000	29.554048
0.768256	-0.051797	0.770000	29.582580
0.774374	-0.031148	0.775000	29.609699
0.779932	-0.010293	0.780000	29.636704
0.784929	0.010532	0.785000	29.663316
0.789371	0.031529	0.790000	29.689820
0.793314	0.051745	0.795000	29.715034
0.796744	0.072106	0.800000	29.740155
0.799681	0.092386	0.805000	29.764918
0.802110	0.112783	0.810000	29.789593
0.804172	0.132408	0.815000	29.813087
0.805764	0.152131	0.820000	29.836506
0.806927	0.171736	0.825000	29.859598
0.807626	0.191417	0.830000	29.882618
0.808071	0.210347	0.835000	29.904557
0.808086	0.229341	0.840000	29.926435
0.807729	0.248191	0.845000	29.948014
0.806948	0.267087	0.850000	29.969535
0.806009	0.285262	0.855000	29.990062
0.804676	0.303474	0.860000	30.010543
0.803023	0.321527	0.865000	30.030748
0.800981	0.339601	0.870000	30.050908
0.798863	0.356992	0.875000	30.070153
0.796383	0.374399	0.880000	30.089363
0.793627	0.391639	0.885000	30.108318
0.790516	0.408881	0.890000	30.127239
0.787395	0.425481	0.895000	30.145316
0.783941	0.442081	0.900000	30.163368
0.780252	0.458510	0.905000	30.181184
0.776236	0.474929	0.910000	30.198977
0.772265	0.490746	0.915000	30.215988
0.767987	0.506552	0.920000	30.232983
0.763509	0.522187	0.925000	30.249760
0.758729	0.537801	0.930000	30.266520
0.754039	0.552857	0.935000	30.282558
0.749065	0.567892	0.940000	30.298587
0.743921	0.582758	0.945000	30.314412
0.738498	0.597596	0.950000	30.330228
0.733201	0.611916	0.955000	30.345375
0.727641	0.626210	0.960000	30.360518
0.721936	0.640339	0.965000	30.375472
0.715972	0.654434	0.970000	30.390423
0.704110	0.681637	0.980000	30.419082
0.691518	0.708451	0.990000	30.447393
