time = 7.7499	Re = 1	40	80
0.172147	-0.104244	0.201250	0.922222
0.182584	-0.087574	0.202500	1.019491
0.191316	-0.070087	0.203750	1.115556
0.198352	-0.051784	0.205000	1.211345
0.203561	-0.033198	0.206250	1.305050
0.207017	-0.014143	0.207500	1.398500
0.208689	0.005032	0.208750	1.490822
0.208584	0.024344	0.210000	1.582898
0.207195	0.041190	0.211250	1.662953
0.204447	0.057946	0.212500	1.742899
0.200408	0.074335	0.213750	1.821901
0.195060	0.090424	0.215000	1.900798
0.188601	0.105800	0.216250	1.977944
0.180937	0.120698	0.217500	2.054998
0.172212	0.134887	0.218750	2.131163
0.162385	0.148429	0.220000	2.207240
0.151899	0.160867	0.221250	2.280777
0.140471	0.172552	0.222500	2.354246
0.128293	0.183316	0.223750	2.426887
0.115303	0.193210	0.225000	2.499464
0.101868	0.202020	0.226250	2.570472
0.087771	0.209887	0.227500	2.641427
0.073240	0.216708	0.228750	2.711598
0.058193	0.222516	0.230000	2.781718
0.030957	0.230430	0.232500	2.903968
0.002947	0.234982	0.235000	3.024971
-0.025094	0.236171	0.237500	3.143369
-0.053098	0.234053	0.240000	3.260599
-0.080041	0.228910	0.242500	3.373885
-0.106256	0.220759	0.245000	3.486105
-0.131152	0.209893	0.247500	3.596004
-0.154735	0.196360	0.250000	3.704901
-0.174479	0.182519	0.252500	3.800393
-0.192858	0.166825	0.255000	3.895161
-0.209534	0.149673	0.257500	3.988040
-0.224583	0.131005	0.260000	4.080238
-0.237617	0.111555	0.262500	4.169378
-0.248897	0.090969	0.265000	4.257900
-0.258261	0.069695	0.267500	4.344722
-0.265765	0.047633	0.270000	4.430960
-0.271102	0.027569	0.272500	4.506962
-0.274909	0.007077	0.275000	4.582570
-0.277174	-0.013444	0.277500	4.656773
-0.277909	-0.034158	0.280000	4.730603
-0.277217	-0.054378	0.282500	4.802004
-0.275069	-0.074579	0.285000	4.873071
-0.271560	-0.094400	0.287500	4.942862
-0.266650	-0.114007	0.290000	5.012337
-0.261376	-0.131296	0.292500	5.073813
-0.255004	-0.148316	0.295000	5.135104
-0.247697	-0.164780	0.297500	5.195327
-0.239356	-0.180855	0.300000	5.255377
-0.230359	-0.196064	0.302500	5.313454
-0.220428	-0.210800	0.305000	5.371382
-0.209777	-0.224833	0.307500	5.428333
-0.198272	-0.238303	0.310000	5.485142
-0.187508	-0.249994	0.312500	5.535571
-0.176078	-0.261193	0.315000	5.585952
-0.164217	-0.271733	0.317500	5.635507
-0.151753	-0.281728	0.320000	5.685015
-0.139174	-0.290924	0.322500	5.732896
-0.126069	-0.299552	0.325000	5.780745
-0.112690	-0.307502	0.327500	5.827834
-0.098848	-0.314848	0.330000	5.874894
-0.073239	-0.326896	0.335000	5.958699
-0.046712	-0.336776	0.340000	6.041281
-0.019960	-0.344422	0.345000	6.121217
0.007327	-0.349923	0.350000	6.200041
0.032391	-0.353519	0.355000	6.270474
0.057694	-0.355347	0.360000	6.340058
0.082646	-0.355520	0.365000	6.407511
0.107603	-0.354008	0.370000	6.474187
0.130297	-0.351635	0.375000	6.533965
0.152884	-0.347888	0.380000	6.593161
0.174881	-0.342989	0.385000	6.650618
0.196633	-0.336802	0.390000	6.707544
0.216344	-0.330484	0.395000	6.758725
0.235793	-0.323112	0.400000	6.809523
0.254592	-0.314973	0.405000	6.858884
0.273046	-0.305852	0.410000	6.907892
0.289777	-0.297076	0.415000	6.952066
0.306190	-0.287484	0.420000	6.996000
0.321981	-0.277405	0.425000	7.038735
0.337403	-0.266569	0.430000	7.081249
0.351429	-0.256364	0.435000	7.119655
0.365130	-0.245520	0.440000	7.157927
0.378273	-0.234381	0.445000	7.195187
0.391060	-0.222648	0.450000	7.232326
0.402747	-0.211706	0.455000	7.265940
0.414126	-0.200250	0.460000	7.299500
0.425021	-0.188631	0.465000	7.332200
0.435587	-0.176534	0.470000	7.364851
0.454744	-0.153648	0.480000	7.424064
0.472496	-0.129796	0.490000	7.481811
0.488424	-0.106965	0.500000	7.534304
0.503133	-0.083409	0.510000	7.585615
0.516414	-0.060960	0.520000	7.632399
0.528639	-0.037953	0.530000	7.678230
0.539761	-0.016071	0.540000	7.720134
0.549964	0.006252	0.550000	7.761268
0.559326	0.027473	0.560000	7.798979
0.567885	0.049055	0.570000	7.836067
0.575811	0.069580	0.580000	7.870155
0.583032	0.090408	0.590000	7.903740
0.589786	0.110239	0.600000	7.934682
0.595914	0.130333	0.610000	7.965220
0.601707	0.149494	0.620000	7.993419
0.606940	0.168888	0.630000	8.021296
0.611944	0.187416	0.640000	8.047094
0.616441	0.206155	0.650000	8.072636
0.620791	0.224094	0.660000	8.096323
0.624681	0.242226	0.670000	8.119810
0.628488	0.259620	0.680000	8.141636
0.631873	0.277195	0.690000	8.163307
0.635225	0.294090	0.700000	8.183487
0.638187	0.311156	0.710000	8.203548
0.641156	0.327596	0.720000	8.222266
0.643760	0.344199	0.730000	8.240897
0.646403	0.360226	0.740000	8.258314
0.648704	0.376409	0.750000	8.275669
0.651066	0.392063	0.760000	8.291925
0.653105	0.407865	0.770000	8.308141
0.655223	0.423181	0.780000	8.323358
0.657034	0.438641	0.790000	8.338553
0.658938	0.453653	0.800000	8.352839
0.660549	0.468802	0.810000	8.367117
0.663692	0.498411	0.830000	8.394020
0.666499	0.527522	0.850000	8.419425
0.668997	0.556186	0.870000	8.443480
0.671208	0.584448	0.890000	8.466313
0.673147	0.612351	0.910000	8.488040
0.674824	0.639931	0.930000	8.508765
0.676249	0.667223	0.950000	8.528580
0.677426	0.694257	0.970000	8.547568
0.678358	0.721062	0.990000	8.565804
