time = 16.3499	Re = 1	40	80
-0.192409	-0.056825	0.200625	0.929107
-0.186029	-0.076778	0.201250	1.033362
-0.177640	-0.095903	0.201875	1.136971
-0.167306	-0.114083	0.202500	1.240398
-0.155255	-0.130980	0.203125	1.342729
-0.141523	-0.146579	0.203750	1.444884
-0.126323	-0.160660	0.204375	1.546414
-0.109753	-0.173145	0.205000	1.647772
-0.092230	-0.183780	0.205625	1.747607
-0.073708	-0.192630	0.206250	1.847278
-0.054459	-0.199578	0.206875	1.946346
-0.034590	-0.204597	0.207500	2.045254
-0.014475	-0.207621	0.208125	2.143129
0.005869	-0.208667	0.208750	2.240850
0.026156	-0.207735	0.209375	2.337986
0.046287	-0.204835	0.210000	2.434971
0.063880	-0.200704	0.210625	2.520876
0.081088	-0.195067	0.211250	2.606695
0.097703	-0.188003	0.211875	2.692006
0.113686	-0.179532	0.212500	2.777232
0.128778	-0.169819	0.213125	2.861540
0.143026	-0.158848	0.213750	2.945766
0.156266	-0.146757	0.214375	3.029500
0.168472	-0.133575	0.215000	3.113154
0.179407	-0.119612	0.215625	3.195498
0.189177	-0.104767	0.216250	3.277768
0.197674	-0.089218	0.216875	3.359563
0.204886	-0.072994	0.217500	3.441285
0.210716	-0.056369	0.218125	3.522139
0.215192	-0.039293	0.218750	3.602924
0.218273	-0.021962	0.219375	3.683248
0.219956	-0.004405	0.220000	3.763504
0.220247	0.012910	0.220625	3.842077
0.219175	0.030230	0.221250	3.920589
0.216761	0.047364	0.221875	3.998658
0.213009	0.064293	0.222500	4.076668
0.207999	0.080754	0.223125	4.153860
0.201721	0.096813	0.223750	4.230995
0.194250	0.112299	0.224375	4.307701
0.185596	0.127197	0.225000	4.384351
0.175964	0.141220	0.225625	4.459823
0.165280	0.154505	0.226250	4.535245
0.153660	0.166915	0.226875	4.610251
0.141117	0.178444	0.227500	4.685208
0.127854	0.188930	0.228125	4.759390
0.113820	0.198423	0.228750	4.833525
0.099165	0.206831	0.229375	4.907255
0.083897	0.214152	0.230000	4.980940
0.069868	0.219787	0.230625	5.046538
0.055461	0.224501	0.231250	5.112134
0.040817	0.228254	0.231875	5.177375
0.025919	0.231051	0.232500	5.242612
0.010994	0.232866	0.233125	5.307151
-0.004058	0.233715	0.233750	5.371689
-0.019093	0.233596	0.234375	5.435881
-0.034129	0.232508	0.235000	5.500072
-0.063486	0.227560	0.236250	5.626395
-0.091990	0.218962	0.237500	5.752054
-0.119058	0.206946	0.238750	5.876390
-0.144433	0.191674	0.240000	6.000084
-0.167380	0.173740	0.241250	6.121083
-0.188004	0.153169	0.242500	6.241474
-0.205934	0.130404	0.243750	6.360623
-0.221040	0.105670	0.245000	6.479183
-0.233024	0.079616	0.246250	6.595892
-0.241902	0.052341	0.247500	6.712036
-0.247554	0.024367	0.248750	6.827006
-0.249967	-0.004076	0.250000	6.941428
-0.249480	-0.029772	0.251250	7.043898
-0.246369	-0.055305	0.252500	7.145943
-0.240720	-0.080268	0.253750	7.246977
-0.232580	-0.104555	0.255000	7.347598
-0.222185	-0.127663	0.256250	7.446640
-0.209549	-0.149651	0.257500	7.545287
-0.194896	-0.170198	0.258750	7.642975
-0.178296	-0.189237	0.260000	7.740280
-0.160274	-0.206310	0.261250	7.835449
-0.140693	-0.221611	0.262500	7.930257
-0.119862	-0.234941	0.263750	8.024160
-0.097852	-0.246272	0.265000	8.117713
-0.075135	-0.255429	0.266250	8.209835
-0.051648	-0.262467	0.267500	8.301620
-0.027732	-0.267315	0.268750	8.392546
-0.003449	-0.269978	0.270000	8.483146
0.018641	-0.270609	0.271250	8.564697
0.040745	-0.269437	0.272500	8.646005
0.062582	-0.266501	0.273750	8.726566
0.084146	-0.261810	0.275000	8.806891
0.105042	-0.255500	0.276250	8.885976
0.125408	-0.247546	0.277500	8.964836
0.145001	-0.238068	0.278750	9.042984
0.163826	-0.227071	0.280000	9.120912
0.181442	-0.214896	0.281250	9.197110
0.198110	-0.201391	0.282500	9.273104
0.213644	-0.186736	0.283750	9.348423
0.228056	-0.170925	0.285000	9.423544
0.241120	-0.154273	0.286250	9.497530
0.252938	-0.136669	0.287500	9.571328
0.263391	-0.118329	0.288750	9.644482
0.272491	-0.099240	0.290000	9.717452
0.279640	-0.081413	0.291250	9.783410
0.285610	-0.063110	0.292500	9.849243
0.290354	-0.044537	0.293750	9.914511
0.293883	-0.025650	0.295000	9.979657
0.296172	-0.006786	0.296250	10.043807
0.297248	0.012232	0.297500	10.107843
0.297116	0.031199	0.298750	10.171338
0.295776	0.050165	0.300000	10.234721
0.293320	0.068666	0.301250	10.296673
0.289712	0.087025	0.302500	10.358523
0.285005	0.105052	0.303750	10.419860
0.279186	0.122801	0.305000	10.481098
0.272387	0.139979	0.306250	10.541418
0.264543	0.156758	0.307500	10.601645
0.255749	0.172972	0.308750	10.661380
0.245975	0.188670	0.310000	10.721024
0.236363	0.202507	0.311250	10.775124
0.225981	0.215844	0.312500	10.829175
0.214945	0.228555	0.313750	10.882791
0.203206	0.240692	0.315000	10.936360
0.190986	0.252068	0.316250	10.989114
0.178142	0.262815	0.317500	11.041825
0.164807	0.272837	0.318750	11.094119
0.150922	0.282174	0.320000	11.146370
0.136860	0.290639	0.321250	11.197420
0.122335	0.298396	0.322500	11.248434
0.107496	0.305383	0.323750	11.299051
0.092273	0.311626	0.325000	11.349633
0.076932	0.317050	0.326250	11.399461
0.061290	0.321714	0.327500	11.449257
0.045497	0.325586	0.328750	11.498672
0.029481	0.328680	0.330000	11.548056
-0.000130	0.332500	0.332500	11.637903
-0.029963	0.333657	0.335000	11.727073
-0.059553	0.332204	0.337500	11.814893
-0.088903	0.328171	0.340000	11.902066
-0.117344	0.321771	0.342500	11.987204
-0.145143	0.312983	0.345000	12.071734
-0.171914	0.301996	0.347500	12.155021
-0.197687	0.288825	0.350000	12.237726
-0.220461	0.275051	0.352500	12.313183
-0.242152	0.259591	0.355000	12.388167
-0.262495	0.242698	0.357500	12.462077
-0.281555	0.224336	0.360000	12.535536
-0.298978	0.204984	0.362500	12.607300
-0.314986	0.184414	0.365000	12.678641
-0.329410	0.162927	0.367500	12.748987
-0.342303	0.140458	0.370000	12.818926
-0.352953	0.119081	0.372500	12.882914
-0.362229	0.097032	0.375000	12.946579
-0.370055	0.074602	0.377500	13.009377
-0.376468	0.051688	0.380000	13.071864
-0.381414	0.028807	0.382500	13.132924
-0.384959	0.005626	0.385000	13.193693
-0.387101	-0.017567	0.387500	13.253656
-0.387851	-0.040887	0.390000	13.313340
-0.387501	-0.062443	0.392500	13.368077
-0.385965	-0.083999	0.395000	13.422599
-0.383299	-0.105300	0.397500	13.476414
-0.379478	-0.126477	0.400000	13.530022
-0.374661	-0.147089	0.402500	13.582412
-0.368753	-0.167470	0.405000	13.634609
-0.361856	-0.187393	0.407500	13.686146
-0.353919	-0.206982	0.410000	13.737498
-0.345856	-0.224811	0.412500	13.784692
-0.336927	-0.242291	0.415000	13.831750
-0.327267	-0.259235	0.417500	13.878225
-0.316791	-0.275759	0.420000	13.924569
-0.305790	-0.291546	0.422500	13.969864
-0.294041	-0.306862	0.425000	14.015039
-0.281706	-0.321556	0.427500	14.059667
-0.268681	-0.335724	0.430000	14.104178
-0.256181	-0.348465	0.432500	14.145161
-0.243114	-0.360722	0.435000	14.186066
-0.229651	-0.372380	0.437500	14.226487
-0.215669	-0.383519	0.440000	14.266833
-0.201521	-0.393949	0.442500	14.306266
-0.186910	-0.403843	0.445000	14.345632
-0.172020	-0.413116	0.447500	14.384542
-0.156718	-0.421829	0.450000	14.423387
-0.142295	-0.429544	0.452500	14.459210
-0.127536	-0.436760	0.455000	14.494999
-0.112621	-0.443421	0.457500	14.530381
-0.097409	-0.449568	0.460000	14.565729
-0.082266	-0.455125	0.462500	14.600279
-0.066868	-0.460167	0.465000	14.634800
-0.051398	-0.464666	0.467500	14.668938
-0.035711	-0.468641	0.470000	14.703049
-0.021045	-0.472031	0.472500	14.734550
-0.006201	-0.474959	0.475000	14.766049
0.008643	-0.477422	0.477500	14.797204
0.023632	-0.479418	0.480000	14.828357
0.053315	-0.482061	0.485000	14.889254
0.083092	-0.482903	0.490000	14.949503
0.110983	-0.482398	0.495000	15.005235
0.138812	-0.480345	0.500000	15.060423
0.166171	-0.476878	0.505000	15.114402
0.193315	-0.471942	0.510000	15.167871
0.218577	-0.466314	0.515000	15.217427
0.243556	-0.459435	0.520000	15.266557
0.267910	-0.451496	0.525000	15.314643
0.291882	-0.442386	0.530000	15.362330
0.314111	-0.433081	0.535000	15.406604
0.335943	-0.422779	0.540000	15.450547
0.357097	-0.411712	0.545000	15.493583
0.377791	-0.399717	0.550000	15.536309
0.396946	-0.387890	0.555000	15.576040
0.415657	-0.375272	0.560000	15.615517
0.433697	-0.362121	0.565000	15.654201
0.451253	-0.348239	0.570000	15.692646
0.467495	-0.334773	0.575000	15.728450
0.483284	-0.320681	0.580000	15.764060
0.498444	-0.306233	0.585000	15.798975
0.513126	-0.291208	0.590000	15.833708
0.526714	-0.276762	0.595000	15.866099
0.539862	-0.261818	0.600000	15.898347
0.552439	-0.246650	0.605000	15.929981
0.564560	-0.231024	0.610000	15.961479
0.575791	-0.216078	0.615000	15.990892
0.586607	-0.200730	0.620000	16.020202
0.596913	-0.185257	0.625000	16.048966
0.606793	-0.169416	0.630000	16.077634
0.615966	-0.154309	0.635000	16.104436
0.624751	-0.138875	0.640000	16.131168
0.633088	-0.123388	0.645000	16.157414
0.641032	-0.107602	0.650000	16.183593
0.648426	-0.092569	0.655000	16.208099
0.655461	-0.077267	0.660000	16.232560
0.662107	-0.061964	0.665000	16.256586
0.668390	-0.046414	0.670000	16.280570
0.674259	-0.031615	0.675000	16.303046
0.679797	-0.016591	0.680000	16.325500
0.684998	-0.001602	0.685000	16.347562
0.689866	0.013594	0.690000	16.369603
0.694433	0.028057	0.695000	16.390280
0.698696	0.042710	0.700000	16.410952
0.702667	0.057304	0.705000	16.431272
0.706332	0.072073	0.710000	16.451587
0.712970	0.100365	0.720000	16.489751
0.718544	0.128820	0.730000	16.527295
0.723321	0.156226	0.740000	16.562617
0.727146	0.183736	0.750000	16.597400
0.730344	0.210233	0.760000	16.630178
0.732687	0.236791	0.770000	16.662487
0.734543	0.262385	0.780000	16.692983
0.735630	0.288009	0.790000	16.723069
0.736346	0.312721	0.800000	16.751511
0.736365	0.337442	0.810000	16.779596
0.736110	0.361306	0.820000	16.806187
0.735220	0.385164	0.830000	16.832465
0.734136	0.408221	0.840000	16.857382
0.732471	0.431261	0.850000	16.882025
0.730676	0.453556	0.860000	16.905426
0.728347	0.475826	0.870000	16.928588
0.725940	0.497404	0.880000	16.950614
0.723041	0.518952	0.890000	16.972430
0.720106	0.539859	0.900000	16.993205
0.716714	0.560733	0.910000	17.013796
0.713320	0.581012	0.920000	17.033431
0.709499	0.601258	0.930000	17.052906
0.705703	0.620953	0.940000	17.071502
0.701508	0.640614	0.950000	17.089958
0.697359	0.659765	0.960000	17.107604
0.692834	0.678882	0.970000	17.125127
0.688371	0.697528	0.980000	17.141905
0.683553	0.716139	0.990000	17.158574
