time = 27.9499	Re = 1	40	80
-0.065262	-0.189383	0.200312	0.914504
-0.048092	-0.194776	0.200625	1.004295
-0.030535	-0.198604	0.200937	1.093806
-0.012689	-0.200850	0.201250	1.183272
0.005213	-0.201495	0.201562	1.272228
0.023120	-0.200547	0.201875	1.361139
0.040844	-0.198019	0.202187	1.449775
0.058294	-0.193928	0.202500	1.538367
0.075202	-0.188355	0.202812	1.626226
0.091572	-0.181313	0.203125	1.714043
0.107239	-0.172877	0.203437	1.801590
0.122125	-0.163094	0.203750	1.889095
0.136044	-0.152097	0.204062	1.976105
0.148969	-0.139919	0.204375	2.063075
0.160771	-0.126687	0.204687	2.149779
0.171394	-0.112468	0.205000	2.236442
0.180669	-0.097529	0.205312	2.322163
0.188639	-0.081834	0.205625	2.407847
0.195230	-0.065541	0.205937	2.493270
0.200412	-0.048726	0.206250	2.578655
0.204131	-0.031603	0.206562	2.663561
0.206387	-0.014207	0.206875	2.748430
0.207161	0.003291	0.207187	2.833043
0.206454	0.020811	0.207500	2.917619
0.204291	0.038093	0.207812	3.001504
0.200685	0.055151	0.208125	3.085354
0.195672	0.071824	0.208437	3.168952
0.189278	0.088037	0.208750	3.252515
0.181589	0.103598	0.209062	3.335613
0.172625	0.118484	0.209375	3.418677
0.162474	0.132556	0.209687	3.501494
0.151182	0.145753	0.210000	3.584277
0.140207	0.156759	0.210312	3.658238
0.128432	0.166938	0.210625	3.732190
0.115957	0.176206	0.210937	3.805924
0.102815	0.184542	0.211250	3.879649
0.089156	0.191859	0.211562	3.952947
0.074979	0.198165	0.211875	4.026238
0.060400	0.203410	0.212187	4.099312
0.045456	0.207581	0.212500	4.172380
0.030358	0.210636	0.212812	4.244816
0.015057	0.212592	0.213125	4.317247
-0.000322	0.213437	0.213437	4.389465
-0.015744	0.213169	0.213750	4.461678
-0.031040	0.211800	0.214062	4.533474
-0.046220	0.209333	0.214375	4.605266
-0.061163	0.205791	0.214687	4.676848
-0.075834	0.201182	0.215000	4.748426
-0.089997	0.195602	0.215312	4.819180
-0.103750	0.189024	0.215625	4.889930
-0.116985	0.181504	0.215937	4.960476
-0.129674	0.173057	0.216250	5.031019
-0.141688	0.163780	0.216562	5.101158
-0.153038	0.153669	0.216875	5.171294
-0.163637	0.142805	0.217187	5.241228
-0.173465	0.131211	0.217500	5.311160
-0.182400	0.119049	0.217812	5.380493
-0.190482	0.106279	0.218125	5.449825
-0.197651	0.093000	0.218437	5.518958
-0.203894	0.079238	0.218750	5.588090
-0.209154	0.065140	0.219062	5.656829
-0.213438	0.050692	0.219375	5.725567
-0.216717	0.036007	0.219687	5.794109
-0.218985	0.021110	0.220000	5.862651
-0.220457	-0.008597	0.220625	5.997729
-0.217922	-0.038233	0.221250	6.132429
-0.211460	-0.067181	0.221875	6.266368
-0.201195	-0.095010	0.222500	6.399934
-0.187412	-0.121085	0.223125	6.532371
-0.170310	-0.145115	0.223750	6.664444
-0.150258	-0.166633	0.224375	6.795779
-0.127562	-0.185345	0.225000	6.926756
-0.102844	-0.200822	0.225625	7.056255
-0.076335	-0.212984	0.226250	7.185404
-0.048560	-0.221617	0.226875	7.313842
-0.019906	-0.226627	0.227500	7.441937
0.008990	-0.227948	0.228125	7.568965
0.037823	-0.225601	0.228750	7.695658
0.066054	-0.219658	0.229375	7.821659
0.093319	-0.210218	0.230000	7.947332
0.116744	-0.198894	0.230625	8.060327
0.138753	-0.184998	0.231250	8.173063
0.159010	-0.168766	0.231875	8.285191
0.177333	-0.150363	0.232500	8.397063
0.193407	-0.130158	0.233125	8.507986
0.207153	-0.108290	0.233750	8.618660
0.218378	-0.085103	0.234375	8.728743
0.226995	-0.060814	0.235000	8.838580
0.232865	-0.035957	0.235625	8.947144
0.236012	-0.010598	0.236250	9.055470
0.236407	0.014885	0.236875	9.163224
0.234060	0.040274	0.237500	9.270744
0.229046	0.065125	0.238125	9.377365
0.221415	0.089313	0.238750	9.483757
0.211293	0.112497	0.239375	9.589592
0.198775	0.134494	0.240000	9.695203
0.184212	0.154810	0.240625	9.799232
0.167612	0.173515	0.241250	9.903045
0.149217	0.190362	0.241875	10.006321
0.129173	0.205233	0.242500	10.109383
0.107836	0.217902	0.243125	10.211595
0.085306	0.228335	0.243750	10.313599
0.061893	0.236407	0.244375	10.415080
0.037771	0.242071	0.245000	10.516357
0.013419	0.245258	0.245625	10.616483
-0.011144	0.245998	0.246250	10.716410
-0.035596	0.244295	0.246875	10.815830
-0.059772	0.240174	0.247500	10.915055
-0.083292	0.233727	0.248125	11.013472
-0.106078	0.224998	0.248750	11.111698
-0.127847	0.214110	0.249375	11.209431
-0.148462	0.201144	0.250000	11.306976
-0.166027	0.187744	0.250625	11.395228
-0.182358	0.172836	0.251250	11.483340
-0.197280	0.156593	0.251875	11.571013
-0.210736	0.139091	0.252500	11.658546
-0.222551	0.120595	0.253125	11.745351
-0.232728	0.101128	0.253750	11.832021
-0.241166	0.080904	0.254375	11.918263
-0.247838	0.060011	0.255000	12.004372
-0.252660	0.038823	0.255625	12.089473
-0.255667	0.017282	0.256250	12.174445
-0.256838	-0.004384	0.256875	12.259003
-0.256175	-0.026091	0.257500	12.343434
-0.253709	-0.047541	0.258125	12.427171
-0.249455	-0.068729	0.258750	12.510784
-0.243466	-0.089440	0.259375	12.593993
-0.235770	-0.109601	0.260000	12.677080
-0.226569	-0.128809	0.260625	12.758889
-0.215819	-0.147220	0.261250	12.840581
-0.203636	-0.164654	0.261875	12.921883
-0.190064	-0.181057	0.262500	13.003070
-0.175301	-0.196226	0.263125	13.083597
-0.159349	-0.210171	0.263750	13.164013
-0.142372	-0.222765	0.264375	13.244048
-0.124426	-0.233973	0.265000	13.323973
-0.105821	-0.243636	0.265625	13.402978
-0.086492	-0.251810	0.266250	13.481877
-0.066627	-0.258424	0.266875	13.560407
-0.046285	-0.263465	0.267500	13.638832
-0.025729	-0.266888	0.268125	13.716627
-0.004948	-0.268704	0.268750	13.794320
0.015862	-0.268908	0.269375	13.871652
0.036647	-0.267501	0.270000	13.948884
0.055457	-0.264882	0.270625	14.019118
0.074062	-0.260943	0.271250	14.089284
0.092303	-0.255727	0.271875	14.159126
0.110160	-0.249241	0.272500	14.228901
0.127422	-0.241580	0.273125	14.298102
0.144135	-0.232732	0.273750	14.367237
0.160163	-0.222777	0.274375	14.436057
0.175488	-0.211728	0.275000	14.504813
0.189888	-0.199779	0.275625	14.572752
0.203461	-0.186863	0.276250	14.640630
0.216101	-0.173089	0.276875	14.708201
0.227799	-0.158474	0.277500	14.775712
0.238428	-0.143198	0.278125	14.842673
0.248024	-0.127223	0.278750	14.909576
0.256515	-0.110682	0.279375	14.976180
0.263896	-0.093589	0.280000	15.042725
0.270057	-0.076288	0.280625	15.108215
0.275078	-0.058596	0.281250	15.173651
0.278928	-0.040654	0.281875	15.238797
0.281605	-0.022474	0.282500	15.303890
0.283093	-0.004267	0.283125	15.368458
0.283403	0.014025	0.283750	15.432976
0.282539	0.032258	0.284375	15.497209
0.280504	0.050424	0.285000	15.561391
0.277350	0.068253	0.285625	15.624823
0.273066	0.085871	0.286250	15.688208
0.267690	0.103146	0.286875	15.751315
0.261226	0.120071	0.287500	15.814375
0.253759	0.136464	0.288125	15.876933
0.245269	0.152380	0.288750	15.939446
0.235825	0.167703	0.289375	16.001688
0.225431	0.182430	0.290000	16.063885
0.215173	0.195354	0.290625	16.120688
0.204178	0.207696	0.291250	16.177468
0.192528	0.219372	0.291875	16.234005
0.180215	0.230388	0.292500	16.290520
0.167381	0.240636	0.293125	16.346573
0.153970	0.250164	0.293750	16.402605
0.140078	0.258911	0.294375	16.458398
0.125693	0.266882	0.295000	16.514171
0.111040	0.273978	0.295625	16.569269
0.095991	0.280267	0.296250	16.624349
0.080652	0.285710	0.296875	16.679197
0.065010	0.290310	0.297500	16.734026
0.049236	0.294031	0.298125	16.788412
0.033255	0.296893	0.298750	16.842781
0.017176	0.298882	0.299375	16.896922
0.000984	0.299998	0.300000	16.951046
-0.015012	0.300250	0.300625	17.004284
-0.031029	0.299648	0.301250	17.057508
-0.046957	0.298200	0.301875	17.110511
-0.062815	0.295906	0.302500	17.163500
-0.078437	0.292801	0.303125	17.216064
-0.093902	0.288871	0.303750	17.268616
-0.109108	0.284147	0.304375	17.320951
-0.124074	0.278623	0.305000	17.373273
-0.138589	0.272396	0.305625	17.424972
-0.152789	0.265414	0.306250	17.476659
-0.166583	0.257726	0.306875	17.528135
-0.179986	0.249322	0.307500	17.579601
-0.192867	0.240298	0.308125	17.630658
-0.205292	0.230611	0.308750	17.681706
-0.217185	0.220326	0.309375	17.732546
-0.228560	0.209428	0.310000	17.783377
-0.248052	0.188007	0.311250	17.876561
-0.265472	0.164866	0.312500	17.969384
-0.280625	0.140316	0.313750	18.061463
-0.293462	0.114476	0.315000	18.153190
-0.303818	0.087799	0.316250	18.243800
-0.311723	0.060291	0.317500	18.334069
-0.317110	0.032297	0.318750	18.423625
-0.319976	0.003927	0.320000	18.512849
-0.320336	-0.024219	0.321250	18.600583
-0.318232	-0.052295	0.322500	18.687998
-0.313716	-0.079975	0.323750	18.774733
-0.306822	-0.107168	0.325000	18.861157
-0.297705	-0.133457	0.326250	18.946551
-0.286378	-0.158883	0.327500	19.031643
-0.272996	-0.183166	0.328750	19.116084
-0.257611	-0.206244	0.330000	19.200230
-0.241807	-0.226398	0.331250	19.277622
-0.224482	-0.245283	0.332500	19.354771
-0.205833	-0.262720	0.333750	19.431339
-0.185893	-0.278691	0.335000	19.507670
-0.164980	-0.292994	0.336250	19.583088
-0.143034	-0.305692	0.337500	19.658276
-0.120288	-0.316674	0.338750	19.732905
-0.096770	-0.325938	0.340000	19.807311
-0.072955	-0.333360	0.341250	19.880466
-0.048645	-0.339028	0.342500	19.953408
-0.024078	-0.342906	0.343750	20.025815
0.000723	-0.344999	0.345000	20.098013
0.025408	-0.345316	0.346250	20.169364
0.050071	-0.343874	0.347500	20.240511
0.074482	-0.340703	0.348750	20.311146
0.098628	-0.335816	0.350000	20.381582
0.120654	-0.329877	0.351250	20.446560
0.142273	-0.322513	0.352500	20.511379
0.163297	-0.313804	0.353750	20.575737
0.183741	-0.303750	0.355000	20.639939
0.203343	-0.292516	0.356250	20.703382
0.222214	-0.280048	0.357500	20.766675
0.240202	-0.266467	0.358750	20.829524
0.257320	-0.251766	0.360000	20.892226
0.273286	-0.236255	0.361250	20.953865
0.288284	-0.219769	0.362500	21.015364
0.302199	-0.202460	0.363750	21.076438
0.315046	-0.184312	0.365000	21.137375
0.326684	-0.165579	0.366250	21.197605
0.337186	-0.146156	0.367500	21.257702
0.346479	-0.126210	0.368750	21.317389
0.354575	-0.105720	0.370000	21.376947
0.361073	-0.086328	0.371250	21.432032
0.366502	-0.066577	0.372500	21.487018
0.370830	-0.046627	0.373750	21.541633
0.374067	-0.026439	0.375000	21.596151
0.376198	-0.006277	0.376250	21.650030
0.377240	0.014002	0.377500	21.703816
0.377199	0.034241	0.378750	21.757244
0.376074	0.054480	0.380000	21.810580
0.373929	0.074355	0.381250	21.863001
0.370739	0.094121	0.382500	21.915337
0.366541	0.113631	0.383750	21.967329
0.361324	0.132927	0.385000	22.019236
0.355181	0.151774	0.386250	22.070545
0.348066	0.170312	0.387500	22.121773
0.340044	0.188404	0.388750	22.172668
0.331097	0.206094	0.390000	22.223484
0.322054	0.222166	0.391250	22.270590
0.312243	0.237824	0.392500	22.317639
0.301746	0.252959	0.393750	22.364387
0.290530	0.267614	0.395000	22.411080
0.278754	0.281621	0.396250	22.457228
0.266318	0.295094	0.397500	22.503324
0.253321	0.307944	0.398750	22.549128
0.239721	0.320209	0.400000	22.594880
0.225791	0.331692	0.401250	22.639838
0.211329	0.342558	0.402500	22.684748
0.196443	0.352738	0.403750	22.729377
0.181086	0.362260	0.405000	22.773960
0.165460	0.371028	0.406250	22.818031
0.149428	0.379114	0.407500	22.862058
0.133109	0.386469	0.408750	22.905812
0.116449	0.393115	0.410000	22.949524
0.100704	0.398729	0.411250	22.990123
0.084704	0.403709	0.412500	23.030696
0.068567	0.408029	0.413750	23.071022
0.052229	0.411700	0.415000	23.111322
0.035901	0.414699	0.416250	23.151155
0.019426	0.417048	0.417500	23.190965
0.002922	0.418740	0.418750	23.230534
-0.013677	0.419777	0.420000	23.270080
-0.030060	0.420176	0.421250	23.308930
-0.046486	0.419935	0.422500	23.347760
-0.062841	0.419064	0.423750	23.386358
-0.079190	0.417557	0.425000	23.424937
-0.095333	0.415452	0.426250	23.463074
-0.111423	0.412724	0.427500	23.501194
-0.127350	0.409400	0.428750	23.539089
-0.143179	0.405462	0.430000	23.576966
-0.157833	0.401329	0.431250	23.612207
-0.172372	0.396666	0.432500	23.647444
-0.186698	0.391514	0.433750	23.682476
-0.200872	0.385844	0.435000	23.717505
-0.214723	0.379747	0.436250	23.752128
-0.228391	0.373154	0.437500	23.786749
-0.241787	0.366116	0.438750	23.821170
-0.254967	0.358597	0.440000	23.855589
-0.280193	0.342488	0.442500	23.923196
-0.304275	0.324718	0.445000	23.990419
-0.326993	0.305502	0.447500	24.056875
-0.348389	0.284824	0.450000	24.122959
-0.367289	0.264300	0.452500	24.184549
-0.384899	0.242647	0.455000	24.245822
-0.401077	0.220099	0.457500	24.306409
-0.415868	0.196605	0.460000	24.366689
-0.429093	0.172584	0.462500	24.425901
-0.440881	0.147812	0.465000	24.484819
-0.451154	0.122540	0.467500	24.543092
-0.459945	0.096700	0.470000	24.601082
-0.466974	0.072049	0.472500	24.655226
-0.472666	0.047033	0.475000	24.709129
-0.476998	0.021888	0.477500	24.762453
-0.479987	-0.003474	0.480000	24.815544
-0.481649	-0.028641	0.482500	24.867702
-0.481997	-0.053884	0.485000	24.919638
-0.481060	-0.078977	0.487500	24.971028
-0.478833	-0.104012	0.490000	25.022203
-0.475724	-0.127446	0.492500	25.070061
-0.471491	-0.150736	0.495000	25.117738
-0.466199	-0.173680	0.497500	25.164923
-0.459821	-0.196378	0.500000	25.211934
-0.452515	-0.218487	0.502500	25.258123
-0.444183	-0.240264	0.505000	25.304147
-0.434922	-0.261532	0.507500	25.349704
-0.424687	-0.282384	0.510000	25.395101
-0.414322	-0.301650	0.512500	25.437616
-0.403126	-0.320490	0.515000	25.479999
-0.391217	-0.338755	0.517500	25.521961
-0.378528	-0.356534	0.520000	25.563793
-0.365305	-0.373575	0.522500	25.604899
-0.351365	-0.390087	0.525000	25.645882
-0.336845	-0.405945	0.527500	25.686466
-0.321665	-0.421226	0.530000	25.726931
-0.306893	-0.435170	0.532500	25.764878
-0.291568	-0.448568	0.535000	25.802730
-0.275834	-0.461326	0.537500	25.840219
-0.259595	-0.473509	0.540000	25.877615
-0.243143	-0.484961	0.542500	25.914364
-0.226242	-0.495822	0.545000	25.951025
-0.209045	-0.506020	0.547500	25.987341
-0.191448	-0.515604	0.550000	26.023573
-0.174592	-0.524189	0.552500	26.057590
-0.157406	-0.532211	0.555000	26.091542
-0.140046	-0.539623	0.557500	26.125180
-0.122400	-0.546460	0.560000	26.158753
-0.104773	-0.552656	0.562500	26.191747
-0.086902	-0.558277	0.565000	26.224681
-0.068944	-0.563296	0.567500	26.257315
-0.050784	-0.567733	0.570000	26.289891
-0.033525	-0.571517	0.572500	26.320511
-0.016107	-0.574774	0.575000	26.351088
0.001321	-0.577498	0.577500	26.381392
0.018876	-0.579693	0.580000	26.411654
0.036261	-0.581370	0.582500	26.441394
0.053741	-0.582526	0.585000	26.471098
0.071168	-0.583173	0.587500	26.500538
0.088658	-0.583301	0.590000	26.529943
0.105204	-0.583085	0.592500	26.557609
0.121791	-0.582402	0.595000	26.585252
0.138282	-0.581278	0.597500	26.612655
0.154789	-0.579690	0.600000	26.640036
0.171039	-0.577713	0.602500	26.666943
0.187283	-0.575283	0.605000	26.693832
0.203387	-0.572442	0.607500	26.720490
0.219462	-0.569154	0.610000	26.747130
0.234628	-0.565779	0.612500	26.772217
0.249757	-0.562002	0.615000	26.797296
0.264726	-0.557876	0.617500	26.822164
0.279640	-0.553355	0.620000	26.847025
0.294256	-0.548562	0.622500	26.871456
0.308801	-0.543385	0.625000	26.895881
0.323159	-0.537889	0.627500	26.920104
0.337428	-0.532017	0.630000	26.944322
0.364226	-0.520158	0.635000	26.989978
0.390453	-0.507096	0.640000	27.035269
0.415857	-0.493040	0.645000	27.079786
0.440611	-0.477873	0.650000	27.123955
0.463681	-0.462628	0.655000	27.165639
0.486105	-0.446433	0.660000	27.207018
0.507680	-0.429519	0.665000	27.247708
0.528558	-0.411736	0.670000	27.288108
0.547944	-0.394185	0.675000	27.326280
0.566661	-0.375893	0.680000	27.364199
0.584552	-0.357105	0.685000	27.401501
0.601742	-0.337648	0.690000	27.438561
0.617650	-0.318642	0.695000	27.473618
0.632897	-0.299066	0.700000	27.508465
0.647370	-0.279171	0.705000	27.542757
0.661166	-0.258765	0.710000	27.576849
0.673886	-0.238960	0.715000	27.609133
0.685974	-0.218721	0.720000	27.641243
0.697354	-0.198299	0.725000	27.672853
0.708093	-0.177493	0.730000	27.704298
0.717953	-0.157381	0.735000	27.734105
0.727219	-0.136942	0.740000	27.763770
0.735847	-0.116424	0.745000	27.792983
0.743880	-0.095619	0.750000	27.822060
0.751209	-0.075562	0.755000	27.849650
0.757988	-0.055261	0.760000	27.877124
0.764201	-0.034958	0.765000	27.904187
0.769864	-0.014445	0.770000	27.931140
0.774982	0.005300	0.775000	27.956739
0.779592	0.025223	0.780000	27.982243
0.783704	0.045093	0.785000	28.007375
0.787312	0.065114	0.790000	28.032416
0.790511	0.084367	0.795000	28.056222
0.793244	0.103749	0.800000	28.079953
0.795542	0.123037	0.805000	28.103343
0.797379	0.142432	0.810000	28.126661
0.798924	0.161075	0.815000	28.148848
0.800043	0.179810	0.820000	28.170977
0.800783	0.198422	0.825000	28.192793
0.801102	0.217107	0.830000	28.214554
0.801229	0.235068	0.835000	28.235277
0.800965	0.253091	0.840000	28.255955
0.800374	0.270974	0.845000	28.276347
0.799397	0.288903	0.850000	28.296695
0.798312	0.306143	0.855000	28.316091
0.796868	0.323422	0.860000	28.335453
0.795142	0.340549	0.865000	28.354552
0.793063	0.357703	0.870000	28.373619
0.790945	0.374207	0.875000	28.391808
0.788497	0.390733	0.880000	28.409974
0.785808	0.407101	0.885000	28.427896
0.782792	0.423481	0.890000	28.445797
0.779797	0.439250	0.895000	28.462888
0.776497	0.455030	0.900000	28.479964
0.772990	0.470650	0.905000	28.496815
0.769183	0.486269	0.910000	28.513653
0.765443	0.501320	0.915000	28.529741
0.761421	0.516371	0.920000	28.545823
0.757222	0.531263	0.925000	28.561695
0.752745	0.546146	0.930000	28.577562
0.748374	0.560501	0.935000	28.592735
0.743740	0.574848	0.940000	28.607907
0.738957	0.589040	0.945000	28.622885
0.733914	0.603216	0.950000	28.637863
0.723859	0.630578	0.960000	28.666536
0.713062	0.657603	0.970000	28.694859
0.702119	0.683688	0.980000	28.722000
0.690504	0.709439	0.990000	28.748823
