time = 23.4999	Re = 1	40	80
-0.164336	0.114538	0.200312	0.900060
-0.172765	0.101993	0.200625	0.975451
-0.180216	0.088871	0.200937	1.050608
-0.186670	0.075206	0.201250	1.125763
-0.192059	0.061162	0.201562	1.200454
-0.196392	0.046732	0.201875	1.275143
-0.199632	0.032042	0.202187	1.349602
-0.201774	0.017130	0.202500	1.424060
-0.202724	-0.012758	0.203125	1.571599
-0.199277	-0.042461	0.203750	1.718687
-0.191552	-0.071254	0.204375	1.864873
-0.179721	-0.098617	0.205000	2.010616
-0.164214	-0.123755	0.205625	2.154565
-0.145266	-0.146413	0.206250	2.298084
-0.123348	-0.166080	0.206875	2.440734
-0.098859	-0.182437	0.207500	2.582962
-0.072469	-0.195101	0.208125	2.723897
-0.044562	-0.203938	0.208750	2.864419
-0.015781	-0.208779	0.209375	3.004102
0.013396	-0.209572	0.210000	3.143379
0.039356	-0.206915	0.210625	3.267505
0.064800	-0.201066	0.211250	3.391318
0.089258	-0.192156	0.211875	3.514399
0.112449	-0.180309	0.212500	3.637172
0.133889	-0.165819	0.213125	3.758807
0.153423	-0.148830	0.213750	3.880143
0.170716	-0.129664	0.214375	4.000769
0.185586	-0.108549	0.215000	4.121102
0.197717	-0.086036	0.215625	4.239911
0.207102	-0.062232	0.216250	4.358436
0.213598	-0.037561	0.216875	4.476276
0.217153	-0.012284	0.217500	4.593837
0.217733	0.013075	0.218125	4.710325
0.215363	0.038344	0.218750	4.826540
0.210105	0.063098	0.219375	4.942091
0.202026	0.087095	0.220000	5.057375
0.191415	0.109707	0.220625	5.170776
0.178309	0.130987	0.221250	5.283921
0.162935	0.150602	0.221875	5.396427
0.145447	0.168378	0.222500	5.508681
0.126210	0.184000	0.223125	5.619925
0.105346	0.197399	0.223750	5.730922
0.083192	0.208382	0.224375	5.841301
0.059950	0.216866	0.225000	5.951437
0.036153	0.222710	0.225625	6.060210
0.011848	0.225940	0.226250	6.168749
-0.012596	0.226525	0.226875	6.276689
-0.036976	0.224475	0.227500	6.384399
-0.060851	0.219859	0.228125	6.491154
-0.084113	0.212724	0.228750	6.597684
-0.106428	0.203190	0.229375	6.703634
-0.127623	0.191344	0.230000	6.809362
-0.145559	0.178887	0.230625	6.904175
-0.162253	0.164774	0.231250	6.998827
-0.177502	0.149195	0.231875	7.092968
-0.191234	0.132235	0.232500	7.186951
-0.203247	0.114184	0.233125	7.280080
-0.213541	0.095075	0.233750	7.373055
-0.222000	0.075150	0.234375	7.465533
-0.228591	0.054507	0.235000	7.557860
-0.233222	0.033564	0.235625	7.649006
-0.235931	0.012263	0.236250	7.740006
-0.236699	-0.009138	0.236875	7.830525
-0.235528	-0.030544	0.237500	7.920902
-0.232462	-0.051625	0.238125	8.010468
-0.227518	-0.072369	0.238750	8.099896
-0.220765	-0.092537	0.239375	8.188856
-0.212239	-0.112048	0.240000	8.277679
-0.202183	-0.130470	0.240625	8.365007
-0.190546	-0.147966	0.241250	8.452206
-0.177468	-0.164343	0.241875	8.538953
-0.163006	-0.179542	0.242500	8.625573
-0.147389	-0.193355	0.243125	8.711426
-0.130626	-0.205793	0.243750	8.797156
-0.112910	-0.216727	0.244375	8.882446
-0.094305	-0.226123	0.245000	8.967613
-0.075169	-0.233840	0.245625	9.051712
-0.055429	-0.239930	0.246250	9.135694
-0.035301	-0.244338	0.246875	9.219250
-0.014852	-0.247054	0.247500	9.302690
0.005624	-0.248061	0.248125	9.385402
0.026137	-0.247373	0.248750	9.468002
0.046473	-0.245006	0.249375	9.550187
0.066569	-0.240974	0.250000	9.632261
0.084424	-0.235978	0.250625	9.706305
0.101886	-0.229664	0.251250	9.780278
0.118794	-0.222101	0.251875	9.853883
0.135125	-0.213301	0.252500	9.927418
0.150669	-0.203399	0.253125	10.000294
0.165474	-0.192373	0.253750	10.073103
0.179406	-0.180333	0.254375	10.145553
0.192450	-0.167296	0.255000	10.217937
0.204401	-0.153507	0.255625	10.289380
0.215353	-0.138877	0.256250	10.360761
0.225215	-0.123543	0.256875	10.431794
0.233977	-0.107523	0.257500	10.502765
0.241540	-0.091033	0.258125	10.573108
0.247935	-0.074024	0.258750	10.643392
0.253112	-0.056652	0.259375	10.713336
0.257068	-0.038933	0.260000	10.783221
0.259757	-0.021253	0.260625	10.851892
0.261228	-0.003402	0.261250	10.920509
0.261475	0.014466	0.261875	10.988798
0.260501	0.032338	0.262500	11.057034
0.258333	0.049989	0.263125	11.124672
0.254971	0.067481	0.263750	11.192259
0.250451	0.084667	0.264375	11.259526
0.244776	0.101537	0.265000	11.326744
0.238064	0.117822	0.265625	11.393102
0.230274	0.133651	0.266250	11.459413
0.221477	0.148896	0.266875	11.525413
0.211677	0.163551	0.267500	11.591367
0.201008	0.177446	0.268125	11.656749
0.189433	0.190635	0.268750	11.722088
0.177055	0.203014	0.269375	11.787122
0.163875	0.214581	0.270000	11.852114
0.151305	0.224376	0.270625	11.911034
0.138152	0.233432	0.271250	11.969938
0.124522	0.241682	0.271875	12.028570
0.110402	0.249134	0.272500	12.087187
0.095971	0.255708	0.273125	12.145280
0.081151	0.261445	0.273750	12.203359
0.066060	0.266304	0.274375	12.261173
0.050681	0.270290	0.275000	12.318972
0.035271	0.273359	0.275625	12.376005
0.019680	0.275548	0.276250	12.433026
0.004025	0.276846	0.276875	12.489789
-0.011711	0.277253	0.277500	12.546540
-0.027341	0.276778	0.278125	12.602790
-0.042952	0.275421	0.278750	12.659030
-0.058428	0.273197	0.279375	12.715018
-0.073786	0.270103	0.280000	12.770995
-0.088712	0.266234	0.280625	12.825964
-0.103433	0.261540	0.281250	12.880926
-0.117843	0.256060	0.281875	12.935644
-0.131961	0.249785	0.282500	12.990355
-0.145628	0.242801	0.283125	13.044588
-0.158924	0.235068	0.283750	13.098815
-0.171755	0.226648	0.284375	13.152803
-0.184138	0.217528	0.285000	13.206786
-0.195889	0.207868	0.285625	13.260063
-0.207132	0.197574	0.286250	13.313336
-0.217789	0.186722	0.286875	13.366376
-0.227877	0.175295	0.287500	13.419413
-0.237289	0.163431	0.288125	13.471991
-0.246083	0.151062	0.288750	13.524567
-0.254199	0.138278	0.289375	13.576916
-0.261650	0.125058	0.290000	13.629262
-0.273538	0.100019	0.291250	13.724575
-0.282996	0.073954	0.292500	13.819513
-0.289928	0.047230	0.293750	13.913638
-0.294324	0.019964	0.295000	14.007396
-0.296159	-0.007345	0.296250	14.099917
-0.295467	-0.034717	0.297500	14.192085
-0.292289	-0.061797	0.298750	14.283477
-0.286654	-0.088485	0.300000	14.374525
-0.278767	-0.114194	0.301250	14.463912
-0.268616	-0.139111	0.302500	14.552970
-0.256353	-0.162932	0.303750	14.641292
-0.242034	-0.185593	0.305000	14.729292
-0.225942	-0.206735	0.306250	14.816157
-0.208070	-0.226413	0.307500	14.902713
-0.188654	-0.244410	0.308750	14.988564
-0.167757	-0.260687	0.310000	15.074112
-0.147474	-0.274095	0.311250	15.152303
-0.126187	-0.285890	0.312500	15.230252
-0.104141	-0.295962	0.313750	15.307576
-0.081362	-0.304311	0.315000	15.384665
-0.058225	-0.310844	0.316250	15.460752
-0.034635	-0.315605	0.317500	15.536613
-0.010849	-0.318565	0.318750	15.611875
0.013115	-0.319731	0.320000	15.686915
0.036753	-0.319141	0.321250	15.760576
0.060308	-0.316811	0.322500	15.834027
0.083539	-0.312786	0.323750	15.906907
0.106439	-0.307076	0.325000	15.979581
0.128672	-0.299804	0.326250	16.051331
0.150350	-0.290948	0.327500	16.122883
0.171264	-0.280616	0.328750	16.193887
0.191414	-0.268814	0.330000	16.264698
0.209243	-0.256795	0.331250	16.329634
0.226280	-0.243626	0.332500	16.394421
0.242374	-0.229442	0.333750	16.458719
0.257546	-0.214231	0.335000	16.522872
0.271598	-0.198239	0.336250	16.586202
0.284628	-0.181364	0.337500	16.649392
0.296530	-0.163772	0.338750	16.712112
0.307322	-0.145440	0.340000	16.774695
0.316831	-0.126766	0.341250	16.836116
0.325188	-0.107514	0.342500	16.897407
0.332332	-0.087861	0.343750	16.958250
0.338276	-0.067779	0.345000	17.018967
0.342968	-0.047561	0.346250	17.078919
0.346444	-0.027065	0.347500	17.138750
0.348690	-0.006474	0.348750	17.198149
0.349710	0.014247	0.350000	17.257430
0.349658	0.033400	0.351250	17.311948
0.348559	0.052561	0.352500	17.366381
0.346435	0.071566	0.353750	17.420426
0.343280	0.090465	0.355000	17.474388
0.339165	0.108999	0.356250	17.527663
0.334058	0.127324	0.357500	17.580859
0.328013	0.145290	0.358750	17.633682
0.321011	0.162947	0.360000	17.686427
0.313237	0.179956	0.361250	17.738178
0.304573	0.196575	0.362500	17.789857
0.295102	0.212671	0.363750	17.841178
0.284795	0.228291	0.365000	17.892430
0.273816	0.243236	0.366250	17.943040
0.262069	0.257636	0.367500	17.993583
0.249658	0.271381	0.368750	18.043781
0.236544	0.284512	0.370000	18.093913
0.223901	0.296133	0.371250	18.140129
0.210700	0.307184	0.372500	18.186306
0.197053	0.317583	0.373750	18.232171
0.182908	0.327368	0.375000	18.277996
0.168474	0.336423	0.376250	18.323241
0.153606	0.344835	0.377500	18.368449
0.138428	0.352547	0.378750	18.413356
0.122879	0.359584	0.380000	18.458227
0.107290	0.365842	0.381250	18.502240
0.091400	0.371419	0.382500	18.546221
0.075336	0.376283	0.383750	18.589914
0.059032	0.380447	0.385000	18.633575
0.042716	0.383881	0.386250	18.676692
0.026226	0.386611	0.387500	18.719780
0.009688	0.388629	0.388750	18.762588
-0.006964	0.389938	0.390000	18.805369
-0.022437	0.390606	0.391250	18.844890
-0.037970	0.390659	0.392500	18.884402
-0.053444	0.390106	0.393750	18.923661
-0.068929	0.388939	0.395000	18.962913
-0.084212	0.387198	0.396250	19.001667
-0.099461	0.384855	0.397500	19.040415
-0.114561	0.381939	0.398750	19.078917
-0.129580	0.378430	0.400000	19.117413
-0.144218	0.374436	0.401250	19.155160
-0.158738	0.369876	0.402500	19.192904
-0.173032	0.364793	0.403750	19.230411
-0.187166	0.359157	0.405000	19.267916
-0.200955	0.353067	0.406250	19.304953
-0.214548	0.346447	0.407500	19.341988
-0.227848	0.339355	0.408750	19.378795
-0.240916	0.331752	0.410000	19.415600
-0.264547	0.316498	0.412500	19.483738
-0.287096	0.299668	0.415000	19.551486
-0.308338	0.281485	0.417500	19.618405
-0.328327	0.261918	0.420000	19.684949
-0.346760	0.241379	0.422500	19.750205
-0.363825	0.219674	0.425000	19.815105
-0.379372	0.197061	0.427500	19.879229
-0.393448	0.173489	0.430000	19.943009
-0.405361	0.150793	0.432500	20.002172
-0.415922	0.127412	0.435000	20.061048
-0.425056	0.103601	0.437500	20.119235
-0.432799	0.079277	0.440000	20.177144
-0.439082	0.054889	0.442500	20.233943
-0.443977	0.030160	0.445000	20.290479
-0.447468	0.005343	0.447500	20.346368
-0.449570	-0.019657	0.450000	20.402003
-0.450442	-0.043103	0.452500	20.453708
-0.450100	-0.066598	0.455000	20.505204
-0.448578	-0.089911	0.457500	20.556122
-0.445866	-0.113151	0.460000	20.606838
-0.442077	-0.135918	0.462500	20.656589
-0.437151	-0.158504	0.465000	20.706148
-0.431166	-0.180698	0.467500	20.755162
-0.424088	-0.202606	0.470000	20.803992
-0.416648	-0.222847	0.472500	20.849449
-0.408276	-0.242767	0.475000	20.894758
-0.399078	-0.262188	0.477500	20.939577
-0.388997	-0.281214	0.480000	20.984253
-0.378261	-0.299540	0.482500	21.028082
-0.366707	-0.317413	0.485000	21.071775
-0.354464	-0.334681	0.487500	21.115007
-0.341457	-0.351436	0.490000	21.158107
-0.328731	-0.366731	0.492500	21.198291
-0.315365	-0.381536	0.495000	21.238373
-0.301502	-0.395731	0.497500	21.278038
-0.287048	-0.409394	0.500000	21.317604
-0.272298	-0.422327	0.502500	21.356424
-0.257015	-0.434705	0.505000	21.395150
-0.241356	-0.446434	0.507500	21.433482
-0.225215	-0.457578	0.510000	21.471724
-0.209761	-0.467607	0.512500	21.507427
-0.193909	-0.477100	0.515000	21.543064
-0.177819	-0.485990	0.517500	21.578344
-0.161373	-0.494326	0.520000	21.613560
-0.144893	-0.502008	0.522500	21.648113
-0.128105	-0.509131	0.525000	21.682605
-0.111172	-0.515652	0.527500	21.716759
-0.093972	-0.521602	0.530000	21.750856
-0.077667	-0.526805	0.532500	21.782728
-0.061146	-0.531494	0.535000	21.814561
-0.044570	-0.535649	0.537500	21.846087
-0.027813	-0.539283	0.540000	21.877576
-0.011192	-0.542384	0.542500	21.908472
0.005576	-0.544971	0.545000	21.939334
0.022332	-0.547044	0.547500	21.969904
0.039202	-0.548601	0.550000	22.000441
0.055111	-0.549744	0.552500	22.029018
0.071107	-0.550426	0.555000	22.057578
0.087041	-0.550663	0.557500	22.085872
0.103035	-0.550439	0.560000	22.114150
0.118793	-0.549813	0.562500	22.141894
0.134589	-0.548736	0.565000	22.169626
0.150276	-0.547242	0.567500	22.197104
0.165975	-0.545300	0.570000	22.224569
0.195502	-0.540744	0.575000	22.276024
0.224747	-0.534685	0.580000	22.327017
0.253373	-0.527283	0.585000	22.377051
0.281588	-0.518467	0.590000	22.426646
0.307980	-0.509090	0.595000	22.473163
0.333915	-0.498498	0.600000	22.519302
0.359112	-0.486892	0.605000	22.564596
0.383766	-0.474155	0.610000	22.609531
0.406737	-0.461291	0.615000	22.651736
0.429162	-0.447460	0.620000	22.693632
0.450812	-0.432889	0.625000	22.734780
0.471862	-0.417428	0.630000	22.775635
0.491418	-0.402161	0.635000	22.814059
0.510395	-0.386131	0.640000	22.852230
0.528613	-0.369585	0.645000	22.889738
0.546218	-0.352343	0.650000	22.927006
0.562539	-0.335522	0.655000	22.962100
0.578281	-0.318106	0.660000	22.996989
0.593310	-0.300347	0.665000	23.031286
0.607741	-0.282048	0.670000	23.065389
0.621094	-0.264324	0.675000	23.097539
0.633890	-0.246136	0.680000	23.129525
0.646033	-0.227740	0.685000	23.160981
0.657609	-0.208926	0.690000	23.192280
0.668301	-0.190784	0.695000	23.221820
0.678468	-0.172281	0.700000	23.251229
0.688048	-0.153672	0.705000	23.280161
0.697098	-0.134739	0.710000	23.308968
0.705439	-0.116534	0.715000	23.336186
0.713293	-0.098047	0.720000	23.363300
0.720625	-0.079529	0.725000	23.389983
0.727467	-0.060762	0.730000	23.416568
0.733756	-0.042744	0.735000	23.441712
0.739594	-0.024507	0.740000	23.466776
0.744973	-0.006295	0.745000	23.491450
0.749902	0.012111	0.750000	23.516048
0.754413	0.029766	0.755000	23.539335
0.758508	0.047592	0.760000	23.562563
0.762203	0.065355	0.765000	23.585435
0.765484	0.083267	0.770000	23.608251
0.768463	0.100445	0.775000	23.629872
0.771060	0.117756	0.780000	23.651449
0.773309	0.134977	0.785000	23.672703
0.775178	0.152313	0.790000	23.693916
0.776842	0.168941	0.795000	23.714037
0.778155	0.185674	0.800000	23.734128
0.779167	0.202297	0.805000	23.753924
0.779830	0.219011	0.810000	23.773692
0.780370	0.235048	0.815000	23.792459
0.780586	0.251169	0.820000	23.811208
0.780542	0.267169	0.825000	23.829686
0.780177	0.283239	0.830000	23.848149
0.779757	0.298670	0.835000	23.865691
0.779038	0.314166	0.840000	23.883226
0.778095	0.329535	0.845000	23.900512
0.776855	0.344959	0.850000	23.917792
0.774101	0.374658	0.860000	23.950658
0.770409	0.404191	0.870000	23.983068
0.766279	0.432685	0.880000	24.013926
0.761305	0.460993	0.890000	24.044376
0.756004	0.488322	0.900000	24.073405
0.749939	0.515453	0.910000	24.102070
0.743639	0.541665	0.920000	24.129431
0.736647	0.567672	0.930000	24.156466
0.729496	0.592820	0.940000	24.182303
0.721713	0.617762	0.950000	24.207848
0.713835	0.641903	0.960000	24.232291
0.705379	0.665839	0.970000	24.256470
0.696877	0.689030	0.980000	24.279636
0.687846	0.712017	0.990000	24.302564
