time = 14.5499	Re = 1	40	80
0.097012	-0.175610	0.200625	0.917440
0.113197	-0.166397	0.201250	1.010100
0.128416	-0.155766	0.201875	1.102186
0.142620	-0.143756	0.202500	1.194162
0.155565	-0.130611	0.203125	1.285111
0.167286	-0.116316	0.203750	1.375955
0.177635	-0.101068	0.204375	1.466243
0.186585	-0.084918	0.205000	1.556427
0.193965	-0.068258	0.205625	1.645156
0.199851	-0.050975	0.206250	1.733788
0.204178	-0.033295	0.206875	1.821885
0.206938	-0.015267	0.207500	1.909887
0.208106	0.002787	0.208125	1.996922
0.207700	0.020910	0.208750	2.083867
0.205734	0.038877	0.209375	2.170293
0.202217	0.056641	0.210000	2.256630
0.197900	0.072101	0.210625	2.332914
0.192401	0.087226	0.211250	2.409167
0.185791	0.101846	0.211875	2.484970
0.178072	0.115959	0.212500	2.560744
0.169391	0.129341	0.213125	2.635654
0.159707	0.142066	0.213750	2.710538
0.149133	0.154000	0.214375	2.784985
0.137670	0.165142	0.215000	2.859405
0.125594	0.175272	0.215625	2.932569
0.112775	0.184515	0.216250	3.005712
0.099358	0.192777	0.216875	3.078432
0.085338	0.200059	0.217500	3.151132
0.070952	0.206263	0.218125	3.223015
0.056119	0.211429	0.218750	3.294881
0.040998	0.215510	0.219375	3.366337
0.025583	0.218507	0.220000	3.437775
0.010310	0.220384	0.220625	3.507579
-0.005099	0.221191	0.221250	3.577372
-0.020482	0.220928	0.221875	3.646772
-0.035851	0.219593	0.222500	3.716161
-0.050966	0.217226	0.223125	3.784780
-0.065923	0.213818	0.223750	3.853391
-0.080571	0.209410	0.224375	3.921619
-0.094922	0.203997	0.225000	3.989840
-0.108685	0.197722	0.225625	4.056929
-0.122032	0.190518	0.226250	4.124014
-0.134833	0.182462	0.226875	4.190729
-0.147101	0.173544	0.227500	4.257440
-0.158658	0.163917	0.228125	4.323421
-0.169583	0.153519	0.228750	4.389401
-0.179774	0.142457	0.229375	4.455020
-0.189243	0.130718	0.230000	4.520637
-0.204261	0.108416	0.231250	4.637162
-0.216598	0.084507	0.232500	4.753129
-0.226057	0.059477	0.233750	4.867848
-0.232598	0.033512	0.235000	4.982028
-0.236138	0.007281	0.236250	5.094297
-0.236723	-0.019199	0.237500	5.206050
-0.234385	-0.045443	0.238750	5.316626
-0.229168	-0.071287	0.240000	5.426703
-0.221341	-0.095966	0.241250	5.534227
-0.210907	-0.119684	0.242500	5.641281
-0.198084	-0.142045	0.243750	5.747230
-0.182959	-0.162945	0.245000	5.852724
-0.165937	-0.181945	0.246250	5.956501
-0.147026	-0.199097	0.247500	6.059843
-0.126561	-0.214147	0.248750	6.162140
-0.104650	-0.227043	0.250000	6.264016
-0.084002	-0.236792	0.251250	6.355019
-0.062520	-0.244637	0.252500	6.445712
-0.040531	-0.250492	0.253750	6.535504
-0.018070	-0.254359	0.255000	6.624995
0.004381	-0.256213	0.256250	6.713015
0.026944	-0.256086	0.257500	6.800747
0.049301	-0.254010	0.258750	6.887625
0.071429	-0.249996	0.260000	6.974224
0.092733	-0.244238	0.261250	7.058790
0.113511	-0.236689	0.262500	7.143096
0.133489	-0.227475	0.263750	7.226597
0.152662	-0.216609	0.265000	7.309845
0.170674	-0.204351	0.266250	7.391759
0.187654	-0.190637	0.267500	7.473432
0.203393	-0.175664	0.268750	7.554340
0.217897	-0.159440	0.270000	7.635014
0.229921	-0.143919	0.271250	7.707433
0.240817	-0.127529	0.272500	7.779694
0.250466	-0.110480	0.273750	7.851290
0.258890	-0.092741	0.275000	7.922731
0.265967	-0.074670	0.276250	7.993013
0.271770	-0.056100	0.277500	8.063148
0.276249	-0.037259	0.278750	8.132650
0.279414	-0.018105	0.280000	8.202011
0.281249	0.000844	0.281250	8.269716
0.281797	0.019922	0.282500	8.337292
0.281070	0.038908	0.283750	8.404268
0.279067	0.057850	0.285000	8.471119
0.275865	0.076405	0.286250	8.536908
0.271436	0.094756	0.287500	8.602579
0.265848	0.112700	0.288750	8.667677
0.259085	0.130288	0.290000	8.732660
0.252097	0.145856	0.291250	8.791228
0.244180	0.161035	0.292500	8.849734
0.235436	0.175667	0.293750	8.907737
0.225825	0.189811	0.295000	8.965681
0.215553	0.203227	0.296250	9.022689
0.204494	0.216075	0.297500	9.079642
0.192779	0.228227	0.298750	9.136114
0.180354	0.239734	0.300000	9.192533
0.167587	0.250332	0.301250	9.247578
0.154209	0.260242	0.302500	9.302579
0.140370	0.269370	0.303750	9.357123
0.126005	0.277755	0.305000	9.411623
0.111387	0.285275	0.306250	9.465260
0.096336	0.292020	0.307500	9.518859
0.081011	0.297932	0.308750	9.572020
0.065341	0.303036	0.310000	9.625142
0.036262	0.310389	0.312500	9.721211
0.006616	0.314930	0.315000	9.816507
-0.023081	0.316660	0.317500	9.910270
-0.052808	0.315612	0.320000	10.003296
-0.081820	0.311948	0.322500	10.094019
-0.110385	0.305680	0.325000	10.184052
-0.138062	0.296976	0.327500	10.272680
-0.164869	0.285864	0.330000	10.360650
-0.188551	0.273870	0.332500	10.440458
-0.211225	0.260017	0.335000	10.519739
-0.232586	0.244561	0.337500	10.597816
-0.252697	0.227474	0.340000	10.675390
-0.271151	0.209244	0.342500	10.751069
-0.288195	0.189654	0.345000	10.826277
-0.303629	0.169014	0.347500	10.900376
-0.317510	0.147266	0.350000	10.974025
-0.328993	0.126568	0.352500	11.041049
-0.339083	0.105109	0.355000	11.107720
-0.347684	0.083198	0.357500	11.173433
-0.354841	0.060728	0.360000	11.238808
-0.360477	0.038247	0.362500	11.302601
-0.364674	0.015409	0.365000	11.366079
-0.367424	-0.007482	0.367500	11.428669
-0.368737	-0.030546	0.370000	11.490958
-0.368882	-0.051791	0.372500	11.547795
-0.367813	-0.073066	0.375000	11.604404
-0.365583	-0.094102	0.377500	11.660240
-0.362170	-0.115035	0.380000	11.715857
-0.357733	-0.135399	0.382500	11.770136
-0.352179	-0.155547	0.385000	11.824212
-0.345612	-0.175238	0.387500	11.877569
-0.337979	-0.194603	0.390000	11.930732
-0.330225	-0.212151	0.392500	11.979352
-0.321590	-0.229357	0.395000	12.027835
-0.312215	-0.246024	0.397500	12.075687
-0.302011	-0.262277	0.400000	12.123406
-0.291282	-0.277779	0.402500	12.169980
-0.279796	-0.292813	0.405000	12.216434
-0.267719	-0.307217	0.407500	12.262298
-0.254944	-0.321097	0.410000	12.308045
-0.242734	-0.333521	0.412500	12.349967
-0.229954	-0.345465	0.415000	12.391816
-0.216782	-0.356808	0.417500	12.433145
-0.203089	-0.367634	0.420000	12.474404
-0.189243	-0.377747	0.422500	12.514674
-0.174935	-0.387328	0.425000	12.554882
-0.160354	-0.396286	0.427500	12.594602
-0.145360	-0.404685	0.430000	12.634263
-0.131293	-0.412090	0.432500	12.670669
-0.116889	-0.419001	0.435000	12.707050
-0.102339	-0.425362	0.437500	12.742998
-0.087493	-0.431213	0.440000	12.778922
-0.072734	-0.436481	0.442500	12.813984
-0.057721	-0.441241	0.445000	12.849027
-0.042645	-0.445463	0.447500	12.883663
-0.027353	-0.449168	0.450000	12.918282
0.001291	-0.454998	0.455000	12.981940
0.030240	-0.459005	0.460000	13.044891
0.059010	-0.461240	0.465000	13.106349
0.087860	-0.461715	0.470000	13.167147
0.114778	-0.460924	0.475000	13.223157
0.141629	-0.458630	0.480000	13.278622
0.167995	-0.454975	0.485000	13.332815
0.194147	-0.449897	0.490000	13.386497
0.218400	-0.444214	0.495000	13.436053
0.242378	-0.437324	0.500000	13.485189
0.265733	-0.429431	0.505000	13.533235
0.288718	-0.420407	0.510000	13.580888
0.309969	-0.411271	0.515000	13.624959
0.330841	-0.401178	0.520000	13.668710
0.351051	-0.390369	0.525000	13.711520
0.370822	-0.378670	0.530000	13.754030
0.389079	-0.367209	0.535000	13.793412
0.406918	-0.354989	0.540000	13.832554
0.424112	-0.342278	0.545000	13.870877
0.440848	-0.328865	0.550000	13.908975
0.456307	-0.315926	0.555000	13.944324
0.471343	-0.302384	0.560000	13.979497
0.485779	-0.288520	0.565000	14.013954
0.499769	-0.274100	0.570000	14.048246
0.512706	-0.260302	0.575000	14.080109
0.525236	-0.246022	0.580000	14.111848
0.537226	-0.231546	0.585000	14.142956
0.548793	-0.216624	0.590000	14.173947
0.559512	-0.202412	0.595000	14.202782
0.569849	-0.187809	0.600000	14.231534
0.579708	-0.173101	0.605000	14.259728
0.589174	-0.158031	0.610000	14.287843
0.597972	-0.143715	0.615000	14.314036
0.606415	-0.129077	0.620000	14.340178
0.614441	-0.114399	0.625000	14.365824
0.622105	-0.099423	0.630000	14.391423
0.629256	-0.085213	0.635000	14.415301
0.636079	-0.070733	0.640000	14.439153
0.642542	-0.056261	0.645000	14.462563
0.648671	-0.041538	0.650000	14.485951
0.654419	-0.027573	0.655000	14.507791
0.659864	-0.013379	0.660000	14.529627
0.664999	0.000776	0.665000	14.551067
0.669829	0.015144	0.670000	14.572504
0.678664	0.042607	0.680000	14.612598
0.686406	0.070331	0.690000	14.652006
0.693246	0.097004	0.700000	14.688925
0.699112	0.123864	0.710000	14.725253
0.704265	0.149702	0.720000	14.759347
0.708547	0.175672	0.730000	14.792933
0.712274	0.200665	0.740000	14.824507
0.715218	0.225751	0.750000	14.855642
0.717736	0.249909	0.760000	14.884962
0.719549	0.274134	0.770000	14.913903
0.721043	0.297485	0.780000	14.941201
0.721896	0.320883	0.790000	14.968170
0.722519	0.343463	0.800000	14.993650
0.722557	0.366076	0.810000	15.018845
0.722436	0.387926	0.820000	15.042685
0.721779	0.409799	0.830000	15.066279
0.721020	0.430964	0.840000	15.088637
0.719768	0.452144	0.850000	15.110783
0.718460	0.472668	0.860000	15.131802
0.716696	0.493201	0.870000	15.152635
0.714913	0.513127	0.880000	15.172437
0.712705	0.533059	0.890000	15.192080
0.710509	0.552428	0.900000	15.210776
0.707914	0.571802	0.910000	15.229335
0.705355	0.590655	0.920000	15.247026
0.702421	0.609512	0.930000	15.264597
0.699541	0.627887	0.940000	15.281371
0.696307	0.646264	0.950000	15.298041
0.693140	0.664196	0.960000	15.313977
0.689638	0.682129	0.970000	15.329824
0.686213	0.699651	0.980000	15.344994
0.682469	0.717172	0.990000	15.360087
